0.5	0
1.5	0
2.5	0
3.5	0
4.5	0
5.5	0
6.5	0
7.5	0
8.5	0
9.5	0
10.5	0
11.5	0
12.5	0
13.5	0
14.5	0
15.5	0
16.5	0
17.5	0
18.5	0
19.5	0
20.5	0
21.5	0
22.5	0
23.5	0
24.5	0
25.5	0
26.5	0
27.5	0
28.5	0
29.5	0
30.5	1
31.5	0
32.5	0
33.5	1
34.5	2
35.5	4
36.5	5
37.5	4
38.5	6
39.5	3
40.5	4
41.5	7
42.5	7
43.5	6
44.5	11
45.5	14
46.5	16
47.5	18
48.5	19
49.5	31
50.5	28
51.5	43
52.5	54
53.5	59
54.5	56
55.5	75
56.5	75
57.5	87
58.5	92
59.5	95
60.5	90
61.5	120
62.5	101
63.5	138
64.5	113
65.5	176
66.5	146
67.5	149
68.5	125
69.5	179
70.5	190
71.5	163
72.5	188
73.5	238
74.5	202
75.5	205
76.5	215
77.5	209
78.5	243
79.5	242
80.5	235
81.5	240
82.5	272
83.5	272
84.5	266
85.5	285
86.5	265
87.5	313
88.5	294
89.5	330
90.5	320
91.5	326
92.5	344
93.5	333
94.5	367
95.5	361
96.5	395
97.5	376
98.5	400
99.5	431
100.5	381
101.5	426
102.5	453
103.5	467
104.5	463
105.5	488
106.5	517
107.5	495
108.5	489
109.5	513
110.5	536
111.5	492
112.5	579
113.5	566
114.5	595
115.5	586
116.5	588
117.5	600
118.5	658
119.5	575
120.5	665
121.5	626
122.5	644
123.5	624
124.5	694
125.5	629
126.5	678
127.5	649
128.5	636
129.5	666
130.5	690
131.5	675
132.5	668
133.5	682
134.5	711
135.5	667
136.5	700
137.5	704
138.5	699
139.5	711
140.5	694
141.5	742
142.5	694
143.5	769
144.5	745
145.5	701
146.5	682
147.5	686
148.5	720
149.5	681
150.5	696
151.5	683
152.5	655
153.5	722
154.5	737
155.5	754
156.5	673
157.5	654
158.5	693
159.5	674
160.5	695
161.5	715
162.5	662
163.5	686
164.5	646
165.5	689
166.5	713
167.5	704
168.5	691
169.5	661
170.5	684
171.5	670
172.5	713
173.5	692
174.5	722
175.5	635
176.5	644
177.5	656
178.5	649
179.5	639
180.5	673
181.5	648
182.5	625
183.5	604
184.5	596
185.5	610
186.5	593
187.5	596
188.5	613
189.5	587
190.5	595
191.5	591
192.5	609
193.5	609
194.5	619
195.5	590
196.5	608
197.5	586
198.5	542
199.5	553
200.5	608
201.5	516
202.5	542
203.5	635
204.5	624
205.5	528
206.5	584
207.5	550
208.5	579
209.5	563
210.5	563
211.5	535
212.5	585
213.5	556
214.5	561
215.5	536
216.5	562
217.5	567
218.5	503
219.5	516
220.5	566
221.5	506
222.5	503
223.5	534
224.5	483
225.5	478
226.5	504
227.5	490
228.5	489
229.5	496
230.5	470
231.5	458
232.5	461
233.5	496
234.5	492
235.5	486
236.5	432
237.5	484
238.5	446
239.5	482
240.5	467
241.5	491
242.5	443
243.5	458
244.5	438
245.5	417
246.5	455
247.5	425
248.5	392
249.5	383
250.5	423
251.5	396
252.5	403
253.5	393
254.5	433
255.5	383
256.5	384
257.5	392
258.5	447
259.5	360
260.5	371
261.5	405
262.5	383
263.5	393
264.5	370
265.5	405
266.5	363
267.5	375
268.5	380
269.5	372
270.5	361
271.5	351
272.5	363
273.5	325
274.5	343
275.5	374
276.5	351
277.5	329
278.5	362
279.5	332
280.5	351
281.5	326
282.5	341
283.5	333
284.5	341
285.5	320
286.5	313
287.5	330
288.5	343
289.5	324
290.5	345
291.5	298
292.5	311
293.5	299
294.5	309
295.5	337
296.5	337
297.5	325
298.5	310
299.5	276
300.5	287
301.5	319
302.5	296
303.5	280
304.5	303
305.5	303
306.5	280
307.5	264
308.5	276
309.5	277
310.5	273
311.5	281
312.5	257
313.5	280
314.5	273
315.5	261
316.5	292
317.5	285
318.5	281
319.5	254
320.5	248
321.5	276
322.5	261
323.5	234
324.5	224
325.5	265
326.5	261
327.5	264
328.5	260
329.5	249
330.5	216
331.5	270
332.5	257
333.5	246
334.5	252
335.5	251
336.5	213
337.5	219
338.5	226
339.5	242
340.5	248
341.5	221
342.5	223
343.5	216
344.5	232
345.5	214
346.5	202
347.5	219
348.5	240
349.5	232
350.5	231
351.5	208
352.5	245
353.5	222
354.5	217
355.5	237
356.5	232
357.5	226
358.5	204
359.5	221
360.5	221
361.5	220
362.5	226
363.5	200
364.5	230
365.5	218
366.5	189
367.5	219
368.5	183
369.5	215
370.5	187
371.5	217
372.5	200
373.5	153
374.5	171
375.5	182
376.5	180
377.5	190
378.5	209
379.5	180
380.5	158
381.5	171
382.5	183
383.5	155
384.5	180
385.5	153
386.5	166
387.5	155
388.5	166
389.5	168
390.5	149
391.5	153
392.5	140
393.5	149
394.5	156
395.5	151
396.5	146
397.5	152
398.5	147
399.5	172
400.5	131
401.5	152
402.5	123
403.5	146
404.5	132
405.5	127
406.5	129
407.5	136
408.5	119
409.5	137
410.5	107
411.5	141
412.5	137
413.5	126
414.5	132
415.5	127
416.5	122
417.5	117
418.5	126
419.5	144
420.5	145
421.5	136
422.5	104
423.5	118
424.5	130
425.5	98
426.5	135
427.5	122
428.5	117
429.5	126
430.5	107
431.5	123
432.5	120
433.5	116
434.5	131
435.5	96
436.5	119
437.5	115
438.5	121
439.5	102
440.5	114
441.5	107
442.5	102
443.5	110
444.5	115
445.5	114
446.5	123
447.5	126
448.5	84
449.5	106
450.5	94
451.5	102
452.5	99
453.5	108
454.5	88
455.5	126
456.5	99
457.5	95
458.5	88
459.5	98
460.5	102
461.5	105
462.5	99
463.5	99
464.5	85
465.5	91
466.5	101
467.5	93
468.5	92
469.5	83
470.5	78
471.5	84
472.5	95
473.5	86
474.5	79
475.5	72
476.5	92
477.5	84
478.5	104
479.5	91
480.5	106
481.5	86
482.5	87
483.5	101
484.5	94
485.5	80
486.5	81
487.5	92
488.5	81
489.5	81
490.5	78
491.5	88
492.5	99
493.5	91
494.5	70
495.5	87
496.5	87
497.5	93
498.5	88
499.5	86
500.5	76
501.5	70
502.5	88
503.5	80
504.5	74
505.5	87
506.5	72
507.5	73
508.5	103
509.5	85
510.5	84
511.5	83
512.5	83
513.5	89
514.5	92
515.5	82
516.5	80
517.5	90
518.5	84
519.5	76
520.5	85
521.5	74
522.5	88
523.5	70
524.5	75
525.5	78
526.5	80
527.5	88
528.5	79
529.5	83
530.5	65
531.5	52
532.5	68
533.5	67
534.5	66
535.5	46
536.5	74
537.5	63
538.5	49
539.5	56
540.5	68
541.5	63
542.5	74
543.5	73
544.5	63
545.5	80
546.5	51
547.5	44
548.5	49
549.5	70
550.5	63
551.5	57
552.5	59
553.5	53
554.5	58
555.5	57
556.5	51
557.5	52
558.5	69
559.5	50
560.5	53
561.5	49
562.5	54
563.5	53
564.5	51
565.5	60
566.5	48
567.5	45
568.5	55
569.5	46
570.5	44
571.5	58
572.5	48
573.5	62
574.5	52
575.5	58
576.5	56
577.5	54
578.5	39
579.5	55
580.5	53
581.5	39
582.5	39
583.5	42
584.5	54
585.5	44
586.5	51
587.5	56
588.5	35
589.5	56
590.5	40
591.5	41
592.5	52
593.5	50
594.5	63
595.5	42
596.5	45
597.5	44
598.5	34
599.5	39
600.5	40
601.5	44
602.5	60
603.5	49
604.5	47
605.5	47
606.5	39
607.5	37
608.5	50
609.5	40
610.5	48
611.5	48
612.5	44
613.5	49
614.5	37
615.5	35
616.5	43
617.5	42
618.5	38
619.5	46
620.5	32
621.5	31
622.5	41
623.5	44
624.5	44
625.5	52
626.5	39
627.5	29
628.5	49
629.5	38
630.5	28
631.5	37
632.5	38
633.5	41
634.5	44
635.5	35
636.5	37
637.5	29
638.5	37
639.5	34
640.5	36
641.5	31
642.5	44
643.5	30
644.5	36
645.5	39
646.5	33
647.5	48
648.5	36
649.5	34
650.5	35
651.5	42
652.5	42
653.5	40
654.5	47
655.5	35
656.5	24
657.5	28
658.5	35
659.5	29
660.5	36
661.5	29
662.5	27
663.5	45
664.5	28
665.5	31
666.5	33
667.5	31
668.5	35
669.5	33
670.5	27
671.5	36
672.5	34
673.5	36
674.5	29
675.5	36
676.5	38
677.5	38
678.5	36
679.5	49
680.5	41
681.5	32
682.5	34
683.5	30
684.5	35
685.5	42
686.5	33
687.5	32
688.5	33
689.5	36
690.5	40
691.5	27
692.5	22
693.5	26
694.5	23
695.5	31
696.5	34
697.5	33
698.5	21
699.5	36
700.5	24
701.5	22
702.5	30
703.5	30
704.5	31
705.5	32
706.5	35
707.5	32
708.5	26
709.5	33
710.5	39
711.5	28
712.5	28
713.5	38
714.5	24
715.5	25
716.5	36
717.5	39
718.5	32
719.5	32
720.5	33
721.5	35
722.5	32
723.5	33
724.5	37
725.5	29
726.5	37
727.5	31
728.5	26
729.5	38
730.5	32
731.5	36
732.5	30
733.5	27
734.5	26
735.5	43
736.5	35
737.5	29
738.5	34
739.5	20
740.5	33
741.5	35
742.5	28
743.5	32
744.5	26
745.5	28
746.5	30
747.5	33
748.5	33
749.5	40
750.5	30
751.5	33
752.5	29
753.5	31
754.5	29
755.5	29
756.5	25
757.5	24
758.5	31
759.5	27
760.5	30
761.5	36
762.5	24
763.5	20
764.5	27
765.5	29
766.5	27
767.5	30
768.5	30
769.5	30
770.5	22
771.5	35
772.5	18
773.5	20
774.5	26
775.5	22
776.5	25
777.5	18
778.5	27
779.5	18
780.5	15
781.5	29
782.5	24
783.5	24
784.5	29
785.5	23
786.5	35
787.5	24
788.5	26
789.5	26
790.5	31
791.5	30
792.5	26
793.5	29
794.5	22
795.5	26
796.5	13
797.5	35
798.5	19
799.5	26
800.5	26
801.5	19
802.5	21
803.5	19
804.5	24
805.5	22
806.5	21
807.5	21
808.5	20
809.5	27
810.5	23
811.5	24
812.5	23
813.5	29
814.5	29
815.5	21
816.5	25
817.5	23
818.5	15
819.5	27
820.5	27
821.5	21
822.5	31
823.5	27
824.5	27
825.5	26
826.5	33
827.5	24
828.5	18
829.5	18
830.5	23
831.5	32
832.5	28
833.5	22
834.5	31
835.5	26
836.5	32
837.5	23
838.5	29
839.5	31
840.5	36
841.5	23
842.5	25
843.5	26
844.5	33
845.5	21
846.5	27
847.5	35
848.5	30
849.5	31
850.5	35
851.5	32
852.5	25
853.5	27
854.5	28
855.5	21
856.5	29
857.5	31
858.5	26
859.5	31
860.5	36
861.5	23
862.5	23
863.5	29
864.5	29
865.5	29
866.5	28
867.5	26
868.5	20
869.5	29
870.5	31
871.5	30
872.5	26
873.5	29
874.5	30
875.5	28
876.5	29
877.5	42
878.5	24
879.5	25
880.5	27
881.5	21
882.5	31
883.5	22
884.5	23
885.5	22
886.5	27
887.5	21
888.5	24
889.5	17
890.5	27
891.5	24
892.5	23
893.5	13
894.5	24
895.5	18
896.5	15
897.5	24
898.5	30
899.5	26
900.5	21
901.5	22
902.5	20
903.5	16
904.5	21
905.5	18
906.5	15
907.5	12
908.5	15
909.5	17
910.5	17
911.5	14
912.5	24
913.5	13
914.5	20
915.5	25
916.5	14
917.5	20
918.5	19
919.5	21
920.5	12
921.5	12
922.5	7
923.5	19
924.5	12
925.5	16
926.5	15
927.5	21
928.5	12
929.5	20
930.5	17
931.5	21
932.5	17
933.5	14
934.5	23
935.5	10
936.5	22
937.5	10
938.5	16
939.5	11
940.5	15
941.5	20
942.5	17
943.5	15
944.5	18
945.5	21
946.5	10
947.5	15
948.5	15
949.5	16
950.5	16
951.5	12
952.5	16
953.5	7
954.5	15
955.5	7
956.5	17
957.5	20
958.5	13
959.5	14
960.5	12
961.5	17
962.5	14
963.5	7
964.5	10
965.5	17
966.5	11
967.5	15
968.5	12
969.5	10
970.5	10
971.5	14
972.5	16
973.5	12
974.5	14
975.5	13
976.5	13
977.5	22
978.5	12
979.5	14
980.5	8
981.5	12
982.5	11
983.5	15
984.5	16
985.5	14
986.5	19
987.5	18
988.5	17
989.5	12
990.5	16
991.5	16
992.5	12
993.5	12
994.5	4
995.5	7
996.5	15
997.5	12
998.5	23
999.5	14
1000.5	9
1001.5	12
1002.5	12
1003.5	12
1004.5	9
1005.5	14
1006.5	20
1007.5	14
1008.5	12
1009.5	16
1010.5	8
1011.5	14
1012.5	18
1013.5	13
1014.5	14
1015.5	10
1016.5	16
1017.5	11
1018.5	13
1019.5	13
1020.5	13
1021.5	10
1022.5	8
1023.5	15
1024.5	7
1025.5	9
1026.5	16
1027.5	13
1028.5	10
1029.5	11
1030.5	9
1031.5	13
1032.5	17
1033.5	16
1034.5	14
1035.5	20
1036.5	13
1037.5	10
1038.5	14
1039.5	16
1040.5	16
1041.5	16
1042.5	11
1043.5	18
1044.5	16
1045.5	15
1046.5	13
1047.5	18
1048.5	19
1049.5	9
1050.5	7
1051.5	11
1052.5	13
1053.5	11
1054.5	16
1055.5	12
1056.5	8
1057.5	12
1058.5	8
1059.5	15
1060.5	17
1061.5	17
1062.5	13
1063.5	11
1064.5	16
1065.5	8
1066.5	17
1067.5	8
1068.5	12
1069.5	14
1070.5	10
1071.5	15
1072.5	14
1073.5	12
1074.5	17
1075.5	7
1076.5	16
1077.5	15
1078.5	8
1079.5	14
1080.5	13
1081.5	20
1082.5	9
1083.5	13
1084.5	11
1085.5	17
1086.5	12
1087.5	10
1088.5	15
1089.5	20
1090.5	8
1091.5	17
1092.5	13
1093.5	14
1094.5	10
1095.5	10
1096.5	15
1097.5	19
1098.5	19
1099.5	10
1100.5	13
1101.5	11
1102.5	8
1103.5	15
1104.5	10
1105.5	5
1106.5	18
1107.5	13
1108.5	10
1109.5	10
1110.5	17
1111.5	11
1112.5	8
1113.5	6
1114.5	14
1115.5	14
1116.5	11
1117.5	8
1118.5	11
1119.5	12
1120.5	13
1121.5	12
1122.5	17
1123.5	13
1124.5	7
1125.5	10
1126.5	5
1127.5	15
1128.5	12
1129.5	11
1130.5	10
1131.5	8
1132.5	7
1133.5	5
1134.5	11
1135.5	9
1136.5	4
1137.5	7
1138.5	10
1139.5	10
1140.5	12
1141.5	10
1142.5	10
1143.5	13
1144.5	12
1145.5	11
1146.5	11
1147.5	8
1148.5	13
1149.5	15
1150.5	8
1151.5	10
1152.5	8
1153.5	5
1154.5	10
1155.5	11
1156.5	12
1157.5	20
1158.5	14
1159.5	9
1160.5	8
1161.5	12
1162.5	9
1163.5	8
1164.5	16
1165.5	12
1166.5	10
1167.5	19
1168.5	10
1169.5	10
1170.5	9
1171.5	9
1172.5	5
1173.5	11
1174.5	14
1175.5	7
1176.5	5
1177.5	7
1178.5	7
1179.5	7
1180.5	11
1181.5	10
1182.5	8
1183.5	10
1184.5	8
1185.5	15
1186.5	12
1187.5	15
1188.5	7
1189.5	7
1190.5	13
1191.5	9
1192.5	5
1193.5	6
1194.5	15
1195.5	11
1196.5	13
1197.5	9
1198.5	9
1199.5	9
1200.5	7
1201.5	15
1202.5	5
1203.5	12
1204.5	15
1205.5	12
1206.5	10
1207.5	7
1208.5	11
1209.5	6
1210.5	8
1211.5	13
1212.5	10
1213.5	7
1214.5	8
1215.5	8
1216.5	9
1217.5	13
1218.5	7
1219.5	7
1220.5	6
1221.5	12
1222.5	11
1223.5	10
1224.5	13
1225.5	9
1226.5	15
1227.5	7
1228.5	10
1229.5	6
1230.5	12
1231.5	8
1232.5	12
1233.5	8
1234.5	11
1235.5	15
1236.5	8
1237.5	8
1238.5	11
1239.5	9
1240.5	7
1241.5	11
1242.5	8
1243.5	10
1244.5	15
1245.5	9
1246.5	8
1247.5	17
1248.5	8
1249.5	12
1250.5	15
1251.5	12
1252.5	12
1253.5	7
1254.5	12
1255.5	8
1256.5	17
1257.5	11
1258.5	10
1259.5	10
1260.5	10
1261.5	14
1262.5	9
1263.5	10
1264.5	13
1265.5	13
1266.5	9
1267.5	14
1268.5	8
1269.5	6
1270.5	8
1271.5	10
1272.5	12
1273.5	18
1274.5	11
1275.5	15
1276.5	10
1277.5	12
1278.5	12
1279.5	17
1280.5	12
1281.5	11
1282.5	16
1283.5	12
1284.5	10
1285.5	13
1286.5	14
1287.5	16
1288.5	15
1289.5	9
1290.5	6
1291.5	8
1292.5	10
1293.5	11
1294.5	15
1295.5	11
1296.5	13
1297.5	11
1298.5	10
1299.5	11
1300.5	15
1301.5	15
1302.5	7
1303.5	10
1304.5	13
1305.5	13
1306.5	15
1307.5	12
1308.5	4
1309.5	8
1310.5	12
1311.5	6
1312.5	7
1313.5	12
1314.5	13
1315.5	14
1316.5	14
1317.5	8
1318.5	14
1319.5	8
1320.5	12
1321.5	16
1322.5	4
1323.5	13
1324.5	7
1325.5	9
1326.5	9
1327.5	5
1328.5	6
1329.5	13
1330.5	6
1331.5	5
1332.5	8
1333.5	6
1334.5	8
1335.5	8
1336.5	9
1337.5	14
1338.5	2
1339.5	11
1340.5	12
1341.5	7
1342.5	13
1343.5	11
1344.5	10
1345.5	12
1346.5	9
1347.5	10
1348.5	10
1349.5	7
1350.5	15
1351.5	17
1352.5	13
1353.5	9
1354.5	6
1355.5	7
1356.5	10
1357.5	6
1358.5	11
1359.5	12
1360.5	16
1361.5	8
1362.5	13
1363.5	12
1364.5	11
1365.5	8
1366.5	10
1367.5	13
1368.5	7
1369.5	7
1370.5	4
1371.5	9
1372.5	12
1373.5	9
1374.5	10
1375.5	10
1376.5	14
1377.5	12
1378.5	12
1379.5	12
1380.5	6
1381.5	11
1382.5	8
1383.5	6
1384.5	8
1385.5	13
1386.5	8
1387.5	9
1388.5	12
1389.5	7
1390.5	9
1391.5	6
1392.5	3
1393.5	4
1394.5	15
1395.5	6
1396.5	5
1397.5	9
1398.5	9
1399.5	10
1400.5	4
1401.5	10
1402.5	9
1403.5	3
1404.5	6
1405.5	13
1406.5	5
1407.5	7
1408.5	9
1409.5	6
1410.5	10
1411.5	7
1412.5	10
1413.5	11
1414.5	5
1415.5	5
1416.5	7
1417.5	15
1418.5	7
1419.5	8
1420.5	6
1421.5	5
1422.5	3
1423.5	6
1424.5	8
1425.5	4
1426.5	6
1427.5	3
1428.5	9
1429.5	3
1430.5	9
1431.5	3
1432.5	8
1433.5	8
1434.5	4
1435.5	7
1436.5	3
1437.5	6
1438.5	4
1439.5	4
1440.5	10
1441.5	6
1442.5	5
1443.5	3
1444.5	7
1445.5	11
1446.5	6
1447.5	3
1448.5	6
1449.5	10
1450.5	10
1451.5	5
1452.5	2
1453.5	4
1454.5	6
1455.5	7
1456.5	6
1457.5	1
1458.5	8
1459.5	17
1460.5	5
1461.5	1
1462.5	6
1463.5	5
1464.5	6
1465.5	5
1466.5	5
1467.5	4
1468.5	9
1469.5	9
1470.5	6
1471.5	14
1472.5	7
1473.5	6
1474.5	4
1475.5	7
1476.5	6
1477.5	5
1478.5	10
1479.5	5
1480.5	6
1481.5	5
1482.5	2
1483.5	4
1484.5	8
1485.5	8
1486.5	7
1487.5	3
1488.5	9
1489.5	7
1490.5	6
1491.5	7
1492.5	9
1493.5	6
1494.5	9
1495.5	3
1496.5	9
1497.5	5
1498.5	4
1499.5	6
1500.5	1
1501.5	7
1502.5	8
1503.5	4
1504.5	2
1505.5	6
1506.5	4
1507.5	7
1508.5	3
1509.5	7
1510.5	4
1511.5	10
1512.5	4
1513.5	5
1514.5	10
1515.5	5
1516.5	7
1517.5	4
1518.5	6
1519.5	4
1520.5	5
1521.5	6
1522.5	4
1523.5	6
1524.5	4
1525.5	6
1526.5	8
1527.5	6
1528.5	6
1529.5	4
1530.5	11
1531.5	5
1532.5	3
1533.5	9
1534.5	8
1535.5	7
1536.5	7
1537.5	4
1538.5	8
1539.5	9
1540.5	7
1541.5	7
1542.5	6
1543.5	6
1544.5	2
1545.5	6
1546.5	6
1547.5	5
1548.5	7
1549.5	9
1550.5	6
1551.5	4
1552.5	11
1553.5	12
1554.5	10
1555.5	7
1556.5	7
1557.5	7
1558.5	6
1559.5	9
1560.5	10
1561.5	4
1562.5	12
1563.5	7
1564.5	7
1565.5	9
1566.5	6
1567.5	6
1568.5	6
1569.5	11
1570.5	9
1571.5	6
1572.5	6
1573.5	7
1574.5	4
1575.5	7
1576.5	6
1577.5	5
1578.5	12
1579.5	11
1580.5	3
1581.5	5
1582.5	4
1583.5	8
1584.5	7
1585.5	7
1586.5	5
1587.5	8
1588.5	6
1589.5	7
1590.5	13
1591.5	5
1592.5	14
1593.5	8
1594.5	8
1595.5	11
1596.5	10
1597.5	2
1598.5	3
1599.5	5
1600.5	8
1601.5	9
1602.5	6
1603.5	7
1604.5	8
1605.5	9
1606.5	7
1607.5	1
1608.5	5
1609.5	3
1610.5	6
1611.5	7
1612.5	10
1613.5	9
1614.5	4
1615.5	10
1616.5	9
1617.5	7
1618.5	5
1619.5	4
1620.5	7
1621.5	8
1622.5	7
1623.5	4
1624.5	10
1625.5	8
1626.5	3
1627.5	2
1628.5	2
1629.5	5
1630.5	5
1631.5	7
1632.5	4
1633.5	7
1634.5	7
1635.5	4
1636.5	7
1637.5	11
1638.5	7
1639.5	6
1640.5	7
1641.5	7
1642.5	6
1643.5	8
1644.5	2
1645.5	4
1646.5	4
1647.5	6
1648.5	6
1649.5	8
1650.5	7
1651.5	4
1652.5	5
1653.5	5
1654.5	3
1655.5	6
1656.5	5
1657.5	10
1658.5	8
1659.5	5
1660.5	5
1661.5	3
1662.5	8
1663.5	3
1664.5	7
1665.5	6
1666.5	4
1667.5	6
1668.5	9
1669.5	7
1670.5	7
1671.5	7
1672.5	6
1673.5	5
1674.5	5
1675.5	5
1676.5	5
1677.5	6
1678.5	4
1679.5	4
1680.5	6
1681.5	4
1682.5	4
1683.5	6
1684.5	8
1685.5	6
1686.5	8
1687.5	13
1688.5	8
1689.5	4
1690.5	9
1691.5	4
1692.5	4
1693.5	2
1694.5	6
1695.5	5
1696.5	4
1697.5	6
1698.5	4
1699.5	5
1700.5	7
1701.5	6
1702.5	1
1703.5	8
1704.5	3
1705.5	11
1706.5	8
1707.5	5
1708.5	6
1709.5	2
1710.5	3
1711.5	4
1712.5	6
1713.5	5
1714.5	3
1715.5	9
1716.5	6
1717.5	4
1718.5	5
1719.5	7
1720.5	2
1721.5	2
1722.5	6
1723.5	7
1724.5	7
1725.5	2
1726.5	5
1727.5	8
1728.5	6
1729.5	10
1730.5	3
1731.5	5
1732.5	2
1733.5	3
1734.5	10
1735.5	4
1736.5	5
1737.5	4
1738.5	6
1739.5	8
1740.5	6
1741.5	4
1742.5	2
1743.5	4
1744.5	7
1745.5	5
1746.5	5
1747.5	4
1748.5	5
1749.5	6
1750.5	5
1751.5	1
1752.5	1
1753.5	3
1754.5	7
1755.5	0
1756.5	2
1757.5	3
1758.5	3
1759.5	2
1760.5	4
1761.5	5
1762.5	4
1763.5	2
1764.5	3
1765.5	4
1766.5	4
1767.5	1
1768.5	1
1769.5	4
1770.5	5
1771.5	3
1772.5	3
1773.5	7
1774.5	1
1775.5	7
1776.5	4
1777.5	4
1778.5	6
1779.5	3
1780.5	1
1781.5	3
1782.5	3
1783.5	2
1784.5	6
1785.5	2
1786.5	2
1787.5	7
1788.5	2
1789.5	6
1790.5	6
1791.5	4
1792.5	4
1793.5	3
1794.5	0
1795.5	4
1796.5	2
1797.5	2
1798.5	2
1799.5	1
1800.5	2
1801.5	6
1802.5	3
1803.5	5
1804.5	2
1805.5	6
1806.5	3
1807.5	3
1808.5	0
1809.5	1
1810.5	6
1811.5	2
1812.5	3
1813.5	3
1814.5	2
1815.5	3
1816.5	1
1817.5	0
1818.5	2
1819.5	2
1820.5	3
1821.5	7
1822.5	1
1823.5	6
1824.5	2
1825.5	3
1826.5	2
1827.5	5
1828.5	2
1829.5	4
1830.5	2
1831.5	2
1832.5	3
1833.5	4
1834.5	0
1835.5	3
1836.5	4
1837.5	5
1838.5	3
1839.5	3
1840.5	3
1841.5	5
1842.5	5
1843.5	4
1844.5	6
1845.5	1
1846.5	2
1847.5	4
1848.5	4
1849.5	3
1850.5	6
1851.5	2
1852.5	3
1853.5	0
1854.5	2
1855.5	0
1856.5	0
1857.5	2
1858.5	1
1859.5	6
1860.5	0
1861.5	2
1862.5	3
1863.5	0
1864.5	7
1865.5	0
1866.5	2
1867.5	4
1868.5	0
1869.5	3
1870.5	3
1871.5	3
1872.5	3
1873.5	2
1874.5	5
1875.5	4
1876.5	5
1877.5	1
1878.5	3
1879.5	1
1880.5	3
1881.5	5
1882.5	1
1883.5	3
1884.5	1
1885.5	4
1886.5	2
1887.5	2
1888.5	3
1889.5	2
1890.5	1
1891.5	3
1892.5	6
1893.5	0
1894.5	2
1895.5	2
1896.5	4
1897.5	1
1898.5	5
1899.5	3
1900.5	1
1901.5	2
1902.5	3
1903.5	4
1904.5	3
1905.5	3
1906.5	2
1907.5	1
1908.5	4
1909.5	4
1910.5	1
1911.5	5
1912.5	5
1913.5	8
1914.5	0
1915.5	2
1916.5	2
1917.5	1
1918.5	2
1919.5	0
1920.5	2
1921.5	4
1922.5	3
1923.5	4
1924.5	2
1925.5	1
1926.5	3
1927.5	2
1928.5	4
1929.5	2
1930.5	4
1931.5	6
1932.5	5
1933.5	2
1934.5	1
1935.5	3
1936.5	2
1937.5	5
1938.5	3
1939.5	6
1940.5	5
1941.5	1
1942.5	3
1943.5	3
1944.5	5
1945.5	5
1946.5	7
1947.5	3
1948.5	3
1949.5	7
1950.5	4
1951.5	3
1952.5	8
1953.5	5
1954.5	4
1955.5	11
1956.5	4
1957.5	5
1958.5	2
1959.5	5
1960.5	5
1961.5	7
1962.5	3
1963.5	3
1964.5	5
1965.5	4
1966.5	3
1967.5	9
1968.5	5
1969.5	3
1970.5	11
1971.5	8
1972.5	6
1973.5	6
1974.5	7
1975.5	6
1976.5	7
1977.5	5
1978.5	11
1979.5	6
1980.5	9
1981.5	9
1982.5	8
1983.5	12
1984.5	8
1985.5	4
1986.5	4
1987.5	12
1988.5	17
1989.5	10
1990.5	14
1991.5	13
1992.5	12
1993.5	11
1994.5	9
1995.5	11
1996.5	10
1997.5	8
1998.5	12
1999.5	8
2000.5	11
2001.5	10
2002.5	10
2003.5	15
2004.5	10
2005.5	7
2006.5	9
2007.5	9
2008.5	10
2009.5	16
2010.5	14
2011.5	8
2012.5	13
2013.5	7
2014.5	9
2015.5	9
2016.5	11
2017.5	12
2018.5	11
2019.5	10
2020.5	6
2021.5	8
2022.5	10
2023.5	7
2024.5	11
2025.5	11
2026.5	8
2027.5	17
2028.5	7
2029.5	6
2030.5	11
2031.5	8
2032.5	13
2033.5	10
2034.5	5
2035.5	6
2036.5	12
2037.5	8
2038.5	8
2039.5	9
2040.5	12
2041.5	7
2042.5	6
2043.5	9
2044.5	10
2045.5	11
2046.5	5
2047.5	7
2048.5	6
2049.5	4
2050.5	7
2051.5	10
2052.5	3
2053.5	14
2054.5	7
2055.5	5
2056.5	4
2057.5	12
2058.5	10
2059.5	11
2060.5	5
2061.5	5
2062.5	3
2063.5	5
2064.5	4
2065.5	5
2066.5	6
2067.5	2
2068.5	6
2069.5	5
2070.5	3
2071.5	4
2072.5	3
2073.5	6
2074.5	0
2075.5	3
2076.5	5
2077.5	3
2078.5	2
2079.5	3
2080.5	3
2081.5	7
2082.5	3
2083.5	2
2084.5	5
2085.5	3
2086.5	9
2087.5	4
2088.5	3
2089.5	2
2090.5	2
2091.5	3
2092.5	1
2093.5	3
2094.5	1
2095.5	3
2096.5	4
2097.5	1
2098.5	1
2099.5	3
2100.5	3
2101.5	0
2102.5	2
2103.5	6
2104.5	4
2105.5	1
2106.5	1
2107.5	2
2108.5	0
2109.5	3
2110.5	1
2111.5	0
2112.5	1
2113.5	0
2114.5	0
2115.5	1
2116.5	2
2117.5	1
2118.5	2
2119.5	0
2120.5	3
2121.5	3
2122.5	0
2123.5	5
2124.5	3
2125.5	1
2126.5	1
2127.5	2
2128.5	1
2129.5	1
2130.5	2
2131.5	1
2132.5	1
2133.5	2
2134.5	3
2135.5	2
2136.5	4
2137.5	2
2138.5	2
2139.5	0
2140.5	3
2141.5	0
2142.5	0
2143.5	0
2144.5	2
2145.5	4
2146.5	2
2147.5	1
2148.5	4
2149.5	1
2150.5	2
2151.5	0
2152.5	3
2153.5	1
2154.5	3
2155.5	2
2156.5	2
2157.5	3
2158.5	2
2159.5	1
2160.5	1
2161.5	2
2162.5	1
2163.5	3
2164.5	1
2165.5	2
2166.5	1
2167.5	1
2168.5	2
2169.5	4
2170.5	4
2171.5	5
2172.5	0
2173.5	4
2174.5	1
2175.5	1
2176.5	1
2177.5	1
2178.5	1
2179.5	3
2180.5	3
2181.5	0
2182.5	2
2183.5	2
2184.5	2
2185.5	1
2186.5	1
2187.5	0
2188.5	6
2189.5	1
2190.5	2
2191.5	1
2192.5	2
2193.5	2
2194.5	0
2195.5	0
2196.5	2
2197.5	0
2198.5	3
2199.5	1
2200.5	3
2201.5	0
2202.5	0
2203.5	2
2204.5	3
2205.5	0
2206.5	1
2207.5	2
2208.5	5
2209.5	2
2210.5	3
2211.5	4
2212.5	0
2213.5	1
2214.5	0
2215.5	0
2216.5	0
2217.5	0
2218.5	2
2219.5	1
2220.5	2
2221.5	1
2222.5	1
2223.5	1
2224.5	0
2225.5	1
2226.5	1
2227.5	0
2228.5	4
2229.5	1
2230.5	3
2231.5	1
2232.5	0
2233.5	3
2234.5	1
2235.5	2
2236.5	1
2237.5	1
2238.5	1
2239.5	1
2240.5	1
2241.5	3
2242.5	1
2243.5	1
2244.5	1
2245.5	0
2246.5	2
2247.5	1
2248.5	0
2249.5	0
2250.5	0
2251.5	0
2252.5	1
2253.5	2
2254.5	1
2255.5	1
2256.5	2
2257.5	0
2258.5	0
2259.5	1
2260.5	0
2261.5	2
2262.5	2
2263.5	0
2264.5	0
2265.5	0
2266.5	1
2267.5	2
2268.5	1
2269.5	1
2270.5	0
2271.5	1
2272.5	1
2273.5	0
2274.5	1
2275.5	1
2276.5	2
2277.5	2
2278.5	1
2279.5	2
2280.5	0
2281.5	0
2282.5	1
2283.5	0
2284.5	0
2285.5	3
2286.5	1
2287.5	0
2288.5	2
2289.5	1
2290.5	1
2291.5	1
2292.5	1
2293.5	1
2294.5	0
2295.5	2
2296.5	0
2297.5	1
2298.5	0
2299.5	2
2300.5	3
2301.5	3
2302.5	0
2303.5	0
2304.5	2
2305.5	0
2306.5	0
2307.5	2
2308.5	2
2309.5	0
2310.5	1
2311.5	0
2312.5	0
2313.5	1
2314.5	0
2315.5	0
2316.5	2
2317.5	3
2318.5	2
2319.5	1
2320.5	1
2321.5	2
2322.5	1
2323.5	1
2324.5	1
2325.5	0
2326.5	2
2327.5	2
2328.5	2
2329.5	2
2330.5	1
2331.5	1
2332.5	2
2333.5	0
2334.5	0
2335.5	0
2336.5	1
2337.5	2
2338.5	0
2339.5	1
2340.5	1
2341.5	3
2342.5	2
2343.5	4
2344.5	1
2345.5	2
2346.5	2
2347.5	2
2348.5	0
2349.5	0
2350.5	1
2351.5	1
2352.5	0
2353.5	3
2354.5	5
2355.5	0
2356.5	2
2357.5	1
2358.5	2
2359.5	1
2360.5	3
2361.5	3
2362.5	1
2363.5	1
2364.5	1
2365.5	2
2366.5	0
2367.5	1
2368.5	2
2369.5	2
2370.5	1
2371.5	0
2372.5	3
2373.5	1
2374.5	4
2375.5	0
2376.5	0
2377.5	1
2378.5	3
2379.5	1
2380.5	2
2381.5	4
2382.5	0
2383.5	2
2384.5	1
2385.5	0
2386.5	4
2387.5	2
2388.5	2
2389.5	0
2390.5	1
2391.5	1
2392.5	2
2393.5	4
2394.5	1
2395.5	1
2396.5	0
2397.5	0
2398.5	2
2399.5	1
2400.5	1
2401.5	2
2402.5	3
2403.5	1
2404.5	1
2405.5	2
2406.5	4
2407.5	3
2408.5	1
2409.5	4
2410.5	3
2411.5	1
2412.5	3
2413.5	0
2414.5	3
2415.5	2
2416.5	3
2417.5	1
2418.5	4
2419.5	0
2420.5	2
2421.5	1
2422.5	0
2423.5	2
2424.5	0
2425.5	0
2426.5	1
2427.5	1
2428.5	3
2429.5	4
2430.5	0
2431.5	0
2432.5	2
2433.5	0
2434.5	0
2435.5	1
2436.5	3
2437.5	2
2438.5	2
2439.5	1
2440.5	1
2441.5	2
2442.5	0
2443.5	1
2444.5	3
2445.5	1
2446.5	3
2447.5	1
2448.5	4
2449.5	2
2450.5	2
2451.5	4
2452.5	5
2453.5	0
2454.5	2
2455.5	2
2456.5	4
2457.5	3
2458.5	0
2459.5	0
2460.5	0
2461.5	4
2462.5	1
2463.5	3
2464.5	1
2465.5	2
2466.5	4
2467.5	1
2468.5	1
2469.5	2
2470.5	1
2471.5	1
2472.5	0
2473.5	0
2474.5	1
2475.5	1
2476.5	2
2477.5	2
2478.5	2
2479.5	0
2480.5	1
2481.5	1
2482.5	1
2483.5	0
2484.5	0
2485.5	2
2486.5	2
2487.5	1
2488.5	3
2489.5	0
2490.5	1
2491.5	1
2492.5	1
2493.5	0
2494.5	1
2495.5	1
2496.5	1
2497.5	0
2498.5	0
2499.5	1
2500.5	0
2501.5	0
2502.5	1
2503.5	1
2504.5	0
2505.5	4
2506.5	2
2507.5	2
2508.5	1
2509.5	3
2510.5	0
2511.5	0
2512.5	0
2513.5	3
2514.5	0
2515.5	1
2516.5	1
2517.5	2
2518.5	1
2519.5	0
2520.5	1
2521.5	0
2522.5	1
2523.5	1
2524.5	0
2525.5	0
2526.5	0
2527.5	2
2528.5	1
2529.5	0
2530.5	1
2531.5	0
2532.5	0
2533.5	1
2534.5	0
2535.5	0
2536.5	3
2537.5	1
2538.5	1
2539.5	0
2540.5	1
2541.5	1
2542.5	0
2543.5	0
2544.5	1
2545.5	1
2546.5	0
2547.5	1
2548.5	1
2549.5	2
2550.5	2
2551.5	0
2552.5	1
2553.5	1
2554.5	0
2555.5	4
2556.5	0
2557.5	1
2558.5	1
2559.5	0
2560.5	1
2561.5	0
2562.5	0
2563.5	0
2564.5	1
2565.5	1
2566.5	0
2567.5	1
2568.5	0
2569.5	0
2570.5	2
2571.5	1
2572.5	0
2573.5	0
2574.5	1
2575.5	2
2576.5	2
2577.5	1
2578.5	1
2579.5	3
2580.5	2
2581.5	1
2582.5	1
2583.5	0
2584.5	2
2585.5	1
2586.5	1
2587.5	0
2588.5	0
2589.5	0
2590.5	0
2591.5	0
2592.5	0
2593.5	2
2594.5	0
2595.5	0
2596.5	0
2597.5	2
2598.5	1
2599.5	0
2600.5	1
2601.5	1
2602.5	0
2603.5	0
2604.5	1
2605.5	1
2606.5	1
2607.5	0
2608.5	0
2609.5	0
2610.5	1
2611.5	0
2612.5	1
2613.5	0
2614.5	2
2615.5	3
2616.5	0
2617.5	2
2618.5	0
2619.5	1
2620.5	0
2621.5	0
2622.5	1
2623.5	2
2624.5	0
2625.5	1
2626.5	1
2627.5	2
2628.5	1
2629.5	3
2630.5	1
2631.5	0
2632.5	0
2633.5	2
2634.5	0
2635.5	0
2636.5	0
2637.5	0
2638.5	1
2639.5	0
2640.5	0
2641.5	0
2642.5	0
2643.5	1
2644.5	2
2645.5	0
2646.5	1
2647.5	1
2648.5	0
2649.5	0
2650.5	1
2651.5	0
2652.5	0
2653.5	0
2654.5	0
2655.5	3
2656.5	4
2657.5	0
2658.5	1
2659.5	0
2660.5	0
2661.5	0
2662.5	1
2663.5	1
2664.5	2
2665.5	0
2666.5	0
2667.5	1
2668.5	0
2669.5	0
2670.5	3
2671.5	1
2672.5	0
2673.5	2
2674.5	2
2675.5	1
2676.5	0
2677.5	0
2678.5	1
2679.5	1
2680.5	2
2681.5	0
2682.5	0
2683.5	0
2684.5	1
2685.5	1
2686.5	1
2687.5	2
2688.5	0
2689.5	0
2690.5	1
2691.5	1
2692.5	0
2693.5	0
2694.5	0
2695.5	0
2696.5	0
2697.5	1
2698.5	0
2699.5	2
2700.5	1
2701.5	0
2702.5	1
2703.5	0
2704.5	0
2705.5	0
2706.5	0
2707.5	2
2708.5	2
2709.5	1
2710.5	0
2711.5	0
2712.5	0
2713.5	0
2714.5	1
2715.5	0
2716.5	0
2717.5	0
2718.5	0
2719.5	0
2720.5	2
2721.5	0
2722.5	0
2723.5	1
2724.5	0
2725.5	0
2726.5	1
2727.5	0
2728.5	2
2729.5	0
2730.5	1
2731.5	2
2732.5	0
2733.5	0
2734.5	0
2735.5	0
2736.5	3
2737.5	0
2738.5	0
2739.5	1
2740.5	0
2741.5	2
2742.5	1
2743.5	1
2744.5	2
2745.5	2
2746.5	1
2747.5	0
2748.5	2
2749.5	1
2750.5	1
2751.5	0
2752.5	1
2753.5	1
2754.5	0
2755.5	2
2756.5	0
2757.5	0
2758.5	2
2759.5	2
2760.5	1
2761.5	1
2762.5	0
2763.5	1
2764.5	1
2765.5	0
2766.5	0
2767.5	0
2768.5	1
2769.5	0
2770.5	0
2771.5	0
2772.5	1
2773.5	0
2774.5	1
2775.5	1
2776.5	1
2777.5	2
2778.5	1
2779.5	0
2780.5	0
2781.5	2
2782.5	0
2783.5	0
2784.5	0
2785.5	0
2786.5	2
2787.5	0
2788.5	1
2789.5	1
2790.5	1
2791.5	0
2792.5	0
2793.5	0
2794.5	0
2795.5	2
2796.5	0
2797.5	0
2798.5	0
2799.5	1
2800.5	0
2801.5	0
2802.5	0
2803.5	0
2804.5	3
2805.5	2
2806.5	0
2807.5	2
2808.5	0
2809.5	2
2810.5	1
2811.5	1
2812.5	0
2813.5	0
2814.5	0
2815.5	0
2816.5	1
2817.5	1
2818.5	0
2819.5	0
2820.5	0
2821.5	0
2822.5	1
2823.5	1
2824.5	0
2825.5	0
2826.5	1
2827.5	0
2828.5	1
2829.5	0
2830.5	0
2831.5	0
2832.5	2
2833.5	2
2834.5	1
2835.5	0
2836.5	0
2837.5	3
2838.5	3
2839.5	0
2840.5	0
2841.5	1
2842.5	0
2843.5	0
2844.5	2
2845.5	1
2846.5	1
2847.5	0
2848.5	0
2849.5	2
2850.5	1
2851.5	2
2852.5	1
2853.5	1
2854.5	3
2855.5	5
2856.5	2
2857.5	2
2858.5	2
2859.5	1
2860.5	3
2861.5	1
2862.5	1
2863.5	0
2864.5	1
2865.5	1
2866.5	0
2867.5	2
2868.5	3
2869.5	1
2870.5	0
2871.5	3
2872.5	1
2873.5	2
2874.5	2
2875.5	0
2876.5	1
2877.5	0
2878.5	1
2879.5	0
2880.5	0
2881.5	0
2882.5	1
2883.5	0
2884.5	2
2885.5	4
2886.5	0
2887.5	0
2888.5	1
2889.5	0
2890.5	1
2891.5	0
2892.5	1
2893.5	0
2894.5	3
2895.5	0
2896.5	1
2897.5	1
2898.5	1
2899.5	0
2900.5	1
2901.5	1
2902.5	2
2903.5	2
2904.5	0
2905.5	0
2906.5	1
2907.5	2
2908.5	1
2909.5	0
2910.5	1
2911.5	0
2912.5	1
2913.5	2
2914.5	1
2915.5	1
2916.5	1
2917.5	2
2918.5	1
2919.5	2
2920.5	0
2921.5	2
2922.5	1
2923.5	0
2924.5	0
2925.5	2
2926.5	1
2927.5	1
2928.5	1
2929.5	1
2930.5	0
2931.5	1
2932.5	3
2933.5	0
2934.5	1
2935.5	0
2936.5	0
2937.5	1
2938.5	1
2939.5	1
2940.5	0
2941.5	1
2942.5	2
2943.5	2
2944.5	2
2945.5	0
2946.5	1
2947.5	1
2948.5	1
2949.5	0
2950.5	1
2951.5	1
2952.5	1
2953.5	1
2954.5	1
2955.5	0
2956.5	0
2957.5	2
2958.5	4
2959.5	1
2960.5	0
2961.5	2
2962.5	1
2963.5	1
2964.5	0
2965.5	1
2966.5	1
2967.5	0
2968.5	1
2969.5	3
2970.5	1
2971.5	0
2972.5	2
2973.5	3
2974.5	0
2975.5	0
2976.5	1
2977.5	1
2978.5	2
2979.5	1
2980.5	2
2981.5	1
2982.5	0
2983.5	0
2984.5	0
2985.5	2
2986.5	1
2987.5	0
2988.5	1
2989.5	0
2990.5	3
2991.5	1
2992.5	2
2993.5	0
2994.5	0
2995.5	0
2996.5	0
2997.5	0
2998.5	0
2999.5	4
3000.5	0
3001.5	0
3002.5	1
3003.5	2
3004.5	1
3005.5	0
3006.5	0
3007.5	0
3008.5	0
3009.5	2
3010.5	0
3011.5	1
3012.5	0
3013.5	0
3014.5	2
3015.5	1
3016.5	0
3017.5	2
3018.5	0
3019.5	0
3020.5	1
3021.5	2
3022.5	1
3023.5	1
3024.5	1
3025.5	2
3026.5	0
3027.5	0
3028.5	1
3029.5	0
3030.5	0
3031.5	0
3032.5	1
3033.5	2
3034.5	1
3035.5	1
3036.5	1
3037.5	1
3038.5	3
3039.5	0
3040.5	2
3041.5	0
3042.5	0
3043.5	1
3044.5	1
3045.5	2
3046.5	1
3047.5	2
3048.5	0
3049.5	0
3050.5	0
3051.5	3
3052.5	1
3053.5	0
3054.5	1
3055.5	1
3056.5	0
3057.5	2
3058.5	0
3059.5	0
3060.5	1
3061.5	2
3062.5	0
3063.5	0
3064.5	0
3065.5	1
3066.5	1
3067.5	2
3068.5	2
3069.5	0
3070.5	0
3071.5	0
3072.5	2
3073.5	0
3074.5	0
3075.5	0
3076.5	0
3077.5	0
3078.5	0
3079.5	1
3080.5	0
3081.5	2
3082.5	0
3083.5	2
3084.5	1
3085.5	0
3086.5	0
3087.5	1
3088.5	0
3089.5	0
3090.5	2
3091.5	0
3092.5	0
3093.5	1
3094.5	3
3095.5	0
3096.5	2
3097.5	1
3098.5	0
3099.5	1
3100.5	2
3101.5	0
3102.5	1
3103.5	0
3104.5	0
3105.5	1
3106.5	0
3107.5	1
3108.5	0
3109.5	0
3110.5	1
3111.5	0
3112.5	1
3113.5	0
3114.5	2
3115.5	0
3116.5	1
3117.5	0
3118.5	0
3119.5	1
3120.5	1
3121.5	2
3122.5	0
3123.5	1
3124.5	2
3125.5	0
3126.5	1
3127.5	3
3128.5	0
3129.5	0
3130.5	0
3131.5	0
3132.5	0
3133.5	1
3134.5	0
3135.5	0
3136.5	3
3137.5	2
3138.5	1
3139.5	0
3140.5	1
3141.5	0
3142.5	0
3143.5	1
3144.5	0
3145.5	1
3146.5	0
3147.5	0
3148.5	3
3149.5	2
3150.5	0
3151.5	0
3152.5	0
3153.5	1
3154.5	0
3155.5	1
3156.5	0
3157.5	1
3158.5	0
3159.5	1
3160.5	0
3161.5	0
3162.5	0
3163.5	1
3164.5	0
3165.5	0
3166.5	0
3167.5	3
3168.5	0
3169.5	0
3170.5	1
3171.5	0
3172.5	0
3173.5	0
3174.5	1
3175.5	0
3176.5	0
3177.5	1
3178.5	1
3179.5	0
3180.5	1
3181.5	0
3182.5	0
3183.5	0
3184.5	1
3185.5	0
3186.5	3
3187.5	1
3188.5	0
3189.5	0
3190.5	0
3191.5	0
3192.5	1
3193.5	0
3194.5	0
3195.5	0
3196.5	1
3197.5	1
3198.5	1
3199.5	2
3200.5	2
3201.5	0
3202.5	0
3203.5	0
3204.5	0
3205.5	1
3206.5	0
3207.5	0
3208.5	0
3209.5	1
3210.5	0
3211.5	1
3212.5	0
3213.5	0
3214.5	0
3215.5	1
3216.5	1
3217.5	0
3218.5	0
3219.5	1
3220.5	0
3221.5	2
3222.5	2
3223.5	1
3224.5	0
3225.5	0
3226.5	1
3227.5	0
3228.5	0
3229.5	0
3230.5	1
3231.5	0
3232.5	0
3233.5	0
3234.5	0
3235.5	0
3236.5	2
3237.5	0
3238.5	0
3239.5	0
3240.5	2
3241.5	0
3242.5	0
3243.5	1
3244.5	0
3245.5	0
3246.5	0
3247.5	1
3248.5	0
3249.5	1
3250.5	0
3251.5	0
3252.5	1
3253.5	0
3254.5	0
3255.5	1
3256.5	1
3257.5	1
3258.5	1
3259.5	1
3260.5	0
3261.5	0
3262.5	0
3263.5	0
3264.5	0
3265.5	0
3266.5	0
3267.5	1
3268.5	0
3269.5	1
3270.5	1
3271.5	1
3272.5	0
3273.5	1
3274.5	0
3275.5	0
3276.5	1
3277.5	2
3278.5	0
3279.5	0
3280.5	0
3281.5	0
3282.5	0
3283.5	0
3284.5	0
3285.5	0
3286.5	1
3287.5	0
3288.5	1
3289.5	0
3290.5	0
3291.5	0
3292.5	0
3293.5	0
3294.5	0
3295.5	1
3296.5	1
3297.5	0
3298.5	0
3299.5	0
3300.5	0
3301.5	2
3302.5	0
3303.5	0
3304.5	0
3305.5	0
3306.5	0
3307.5	1
3308.5	0
3309.5	0
3310.5	0
3311.5	1
3312.5	0
3313.5	0
3314.5	0
3315.5	0
3316.5	0
3317.5	0
3318.5	0
3319.5	0
3320.5	0
3321.5	0
3322.5	0
3323.5	0
3324.5	1
3325.5	0
3326.5	0
3327.5	0
3328.5	0
3329.5	1
3330.5	0
3331.5	0
3332.5	0
3333.5	0
3334.5	0
3335.5	1
3336.5	0
3337.5	1
3338.5	0
3339.5	1
3340.5	0
3341.5	1
3342.5	0
3343.5	0
3344.5	0
3345.5	0
3346.5	1
3347.5	0
3348.5	0
3349.5	0
3350.5	0
3351.5	0
3352.5	1
3353.5	0
3354.5	0
3355.5	0
3356.5	0
3357.5	0
3358.5	0
3359.5	1
3360.5	1
3361.5	0
3362.5	0
3363.5	0
3364.5	0
3365.5	0
3366.5	0
3367.5	0
3368.5	1
3369.5	0
3370.5	1
3371.5	0
3372.5	1
3373.5	0
3374.5	0
3375.5	1
3376.5	0
3377.5	0
3378.5	0
3379.5	1
3380.5	1
3381.5	0
3382.5	0
3383.5	0
3384.5	0
3385.5	0
3386.5	0
3387.5	0
3388.5	1
3389.5	0
3390.5	1
3391.5	2
3392.5	0
3393.5	0
3394.5	0
3395.5	0
3396.5	0
3397.5	0
3398.5	0
3399.5	0
3400.5	0
3401.5	0
3402.5	0
3403.5	0
3404.5	0
3405.5	0
3406.5	1
3407.5	2
3408.5	1
3409.5	0
3410.5	0
3411.5	3
3412.5	0
3413.5	1
3414.5	2
3415.5	0
3416.5	0
3417.5	0
3418.5	0
3419.5	0
3420.5	0
3421.5	0
3422.5	0
3423.5	0
3424.5	0
3425.5	0
3426.5	1
3427.5	1
3428.5	0
3429.5	0
3430.5	1
3431.5	2
3432.5	0
3433.5	0
3434.5	0
3435.5	1
3436.5	2
3437.5	3
3438.5	1
3439.5	1
3440.5	0
3441.5	1
3442.5	3
3443.5	1
3444.5	1
3445.5	2
3446.5	1
3447.5	1
3448.5	3
3449.5	2
3450.5	1
3451.5	1
3452.5	2
3453.5	2
3454.5	1
3455.5	0
3456.5	2
3457.5	2
3458.5	2
3459.5	2
3460.5	2
3461.5	2
3462.5	0
3463.5	2
3464.5	1
3465.5	1
3466.5	1
3467.5	0
3468.5	0
3469.5	2
3470.5	3
3471.5	1
3472.5	1
3473.5	2
3474.5	0
3475.5	4
3476.5	1
3477.5	1
3478.5	2
3479.5	2
3480.5	0
3481.5	2
3482.5	2
3483.5	2
3484.5	1
3485.5	0
3486.5	2
3487.5	3
3488.5	0
3489.5	1
3490.5	0
3491.5	0
3492.5	1
3493.5	2
3494.5	1
3495.5	2
3496.5	1
3497.5	2
3498.5	1
3499.5	1
3500.5	1
3501.5	0
3502.5	3
3503.5	3
3504.5	2
3505.5	2
3506.5	3
3507.5	2
3508.5	2
3509.5	0
3510.5	1
3511.5	1
3512.5	0
3513.5	1
3514.5	0
3515.5	0
3516.5	1
3517.5	0
3518.5	1
3519.5	1
3520.5	1
3521.5	1
3522.5	1
3523.5	0
3524.5	1
3525.5	1
3526.5	1
3527.5	3
3528.5	0
3529.5	1
3530.5	1
3531.5	0
3532.5	0
3533.5	1
3534.5	2
3535.5	0
3536.5	0
3537.5	1
3538.5	0
3539.5	0
3540.5	0
3541.5	0
3542.5	1
3543.5	1
3544.5	0
3545.5	0
3546.5	0
3547.5	0
3548.5	0
3549.5	0
3550.5	1
3551.5	0
3552.5	0
3553.5	0
3554.5	0
3555.5	0
3556.5	0
3557.5	0
3558.5	0
3559.5	0
3560.5	0
3561.5	0
3562.5	0
3563.5	0
3564.5	0
3565.5	0
3566.5	0
3567.5	0
3568.5	0
3569.5	0
3570.5	0
3571.5	0
3572.5	0
3573.5	0
3574.5	0
3575.5	0
3576.5	0
3577.5	0
3578.5	0
3579.5	0
3580.5	0
3581.5	0
3582.5	0
3583.5	0
3584.5	0
3585.5	0
3586.5	0
3587.5	0
3588.5	0
3589.5	0
3590.5	0
3591.5	0
3592.5	0
3593.5	0
3594.5	0
3595.5	0
3596.5	0
3597.5	0
3598.5	0
3599.5	0
3600.5	0
3601.5	0
3602.5	0
3603.5	0
3604.5	0
3605.5	0
3606.5	0
3607.5	0
3608.5	0
3609.5	0
3610.5	0
3611.5	0
3612.5	0
3613.5	0
3614.5	0
3615.5	0
3616.5	0
3617.5	0
3618.5	0
3619.5	0
3620.5	0
3621.5	0
3622.5	0
3623.5	0
3624.5	0
3625.5	0
3626.5	0
3627.5	0
3628.5	0
3629.5	0
3630.5	0
3631.5	0
3632.5	0
3633.5	0
3634.5	0
3635.5	0
3636.5	0
3637.5	0
3638.5	0
3639.5	0
3640.5	0
3641.5	0
3642.5	0
3643.5	0
3644.5	0
3645.5	0
3646.5	0
3647.5	0
3648.5	0
3649.5	0
3650.5	0
3651.5	0
3652.5	0
3653.5	0
3654.5	0
3655.5	0
3656.5	0
3657.5	0
3658.5	0
3659.5	0
3660.5	0
3661.5	0
3662.5	0
3663.5	0
3664.5	0
3665.5	0
3666.5	0
3667.5	0
3668.5	0
3669.5	0
3670.5	0
3671.5	0
3672.5	0
3673.5	0
3674.5	0
3675.5	0
3676.5	0
3677.5	0
3678.5	0
3679.5	0
3680.5	0
3681.5	0
3682.5	0
3683.5	0
3684.5	0
3685.5	0
3686.5	1
3687.5	0
3688.5	0
3689.5	0
3690.5	0
3691.5	0
3692.5	0
3693.5	1
3694.5	0
3695.5	0
3696.5	0
3697.5	0
3698.5	0
3699.5	0
3700.5	0
3701.5	0
3702.5	0
3703.5	0
3704.5	0
3705.5	1
3706.5	1
3707.5	0
3708.5	0
3709.5	0
3710.5	0
3711.5	0
3712.5	0
3713.5	0
3714.5	0
3715.5	0
3716.5	0
3717.5	0
3718.5	0
3719.5	0
3720.5	0
3721.5	0
3722.5	0
3723.5	0
3724.5	0
3725.5	0
3726.5	0
3727.5	0
3728.5	0
3729.5	0
3730.5	0
3731.5	1
3732.5	0
3733.5	0
3734.5	0
3735.5	0
3736.5	1
3737.5	1
3738.5	0
3739.5	0
3740.5	0
3741.5	0
3742.5	0
3743.5	0
3744.5	0
3745.5	0
3746.5	0
3747.5	0
3748.5	0
3749.5	0
3750.5	0
3751.5	0
3752.5	0
3753.5	0
3754.5	0
3755.5	0
3756.5	0
3757.5	0
3758.5	0
3759.5	0
3760.5	0
3761.5	0
3762.5	0
3763.5	0
3764.5	0
3765.5	0
3766.5	0
3767.5	0
3768.5	0
3769.5	0
3770.5	0
3771.5	0
3772.5	0
3773.5	0
3774.5	0
3775.5	0
3776.5	0
3777.5	0
3778.5	0
3779.5	0
3780.5	0
3781.5	0
3782.5	0
3783.5	0
3784.5	1
3785.5	0
3786.5	0
3787.5	0
3788.5	0
3789.5	0
3790.5	0
3791.5	0
3792.5	0
3793.5	0
3794.5	0
3795.5	0
3796.5	0
3797.5	0
3798.5	0
3799.5	0
3800.5	0
3801.5	0
3802.5	0
3803.5	0
3804.5	0
3805.5	0
3806.5	0
3807.5	0
3808.5	0
3809.5	0
3810.5	1
3811.5	0
3812.5	0
3813.5	0
3814.5	0
3815.5	0
3816.5	0
3817.5	0
3818.5	0
3819.5	0
3820.5	0
3821.5	0
3822.5	0
3823.5	0
3824.5	0
3825.5	0
3826.5	0
3827.5	0
3828.5	0
3829.5	0
3830.5	0
3831.5	0
3832.5	0
3833.5	0
3834.5	0
3835.5	0
3836.5	0
3837.5	0
3838.5	0
3839.5	0
3840.5	0
3841.5	1
3842.5	0
3843.5	0
3844.5	0
3845.5	1
3846.5	0
3847.5	0
3848.5	0
3849.5	0
3850.5	0
3851.5	0
3852.5	0
3853.5	0
3854.5	0
3855.5	0
3856.5	0
3857.5	0
3858.5	0
3859.5	0
3860.5	0
3861.5	0
3862.5	0
3863.5	0
3864.5	0
3865.5	0
3866.5	0
3867.5	0
3868.5	0
3869.5	0
3870.5	0
3871.5	0
3872.5	0
3873.5	0
3874.5	0
3875.5	0
3876.5	0
3877.5	0
3878.5	0
3879.5	0
3880.5	0
3881.5	0
3882.5	0
3883.5	1
3884.5	0
3885.5	0
3886.5	0
3887.5	0
3888.5	0
3889.5	0
3890.5	0
3891.5	0
3892.5	0
3893.5	0
3894.5	0
3895.5	0
3896.5	0
3897.5	0
3898.5	0
3899.5	1
3900.5	0
3901.5	1
3902.5	1
3903.5	0
3904.5	0
3905.5	0
3906.5	0
3907.5	0
3908.5	0
3909.5	0
3910.5	0
3911.5	0
3912.5	0
3913.5	0
3914.5	0
3915.5	0
3916.5	0
3917.5	0
3918.5	0
3919.5	0
3920.5	0
3921.5	0
3922.5	0
3923.5	0
3924.5	0
3925.5	0
3926.5	0
3927.5	0
3928.5	0
3929.5	0
3930.5	0
3931.5	0
3932.5	0
3933.5	0
3934.5	0
3935.5	0
3936.5	0
3937.5	0
3938.5	0
3939.5	1
3940.5	0
3941.5	0
3942.5	0
3943.5	0
3944.5	0
3945.5	0
3946.5	0
3947.5	0
3948.5	0
3949.5	0
3950.5	0
3951.5	0
3952.5	0
3953.5	0
3954.5	0
3955.5	0
3956.5	0
3957.5	0
3958.5	0
3959.5	0
3960.5	0
3961.5	0
3962.5	0
3963.5	0
3964.5	0
3965.5	0
3966.5	0
3967.5	0
3968.5	0
3969.5	0
3970.5	0
3971.5	0
3972.5	0
3973.5	0
3974.5	0
3975.5	0
3976.5	0
3977.5	0
3978.5	0
3979.5	0
3980.5	0
3981.5	0
3982.5	0
3983.5	0
3984.5	0
3985.5	0
3986.5	0
3987.5	0
3988.5	0
3989.5	0
3990.5	0
3991.5	0
3992.5	0
3993.5	0
3994.5	0
3995.5	0
3996.5	0
3997.5	0
3998.5	0
3999.5	0
4000.5	0
4001.5	0
4002.5	0
4003.5	0
4004.5	0
4005.5	0
4006.5	0
4007.5	0
4008.5	0
4009.5	0
4010.5	0
4011.5	0
4012.5	0
4013.5	0
4014.5	0
4015.5	0
4016.5	0
4017.5	0
4018.5	0
4019.5	0
4020.5	0
4021.5	0
4022.5	0
4023.5	0
4024.5	0
4025.5	0
4026.5	0
4027.5	0
4028.5	0
4029.5	0
4030.5	0
4031.5	0
4032.5	0
4033.5	0
4034.5	0
4035.5	0
4036.5	0
4037.5	0
4038.5	0
4039.5	0
4040.5	0
4041.5	0
4042.5	0
4043.5	0
4044.5	0
4045.5	0
4046.5	0
4047.5	0
4048.5	0
4049.5	0
4050.5	0
4051.5	0
4052.5	1
4053.5	0
4054.5	0
4055.5	0
4056.5	0
4057.5	0
4058.5	0
4059.5	0
4060.5	0
4061.5	0
4062.5	0
4063.5	0
4064.5	0
4065.5	0
4066.5	0
4067.5	0
4068.5	0
4069.5	0
4070.5	0
4071.5	0
4072.5	0
4073.5	0
4074.5	0
4075.5	1
4076.5	0
4077.5	0
4078.5	0
4079.5	1
4080.5	0
4081.5	0
4082.5	0
4083.5	1
4084.5	0
4085.5	0
4086.5	0
4087.5	0
4088.5	0
4089.5	0
4090.5	0
4091.5	0
4092.5	0
4093.5	0
4094.5	0
4095.5	0
