0.5	0
1.5	0
2.5	1
3.5	1
4.5	0
5.5	0
6.5	0
7.5	0
8.5	0
9.5	0
10.5	0
11.5	0
12.5	0
13.5	0
14.5	0
15.5	0
16.5	0
17.5	0
18.5	0
19.5	0
20.5	1
21.5	0
22.5	0
23.5	0
24.5	0
25.5	0
26.5	0
27.5	1
28.5	1
29.5	2
30.5	0
31.5	4
32.5	3
33.5	4
34.5	8
35.5	14
36.5	16
37.5	10
38.5	18
39.5	38
40.5	50
41.5	52
42.5	65
43.5	76
44.5	110
45.5	125
46.5	162
47.5	208
48.5	211
49.5	281
50.5	306
51.5	360
52.5	402
53.5	401
54.5	548
55.5	544
56.5	608
57.5	762
58.5	755
59.5	864
60.5	948
61.5	985
62.5	1108
63.5	1145
64.5	1245
65.5	1300
66.5	1272
67.5	1356
68.5	1458
69.5	1542
70.5	1522
71.5	1587
72.5	1637
73.5	1710
74.5	1783
75.5	1833
76.5	1815
77.5	1934
78.5	2000
79.5	2070
80.5	2026
81.5	2114
82.5	2161
83.5	2289
84.5	2259
85.5	2418
86.5	2384
87.5	2450
88.5	2585
89.5	2639
90.5	2754
91.5	2719
92.5	2854
93.5	2998
94.5	3123
95.5	3120
96.5	3296
97.5	3387
98.5	3536
99.5	3484
100.5	3732
101.5	3696
102.5	3877
103.5	4000
104.5	4072
105.5	4159
106.5	4332
107.5	4444
108.5	4547
109.5	4610
110.5	4699
111.5	4833
112.5	4916
113.5	5032
114.5	5203
115.5	5219
116.5	5380
117.5	5482
118.5	5476
119.5	5709
120.5	5791
121.5	5883
122.5	5919
123.5	6136
124.5	6113
125.5	6273
126.5	6245
127.5	6338
128.5	6554
129.5	6545
130.5	6538
131.5	6375
132.5	6585
133.5	6600
134.5	6642
135.5	6814
136.5	6875
137.5	6797
138.5	6780
139.5	6732
140.5	6731
141.5	6707
142.5	6873
143.5	6955
144.5	6857
145.5	6865
146.5	6858
147.5	7073
148.5	6850
149.5	6780
150.5	6928
151.5	6946
152.5	6977
153.5	7025
154.5	6911
155.5	7107
156.5	6971
157.5	6928
158.5	6916
159.5	6868
160.5	6776
161.5	6804
162.5	6785
163.5	6786
164.5	6676
165.5	6697
166.5	6839
167.5	6853
168.5	6650
169.5	6688
170.5	6586
171.5	6681
172.5	6640
173.5	6771
174.5	6636
175.5	6721
176.5	6696
177.5	6516
178.5	6735
179.5	6494
180.5	6403
181.5	6417
182.5	6342
183.5	6411
184.5	6440
185.5	6321
186.5	6281
187.5	6316
188.5	6186
189.5	6239
190.5	6239
191.5	6167
192.5	6156
193.5	5929
194.5	6109
195.5	5976
196.5	6147
197.5	5982
198.5	6110
199.5	5919
200.5	5817
201.5	5847
202.5	5825
203.5	5690
204.5	5824
205.5	5732
206.5	5706
207.5	5615
208.5	5673
209.5	5632
210.5	5523
211.5	5442
212.5	5582
213.5	5329
214.5	5403
215.5	5401
216.5	5368
217.5	5349
218.5	5357
219.5	5289
220.5	5336
221.5	5149
222.5	5205
223.5	5253
224.5	5014
225.5	5076
226.5	5041
227.5	5037
228.5	5027
229.5	4930
230.5	4770
231.5	4801
232.5	4929
233.5	4779
234.5	4688
235.5	4757
236.5	4799
237.5	4724
238.5	4655
239.5	4722
240.5	4541
241.5	4464
242.5	4514
243.5	4496
244.5	4443
245.5	4347
246.5	4244
247.5	4413
248.5	4261
249.5	4296
250.5	4316
251.5	4131
252.5	4201
253.5	4107
254.5	4118
255.5	4093
256.5	4057
257.5	3998
258.5	4026
259.5	3850
260.5	3911
261.5	3885
262.5	3847
263.5	3773
264.5	3892
265.5	3780
266.5	3753
267.5	3830
268.5	3733
269.5	3787
270.5	3853
271.5	3673
272.5	3640
273.5	3670
274.5	3534
275.5	3672
276.5	3652
277.5	3572
278.5	3672
279.5	3643
280.5	3424
281.5	3438
282.5	3541
283.5	3345
284.5	3289
285.5	3303
286.5	3390
287.5	3505
288.5	3412
289.5	3326
290.5	3282
291.5	3195
292.5	3158
293.5	3153
294.5	3211
295.5	3112
296.5	3142
297.5	3031
298.5	3119
299.5	3100
300.5	3083
301.5	3026
302.5	3030
303.5	3003
304.5	3003
305.5	2949
306.5	2900
307.5	2900
308.5	2803
309.5	2854
310.5	2972
311.5	2843
312.5	2781
313.5	2815
314.5	2772
315.5	2679
316.5	2739
317.5	2745
318.5	2733
319.5	2784
320.5	2760
321.5	2668
322.5	2656
323.5	2656
324.5	2550
325.5	2551
326.5	2539
327.5	2569
328.5	2479
329.5	2604
330.5	2525
331.5	2483
332.5	2416
333.5	2562
334.5	2520
335.5	2394
336.5	2471
337.5	2383
338.5	2441
339.5	2389
340.5	2439
341.5	2381
342.5	2465
343.5	2325
344.5	2352
345.5	2362
346.5	2461
347.5	2406
348.5	2496
349.5	2304
350.5	2402
351.5	2375
352.5	2286
353.5	2319
354.5	2365
355.5	2298
356.5	2323
357.5	2326
358.5	2333
359.5	2342
360.5	2370
361.5	2260
362.5	2269
363.5	2337
364.5	2271
365.5	2254
366.5	2178
367.5	2235
368.5	2186
369.5	2074
370.5	2197
371.5	2012
372.5	2044
373.5	2014
374.5	2017
375.5	1987
376.5	2007
377.5	1978
378.5	1950
379.5	1910
380.5	1845
381.5	1856
382.5	1805
383.5	1740
384.5	1752
385.5	1779
386.5	1715
387.5	1716
388.5	1723
389.5	1667
390.5	1654
391.5	1636
392.5	1590
393.5	1591
394.5	1572
395.5	1568
396.5	1529
397.5	1574
398.5	1542
399.5	1467
400.5	1467
401.5	1546
402.5	1433
403.5	1468
404.5	1414
405.5	1555
406.5	1395
407.5	1452
408.5	1415
409.5	1342
410.5	1449
411.5	1470
412.5	1307
413.5	1317
414.5	1366
415.5	1365
416.5	1320
417.5	1324
418.5	1271
419.5	1295
420.5	1367
421.5	1330
422.5	1287
423.5	1304
424.5	1381
425.5	1290
426.5	1326
427.5	1309
428.5	1265
429.5	1259
430.5	1195
431.5	1264
432.5	1247
433.5	1278
434.5	1272
435.5	1266
436.5	1263
437.5	1187
438.5	1213
439.5	1235
440.5	1239
441.5	1285
442.5	1199
443.5	1153
444.5	1136
445.5	1174
446.5	1073
447.5	1205
448.5	1107
449.5	1147
450.5	1141
451.5	1156
452.5	1119
453.5	1020
454.5	1091
455.5	1099
456.5	1058
457.5	1056
458.5	1034
459.5	1012
460.5	1040
461.5	962
462.5	997
463.5	1009
464.5	963
465.5	983
466.5	981
467.5	975
468.5	999
469.5	894
470.5	951
471.5	894
472.5	966
473.5	946
474.5	949
475.5	934
476.5	856
477.5	936
478.5	836
479.5	916
480.5	929
481.5	897
482.5	904
483.5	824
484.5	917
485.5	900
486.5	893
487.5	888
488.5	890
489.5	847
490.5	878
491.5	928
492.5	884
493.5	868
494.5	901
495.5	840
496.5	922
497.5	899
498.5	815
499.5	876
500.5	841
501.5	925
502.5	888
503.5	893
504.5	883
505.5	886
506.5	862
507.5	847
508.5	837
509.5	892
510.5	906
511.5	919
512.5	870
513.5	874
514.5	820
515.5	857
516.5	841
517.5	822
518.5	823
519.5	853
520.5	793
521.5	862
522.5	863
523.5	824
524.5	850
525.5	812
526.5	844
527.5	813
528.5	764
529.5	802
530.5	808
531.5	737
532.5	738
533.5	730
534.5	721
535.5	737
536.5	720
537.5	655
538.5	709
539.5	668
540.5	672
541.5	660
542.5	625
543.5	633
544.5	640
545.5	600
546.5	606
547.5	666
548.5	636
549.5	596
550.5	612
551.5	579
552.5	561
553.5	588
554.5	569
555.5	561
556.5	603
557.5	606
558.5	604
559.5	555
560.5	571
561.5	586
562.5	545
563.5	581
564.5	582
565.5	515
566.5	531
567.5	545
568.5	535
569.5	526
570.5	536
571.5	551
572.5	509
573.5	523
574.5	482
575.5	534
576.5	512
577.5	481
578.5	514
579.5	517
580.5	517
581.5	500
582.5	479
583.5	463
584.5	509
585.5	453
586.5	483
587.5	511
588.5	466
589.5	492
590.5	446
591.5	499
592.5	465
593.5	443
594.5	452
595.5	479
596.5	436
597.5	438
598.5	463
599.5	449
600.5	472
601.5	449
602.5	452
603.5	453
604.5	448
605.5	434
606.5	440
607.5	457
608.5	447
609.5	451
610.5	453
611.5	416
612.5	437
613.5	454
614.5	429
615.5	426
616.5	444
617.5	458
618.5	436
619.5	423
620.5	479
621.5	414
622.5	423
623.5	413
624.5	418
625.5	416
626.5	417
627.5	403
628.5	400
629.5	416
630.5	404
631.5	412
632.5	405
633.5	390
634.5	383
635.5	417
636.5	391
637.5	350
638.5	392
639.5	426
640.5	444
641.5	385
642.5	392
643.5	444
644.5	404
645.5	399
646.5	404
647.5	390
648.5	429
649.5	379
650.5	381
651.5	404
652.5	382
653.5	377
654.5	386
655.5	370
656.5	418
657.5	401
658.5	389
659.5	379
660.5	353
661.5	403
662.5	351
663.5	385
664.5	348
665.5	360
666.5	350
667.5	383
668.5	365
669.5	340
670.5	348
671.5	367
672.5	372
673.5	380
674.5	349
675.5	328
676.5	373
677.5	365
678.5	336
679.5	355
680.5	359
681.5	338
682.5	367
683.5	339
684.5	324
685.5	332
686.5	317
687.5	353
688.5	327
689.5	322
690.5	325
691.5	308
692.5	360
693.5	300
694.5	340
695.5	307
696.5	328
697.5	332
698.5	341
699.5	309
700.5	310
701.5	308
702.5	321
703.5	341
704.5	345
705.5	320
706.5	327
707.5	316
708.5	308
709.5	333
710.5	323
711.5	314
712.5	307
713.5	327
714.5	315
715.5	307
716.5	314
717.5	340
718.5	307
719.5	344
720.5	320
721.5	312
722.5	306
723.5	339
724.5	318
725.5	313
726.5	344
727.5	331
728.5	324
729.5	295
730.5	302
731.5	297
732.5	291
733.5	311
734.5	303
735.5	301
736.5	324
737.5	305
738.5	296
739.5	311
740.5	315
741.5	288
742.5	331
743.5	303
744.5	326
745.5	292
746.5	310
747.5	310
748.5	282
749.5	346
750.5	267
751.5	302
752.5	319
753.5	313
754.5	316
755.5	283
756.5	295
757.5	298
758.5	285
759.5	293
760.5	257
761.5	302
762.5	285
763.5	286
764.5	291
765.5	276
766.5	278
767.5	256
768.5	304
769.5	265
770.5	265
771.5	279
772.5	254
773.5	244
774.5	279
775.5	237
776.5	269
777.5	261
778.5	239
779.5	270
780.5	235
781.5	262
782.5	252
783.5	253
784.5	264
785.5	242
786.5	257
787.5	262
788.5	269
789.5	251
790.5	263
791.5	245
792.5	271
793.5	257
794.5	231
795.5	234
796.5	254
797.5	237
798.5	248
799.5	247
800.5	255
801.5	257
802.5	251
803.5	255
804.5	263
805.5	214
806.5	244
807.5	270
808.5	247
809.5	254
810.5	247
811.5	268
812.5	247
813.5	265
814.5	255
815.5	291
816.5	266
817.5	277
818.5	300
819.5	269
820.5	310
821.5	286
822.5	284
823.5	262
824.5	302
825.5	266
826.5	301
827.5	260
828.5	263
829.5	289
830.5	275
831.5	285
832.5	260
833.5	256
834.5	269
835.5	289
836.5	279
837.5	276
838.5	245
839.5	293
840.5	276
841.5	297
842.5	299
843.5	272
844.5	317
845.5	271
846.5	277
847.5	288
848.5	269
849.5	308
850.5	262
851.5	271
852.5	295
853.5	312
854.5	302
855.5	300
856.5	281
857.5	306
858.5	284
859.5	312
860.5	287
861.5	258
862.5	293
863.5	287
864.5	282
865.5	298
866.5	296
867.5	274
868.5	286
869.5	300
870.5	271
871.5	294
872.5	314
873.5	293
874.5	301
875.5	298
876.5	292
877.5	291
878.5	273
879.5	289
880.5	298
881.5	270
882.5	289
883.5	253
884.5	261
885.5	245
886.5	284
887.5	243
888.5	230
889.5	259
890.5	235
891.5	251
892.5	237
893.5	260
894.5	240
895.5	236
896.5	270
897.5	233
898.5	226
899.5	242
900.5	225
901.5	227
902.5	224
903.5	200
904.5	225
905.5	207
906.5	228
907.5	196
908.5	215
909.5	196
910.5	170
911.5	227
912.5	180
913.5	198
914.5	180
915.5	183
916.5	183
917.5	182
918.5	187
919.5	175
920.5	161
921.5	165
922.5	150
923.5	149
924.5	174
925.5	174
926.5	154
927.5	178
928.5	173
929.5	160
930.5	151
931.5	156
932.5	175
933.5	147
934.5	166
935.5	131
936.5	157
937.5	153
938.5	141
939.5	168
940.5	156
941.5	169
942.5	158
943.5	153
944.5	148
945.5	147
946.5	155
947.5	148
948.5	128
949.5	167
950.5	151
951.5	161
952.5	170
953.5	173
954.5	161
955.5	149
956.5	150
957.5	138
958.5	146
959.5	150
960.5	150
961.5	147
962.5	171
963.5	149
964.5	164
965.5	157
966.5	162
967.5	159
968.5	127
969.5	130
970.5	170
971.5	157
972.5	154
973.5	142
974.5	158
975.5	141
976.5	149
977.5	135
978.5	151
979.5	131
980.5	134
981.5	110
982.5	137
983.5	142
984.5	141
985.5	146
986.5	136
987.5	163
988.5	153
989.5	128
990.5	136
991.5	156
992.5	153
993.5	136
994.5	119
995.5	133
996.5	148
997.5	136
998.5	140
999.5	146
1000.5	149
1001.5	161
1002.5	126
1003.5	143
1004.5	149
1005.5	161
1006.5	135
1007.5	127
1008.5	128
1009.5	141
1010.5	135
1011.5	121
1012.5	117
1013.5	137
1014.5	133
1015.5	126
1016.5	137
1017.5	159
1018.5	126
1019.5	150
1020.5	131
1021.5	158
1022.5	132
1023.5	139
1024.5	169
1025.5	141
1026.5	137
1027.5	158
1028.5	136
1029.5	137
1030.5	157
1031.5	142
1032.5	144
1033.5	143
1034.5	158
1035.5	124
1036.5	159
1037.5	127
1038.5	144
1039.5	151
1040.5	143
1041.5	151
1042.5	145
1043.5	147
1044.5	120
1045.5	136
1046.5	148
1047.5	149
1048.5	147
1049.5	144
1050.5	128
1051.5	153
1052.5	146
1053.5	128
1054.5	135
1055.5	154
1056.5	108
1057.5	142
1058.5	153
1059.5	131
1060.5	143
1061.5	141
1062.5	134
1063.5	146
1064.5	133
1065.5	120
1066.5	129
1067.5	145
1068.5	117
1069.5	126
1070.5	128
1071.5	130
1072.5	143
1073.5	122
1074.5	136
1075.5	132
1076.5	133
1077.5	132
1078.5	126
1079.5	156
1080.5	118
1081.5	134
1082.5	147
1083.5	123
1084.5	130
1085.5	132
1086.5	134
1087.5	140
1088.5	137
1089.5	139
1090.5	134
1091.5	127
1092.5	123
1093.5	127
1094.5	129
1095.5	136
1096.5	129
1097.5	140
1098.5	112
1099.5	131
1100.5	116
1101.5	138
1102.5	143
1103.5	114
1104.5	125
1105.5	138
1106.5	139
1107.5	131
1108.5	115
1109.5	106
1110.5	123
1111.5	126
1112.5	110
1113.5	128
1114.5	130
1115.5	119
1116.5	128
1117.5	119
1118.5	122
1119.5	122
1120.5	138
1121.5	120
1122.5	126
1123.5	122
1124.5	125
1125.5	133
1126.5	124
1127.5	126
1128.5	125
1129.5	116
1130.5	129
1131.5	101
1132.5	107
1133.5	125
1134.5	108
1135.5	97
1136.5	121
1137.5	102
1138.5	123
1139.5	120
1140.5	135
1141.5	123
1142.5	107
1143.5	110
1144.5	119
1145.5	106
1146.5	134
1147.5	117
1148.5	118
1149.5	122
1150.5	121
1151.5	111
1152.5	109
1153.5	93
1154.5	96
1155.5	90
1156.5	112
1157.5	121
1158.5	119
1159.5	101
1160.5	109
1161.5	102
1162.5	105
1163.5	95
1164.5	99
1165.5	113
1166.5	120
1167.5	125
1168.5	94
1169.5	110
1170.5	101
1171.5	104
1172.5	107
1173.5	120
1174.5	101
1175.5	119
1176.5	99
1177.5	113
1178.5	91
1179.5	109
1180.5	96
1181.5	119
1182.5	106
1183.5	109
1184.5	107
1185.5	104
1186.5	103
1187.5	111
1188.5	93
1189.5	103
1190.5	104
1191.5	106
1192.5	124
1193.5	103
1194.5	98
1195.5	108
1196.5	126
1197.5	115
1198.5	101
1199.5	98
1200.5	105
1201.5	97
1202.5	101
1203.5	95
1204.5	95
1205.5	107
1206.5	105
1207.5	98
1208.5	88
1209.5	91
1210.5	114
1211.5	101
1212.5	113
1213.5	110
1214.5	93
1215.5	106
1216.5	101
1217.5	90
1218.5	134
1219.5	100
1220.5	96
1221.5	120
1222.5	98
1223.5	97
1224.5	86
1225.5	116
1226.5	111
1227.5	99
1228.5	102
1229.5	107
1230.5	82
1231.5	107
1232.5	112
1233.5	105
1234.5	94
1235.5	99
1236.5	111
1237.5	98
1238.5	104
1239.5	115
1240.5	91
1241.5	105
1242.5	108
1243.5	108
1244.5	110
1245.5	97
1246.5	127
1247.5	116
1248.5	108
1249.5	100
1250.5	100
1251.5	103
1252.5	123
1253.5	110
1254.5	100
1255.5	112
1256.5	100
1257.5	101
1258.5	101
1259.5	118
1260.5	91
1261.5	97
1262.5	92
1263.5	88
1264.5	72
1265.5	93
1266.5	123
1267.5	126
1268.5	135
1269.5	100
1270.5	104
1271.5	116
1272.5	113
1273.5	124
1274.5	122
1275.5	125
1276.5	108
1277.5	119
1278.5	103
1279.5	101
1280.5	117
1281.5	112
1282.5	108
1283.5	102
1284.5	117
1285.5	147
1286.5	107
1287.5	103
1288.5	118
1289.5	108
1290.5	112
1291.5	127
1292.5	110
1293.5	119
1294.5	121
1295.5	116
1296.5	119
1297.5	121
1298.5	108
1299.5	99
1300.5	125
1301.5	99
1302.5	122
1303.5	119
1304.5	125
1305.5	120
1306.5	78
1307.5	117
1308.5	118
1309.5	116
1310.5	112
1311.5	120
1312.5	117
1313.5	103
1314.5	111
1315.5	122
1316.5	102
1317.5	110
1318.5	114
1319.5	116
1320.5	123
1321.5	114
1322.5	97
1323.5	106
1324.5	97
1325.5	121
1326.5	108
1327.5	114
1328.5	103
1329.5	106
1330.5	96
1331.5	107
1332.5	106
1333.5	90
1334.5	98
1335.5	95
1336.5	111
1337.5	93
1338.5	86
1339.5	105
1340.5	118
1341.5	96
1342.5	72
1343.5	96
1344.5	100
1345.5	100
1346.5	95
1347.5	107
1348.5	104
1349.5	103
1350.5	105
1351.5	91
1352.5	96
1353.5	106
1354.5	105
1355.5	104
1356.5	100
1357.5	104
1358.5	103
1359.5	112
1360.5	106
1361.5	119
1362.5	118
1363.5	89
1364.5	111
1365.5	98
1366.5	131
1367.5	106
1368.5	90
1369.5	101
1370.5	97
1371.5	105
1372.5	116
1373.5	113
1374.5	95
1375.5	98
1376.5	110
1377.5	82
1378.5	99
1379.5	97
1380.5	81
1381.5	86
1382.5	81
1383.5	107
1384.5	100
1385.5	83
1386.5	112
1387.5	95
1388.5	112
1389.5	90
1390.5	98
1391.5	104
1392.5	92
1393.5	98
1394.5	91
1395.5	89
1396.5	88
1397.5	92
1398.5	84
1399.5	83
1400.5	71
1401.5	82
1402.5	94
1403.5	85
1404.5	92
1405.5	88
1406.5	72
1407.5	81
1408.5	81
1409.5	98
1410.5	70
1411.5	77
1412.5	85
1413.5	75
1414.5	79
1415.5	70
1416.5	75
1417.5	75
1418.5	81
1419.5	71
1420.5	68
1421.5	73
1422.5	82
1423.5	64
1424.5	74
1425.5	91
1426.5	75
1427.5	84
1428.5	67
1429.5	68
1430.5	71
1431.5	76
1432.5	71
1433.5	77
1434.5	69
1435.5	82
1436.5	86
1437.5	86
1438.5	75
1439.5	59
1440.5	69
1441.5	63
1442.5	72
1443.5	78
1444.5	59
1445.5	72
1446.5	86
1447.5	84
1448.5	60
1449.5	72
1450.5	56
1451.5	74
1452.5	86
1453.5	73
1454.5	74
1455.5	55
1456.5	68
1457.5	83
1458.5	80
1459.5	68
1460.5	72
1461.5	77
1462.5	67
1463.5	72
1464.5	76
1465.5	71
1466.5	77
1467.5	80
1468.5	64
1469.5	77
1470.5	73
1471.5	61
1472.5	54
1473.5	70
1474.5	79
1475.5	64
1476.5	86
1477.5	72
1478.5	69
1479.5	66
1480.5	66
1481.5	69
1482.5	60
1483.5	96
1484.5	61
1485.5	84
1486.5	78
1487.5	66
1488.5	73
1489.5	76
1490.5	55
1491.5	81
1492.5	82
1493.5	79
1494.5	67
1495.5	72
1496.5	79
1497.5	71
1498.5	81
1499.5	72
1500.5	58
1501.5	78
1502.5	61
1503.5	69
1504.5	69
1505.5	81
1506.5	81
1507.5	81
1508.5	66
1509.5	83
1510.5	74
1511.5	70
1512.5	65
1513.5	70
1514.5	72
1515.5	78
1516.5	85
1517.5	81
1518.5	76
1519.5	76
1520.5	76
1521.5	77
1522.5	82
1523.5	71
1524.5	70
1525.5	86
1526.5	73
1527.5	80
1528.5	77
1529.5	72
1530.5	74
1531.5	81
1532.5	73
1533.5	57
1534.5	85
1535.5	75
1536.5	80
1537.5	70
1538.5	69
1539.5	83
1540.5	71
1541.5	62
1542.5	73
1543.5	65
1544.5	94
1545.5	72
1546.5	80
1547.5	73
1548.5	83
1549.5	72
1550.5	90
1551.5	70
1552.5	74
1553.5	85
1554.5	84
1555.5	78
1556.5	76
1557.5	87
1558.5	73
1559.5	69
1560.5	79
1561.5	90
1562.5	90
1563.5	69
1564.5	81
1565.5	75
1566.5	75
1567.5	72
1568.5	90
1569.5	84
1570.5	80
1571.5	73
1572.5	68
1573.5	74
1574.5	74
1575.5	98
1576.5	78
1577.5	67
1578.5	89
1579.5	84
1580.5	62
1581.5	69
1582.5	84
1583.5	77
1584.5	82
1585.5	84
1586.5	71
1587.5	74
1588.5	68
1589.5	75
1590.5	66
1591.5	79
1592.5	86
1593.5	54
1594.5	79
1595.5	83
1596.5	81
1597.5	84
1598.5	77
1599.5	85
1600.5	74
1601.5	72
1602.5	62
1603.5	62
1604.5	84
1605.5	80
1606.5	72
1607.5	58
1608.5	78
1609.5	64
1610.5	72
1611.5	82
1612.5	60
1613.5	78
1614.5	66
1615.5	61
1616.5	75
1617.5	71
1618.5	65
1619.5	68
1620.5	84
1621.5	68
1622.5	68
1623.5	66
1624.5	80
1625.5	75
1626.5	79
1627.5	71
1628.5	65
1629.5	68
1630.5	63
1631.5	73
1632.5	91
1633.5	78
1634.5	77
1635.5	84
1636.5	67
1637.5	73
1638.5	82
1639.5	73
1640.5	61
1641.5	79
1642.5	65
1643.5	67
1644.5	77
1645.5	71
1646.5	64
1647.5	62
1648.5	63
1649.5	77
1650.5	74
1651.5	73
1652.5	58
1653.5	68
1654.5	53
1655.5	59
1656.5	65
1657.5	48
1658.5	67
1659.5	63
1660.5	50
1661.5	63
1662.5	59
1663.5	58
1664.5	66
1665.5	62
1666.5	52
1667.5	76
1668.5	65
1669.5	61
1670.5	58
1671.5	74
1672.5	59
1673.5	72
1674.5	58
1675.5	62
1676.5	72
1677.5	60
1678.5	74
1679.5	44
1680.5	60
1681.5	62
1682.5	54
1683.5	73
1684.5	54
1685.5	59
1686.5	58
1687.5	72
1688.5	62
1689.5	57
1690.5	52
1691.5	61
1692.5	48
1693.5	74
1694.5	54
1695.5	74
1696.5	47
1697.5	66
1698.5	69
1699.5	43
1700.5	64
1701.5	59
1702.5	61
1703.5	78
1704.5	48
1705.5	51
1706.5	57
1707.5	37
1708.5	52
1709.5	53
1710.5	56
1711.5	70
1712.5	50
1713.5	43
1714.5	53
1715.5	42
1716.5	48
1717.5	59
1718.5	50
1719.5	51
1720.5	55
1721.5	45
1722.5	55
1723.5	56
1724.5	51
1725.5	62
1726.5	46
1727.5	42
1728.5	59
1729.5	67
1730.5	34
1731.5	65
1732.5	37
1733.5	52
1734.5	56
1735.5	42
1736.5	49
1737.5	50
1738.5	58
1739.5	42
1740.5	53
1741.5	48
1742.5	47
1743.5	53
1744.5	38
1745.5	42
1746.5	49
1747.5	43
1748.5	43
1749.5	50
1750.5	58
1751.5	44
1752.5	49
1753.5	46
1754.5	44
1755.5	37
1756.5	43
1757.5	45
1758.5	35
1759.5	44
1760.5	48
1761.5	43
1762.5	51
1763.5	38
1764.5	44
1765.5	41
1766.5	34
1767.5	45
1768.5	34
1769.5	39
1770.5	35
1771.5	43
1772.5	44
1773.5	45
1774.5	34
1775.5	40
1776.5	38
1777.5	36
1778.5	32
1779.5	42
1780.5	38
1781.5	32
1782.5	51
1783.5	37
1784.5	47
1785.5	44
1786.5	32
1787.5	36
1788.5	36
1789.5	36
1790.5	39
1791.5	40
1792.5	33
1793.5	44
1794.5	30
1795.5	29
1796.5	38
1797.5	29
1798.5	37
1799.5	20
1800.5	51
1801.5	26
1802.5	26
1803.5	31
1804.5	35
1805.5	34
1806.5	20
1807.5	36
1808.5	31
1809.5	34
1810.5	29
1811.5	30
1812.5	31
1813.5	31
1814.5	25
1815.5	41
1816.5	32
1817.5	29
1818.5	28
1819.5	36
1820.5	37
1821.5	33
1822.5	39
1823.5	26
1824.5	26
1825.5	31
1826.5	26
1827.5	30
1828.5	26
1829.5	30
1830.5	33
1831.5	28
1832.5	33
1833.5	28
1834.5	27
1835.5	32
1836.5	28
1837.5	30
1838.5	27
1839.5	26
1840.5	29
1841.5	39
1842.5	23
1843.5	23
1844.5	35
1845.5	27
1846.5	40
1847.5	36
1848.5	37
1849.5	32
1850.5	22
1851.5	31
1852.5	32
1853.5	22
1854.5	25
1855.5	35
1856.5	36
1857.5	28
1858.5	25
1859.5	31
1860.5	24
1861.5	36
1862.5	30
1863.5	26
1864.5	35
1865.5	27
1866.5	25
1867.5	26
1868.5	23
1869.5	16
1870.5	27
1871.5	33
1872.5	28
1873.5	28
1874.5	35
1875.5	20
1876.5	28
1877.5	23
1878.5	28
1879.5	22
1880.5	26
1881.5	26
1882.5	38
1883.5	30
1884.5	36
1885.5	22
1886.5	40
1887.5	30
1888.5	24
1889.5	35
1890.5	26
1891.5	43
1892.5	26
1893.5	42
1894.5	33
1895.5	28
1896.5	31
1897.5	21
1898.5	30
1899.5	30
1900.5	35
1901.5	21
1902.5	40
1903.5	31
1904.5	26
1905.5	34
1906.5	28
1907.5	31
1908.5	29
1909.5	43
1910.5	31
1911.5	27
1912.5	31
1913.5	39
1914.5	33
1915.5	34
1916.5	33
1917.5	32
1918.5	26
1919.5	31
1920.5	36
1921.5	30
1922.5	28
1923.5	30
1924.5	39
1925.5	41
1926.5	37
1927.5	38
1928.5	31
1929.5	33
1930.5	25
1931.5	27
1932.5	32
1933.5	51
1934.5	31
1935.5	34
1936.5	39
1937.5	34
1938.5	44
1939.5	30
1940.5	29
1941.5	32
1942.5	20
1943.5	37
1944.5	33
1945.5	34
1946.5	30
1947.5	36
1948.5	45
1949.5	44
1950.5	38
1951.5	36
1952.5	40
1953.5	41
1954.5	45
1955.5	37
1956.5	33
1957.5	50
1958.5	75
1959.5	32
1960.5	40
1961.5	45
1962.5	44
1963.5	66
1964.5	54
1965.5	47
1966.5	41
1967.5	37
1968.5	43
1969.5	54
1970.5	63
1971.5	56
1972.5	53
1973.5	66
1974.5	61
1975.5	58
1976.5	75
1977.5	54
1978.5	52
1979.5	75
1980.5	56
1981.5	66
1982.5	54
1983.5	93
1984.5	77
1985.5	86
1986.5	96
1987.5	76
1988.5	88
1989.5	87
1990.5	86
1991.5	85
1992.5	73
1993.5	79
1994.5	110
1995.5	97
1996.5	83
1997.5	118
1998.5	89
1999.5	89
2000.5	91
2001.5	119
2002.5	134
2003.5	101
2004.5	80
2005.5	110
2006.5	124
2007.5	119
2008.5	92
2009.5	115
2010.5	114
2011.5	109
2012.5	103
2013.5	105
2014.5	137
2015.5	106
2016.5	125
2017.5	128
2018.5	105
2019.5	119
2020.5	107
2021.5	110
2022.5	105
2023.5	124
2024.5	114
2025.5	115
2026.5	95
2027.5	129
2028.5	126
2029.5	108
2030.5	121
2031.5	130
2032.5	117
2033.5	109
2034.5	110
2035.5	120
2036.5	117
2037.5	117
2038.5	120
2039.5	107
2040.5	126
2041.5	120
2042.5	121
2043.5	100
2044.5	107
2045.5	135
2046.5	113
2047.5	103
2048.5	105
2049.5	103
2050.5	109
2051.5	108
2052.5	105
2053.5	89
2054.5	132
2055.5	88
2056.5	108
2057.5	87
2058.5	109
2059.5	86
2060.5	82
2061.5	83
2062.5	99
2063.5	78
2064.5	111
2065.5	103
2066.5	86
2067.5	79
2068.5	81
2069.5	68
2070.5	64
2071.5	65
2072.5	76
2073.5	72
2074.5	76
2075.5	59
2076.5	63
2077.5	62
2078.5	60
2079.5	59
2080.5	59
2081.5	59
2082.5	51
2083.5	45
2084.5	46
2085.5	54
2086.5	44
2087.5	30
2088.5	42
2089.5	43
2090.5	38
2091.5	42
2092.5	41
2093.5	41
2094.5	35
2095.5	32
2096.5	45
2097.5	31
2098.5	32
2099.5	35
2100.5	37
2101.5	27
2102.5	35
2103.5	27
2104.5	23
2105.5	20
2106.5	23
2107.5	23
2108.5	35
2109.5	29
2110.5	20
2111.5	32
2112.5	21
2113.5	18
2114.5	20
2115.5	21
2116.5	18
2117.5	17
2118.5	20
2119.5	21
2120.5	21
2121.5	19
2122.5	14
2123.5	19
2124.5	26
2125.5	15
2126.5	26
2127.5	11
2128.5	23
2129.5	26
2130.5	13
2131.5	21
2132.5	13
2133.5	11
2134.5	16
2135.5	15
2136.5	22
2137.5	15
2138.5	12
2139.5	21
2140.5	12
2141.5	15
2142.5	28
2143.5	22
2144.5	26
2145.5	17
2146.5	20
2147.5	20
2148.5	19
2149.5	18
2150.5	16
2151.5	24
2152.5	19
2153.5	20
2154.5	22
2155.5	20
2156.5	14
2157.5	16
2158.5	14
2159.5	18
2160.5	16
2161.5	17
2162.5	22
2163.5	20
2164.5	22
2165.5	8
2166.5	20
2167.5	14
2168.5	17
2169.5	21
2170.5	16
2171.5	28
2172.5	27
2173.5	27
2174.5	18
2175.5	17
2176.5	15
2177.5	24
2178.5	26
2179.5	24
2180.5	27
2181.5	24
2182.5	30
2183.5	23
2184.5	23
2185.5	21
2186.5	20
2187.5	17
2188.5	13
2189.5	21
2190.5	29
2191.5	15
2192.5	21
2193.5	15
2194.5	27
2195.5	22
2196.5	35
2197.5	25
2198.5	23
2199.5	22
2200.5	21
2201.5	18
2202.5	20
2203.5	16
2204.5	17
2205.5	21
2206.5	19
2207.5	26
2208.5	17
2209.5	16
2210.5	26
2211.5	20
2212.5	24
2213.5	19
2214.5	19
2215.5	20
2216.5	12
2217.5	14
2218.5	22
2219.5	13
2220.5	19
2221.5	16
2222.5	10
2223.5	21
2224.5	21
2225.5	9
2226.5	28
2227.5	23
2228.5	15
2229.5	11
2230.5	13
2231.5	10
2232.5	23
2233.5	12
2234.5	27
2235.5	15
2236.5	18
2237.5	13
2238.5	16
2239.5	12
2240.5	17
2241.5	16
2242.5	18
2243.5	13
2244.5	14
2245.5	9
2246.5	10
2247.5	18
2248.5	14
2249.5	11
2250.5	8
2251.5	8
2252.5	15
2253.5	15
2254.5	16
2255.5	20
2256.5	22
2257.5	15
2258.5	18
2259.5	11
2260.5	14
2261.5	13
2262.5	9
2263.5	15
2264.5	15
2265.5	15
2266.5	21
2267.5	10
2268.5	13
2269.5	16
2270.5	15
2271.5	16
2272.5	16
2273.5	4
2274.5	8
2275.5	13
2276.5	10
2277.5	11
2278.5	12
2279.5	10
2280.5	9
2281.5	14
2282.5	10
2283.5	9
2284.5	18
2285.5	12
2286.5	11
2287.5	9
2288.5	13
2289.5	15
2290.5	9
2291.5	8
2292.5	13
2293.5	14
2294.5	8
2295.5	9
2296.5	12
2297.5	17
2298.5	12
2299.5	6
2300.5	12
2301.5	15
2302.5	11
2303.5	10
2304.5	6
2305.5	8
2306.5	15
2307.5	13
2308.5	15
2309.5	11
2310.5	15
2311.5	13
2312.5	13
2313.5	14
2314.5	14
2315.5	12
2316.5	9
2317.5	14
2318.5	8
2319.5	12
2320.5	11
2321.5	5
2322.5	10
2323.5	11
2324.5	14
2325.5	11
2326.5	6
2327.5	10
2328.5	16
2329.5	6
2330.5	14
2331.5	12
2332.5	11
2333.5	8
2334.5	9
2335.5	6
2336.5	17
2337.5	9
2338.5	13
2339.5	13
2340.5	11
2341.5	14
2342.5	15
2343.5	14
2344.5	18
2345.5	9
2346.5	14
2347.5	10
2348.5	15
2349.5	13
2350.5	24
2351.5	13
2352.5	12
2353.5	11
2354.5	11
2355.5	10
2356.5	15
2357.5	11
2358.5	17
2359.5	13
2360.5	8
2361.5	17
2362.5	18
2363.5	17
2364.5	21
2365.5	18
2366.5	13
2367.5	3
2368.5	22
2369.5	19
2370.5	14
2371.5	16
2372.5	15
2373.5	12
2374.5	11
2375.5	12
2376.5	15
2377.5	17
2378.5	10
2379.5	14
2380.5	16
2381.5	8
2382.5	15
2383.5	18
2384.5	13
2385.5	16
2386.5	7
2387.5	8
2388.5	14
2389.5	22
2390.5	14
2391.5	17
2392.5	10
2393.5	15
2394.5	19
2395.5	21
2396.5	18
2397.5	9
2398.5	19
2399.5	15
2400.5	9
2401.5	19
2402.5	21
2403.5	24
2404.5	6
2405.5	18
2406.5	23
2407.5	17
2408.5	18
2409.5	20
2410.5	15
2411.5	11
2412.5	15
2413.5	24
2414.5	20
2415.5	13
2416.5	14
2417.5	12
2418.5	17
2419.5	17
2420.5	16
2421.5	22
2422.5	21
2423.5	16
2424.5	17
2425.5	16
2426.5	20
2427.5	17
2428.5	22
2429.5	16
2430.5	14
2431.5	24
2432.5	14
2433.5	23
2434.5	20
2435.5	7
2436.5	23
2437.5	12
2438.5	20
2439.5	21
2440.5	11
2441.5	16
2442.5	12
2443.5	12
2444.5	17
2445.5	25
2446.5	15
2447.5	22
2448.5	18
2449.5	13
2450.5	14
2451.5	16
2452.5	16
2453.5	19
2454.5	15
2455.5	15
2456.5	14
2457.5	15
2458.5	26
2459.5	20
2460.5	9
2461.5	17
2462.5	19
2463.5	17
2464.5	12
2465.5	15
2466.5	21
2467.5	11
2468.5	16
2469.5	16
2470.5	18
2471.5	7
2472.5	11
2473.5	14
2474.5	14
2475.5	16
2476.5	11
2477.5	10
2478.5	14
2479.5	12
2480.5	12
2481.5	13
2482.5	12
2483.5	13
2484.5	12
2485.5	16
2486.5	14
2487.5	12
2488.5	16
2489.5	17
2490.5	14
2491.5	14
2492.5	8
2493.5	16
2494.5	9
2495.5	8
2496.5	12
2497.5	10
2498.5	8
2499.5	10
2500.5	12
2501.5	8
2502.5	8
2503.5	8
2504.5	15
2505.5	20
2506.5	18
2507.5	12
2508.5	9
2509.5	12
2510.5	7
2511.5	11
2512.5	15
2513.5	8
2514.5	12
2515.5	9
2516.5	11
2517.5	7
2518.5	14
2519.5	10
2520.5	5
2521.5	15
2522.5	11
2523.5	12
2524.5	6
2525.5	16
2526.5	11
2527.5	6
2528.5	9
2529.5	10
2530.5	9
2531.5	14
2532.5	10
2533.5	11
2534.5	10
2535.5	13
2536.5	14
2537.5	6
2538.5	9
2539.5	11
2540.5	8
2541.5	8
2542.5	10
2543.5	12
2544.5	7
2545.5	9
2546.5	7
2547.5	16
2548.5	8
2549.5	15
2550.5	10
2551.5	18
2552.5	7
2553.5	7
2554.5	14
2555.5	12
2556.5	10
2557.5	10
2558.5	4
2559.5	11
2560.5	7
2561.5	11
2562.5	6
2563.5	16
2564.5	5
2565.5	10
2566.5	10
2567.5	14
2568.5	6
2569.5	6
2570.5	9
2571.5	15
2572.5	16
2573.5	11
2574.5	8
2575.5	7
2576.5	14
2577.5	6
2578.5	12
2579.5	3
2580.5	5
2581.5	4
2582.5	4
2583.5	4
2584.5	10
2585.5	13
2586.5	8
2587.5	8
2588.5	11
2589.5	18
2590.5	10
2591.5	11
2592.5	5
2593.5	10
2594.5	6
2595.5	10
2596.5	8
2597.5	9
2598.5	13
2599.5	8
2600.5	9
2601.5	6
2602.5	11
2603.5	9
2604.5	5
2605.5	12
2606.5	10
2607.5	8
2608.5	9
2609.5	11
2610.5	4
2611.5	16
2612.5	6
2613.5	12
2614.5	12
2615.5	8
2616.5	16
2617.5	9
2618.5	6
2619.5	7
2620.5	8
2621.5	8
2622.5	10
2623.5	4
2624.5	11
2625.5	9
2626.5	8
2627.5	13
2628.5	9
2629.5	9
2630.5	8
2631.5	8
2632.5	3
2633.5	7
2634.5	9
2635.5	10
2636.5	8
2637.5	10
2638.5	8
2639.5	9
2640.5	9
2641.5	7
2642.5	7
2643.5	9
2644.5	5
2645.5	9
2646.5	12
2647.5	5
2648.5	5
2649.5	8
2650.5	7
2651.5	10
2652.5	9
2653.5	8
2654.5	8
2655.5	11
2656.5	10
2657.5	3
2658.5	11
2659.5	8
2660.5	6
2661.5	7
2662.5	7
2663.5	6
2664.5	12
2665.5	6
2666.5	8
2667.5	12
2668.5	5
2669.5	8
2670.5	5
2671.5	5
2672.5	9
2673.5	10
2674.5	12
2675.5	5
2676.5	7
2677.5	7
2678.5	10
2679.5	12
2680.5	6
2681.5	10
2682.5	5
2683.5	12
2684.5	9
2685.5	6
2686.5	8
2687.5	4
2688.5	11
2689.5	4
2690.5	8
2691.5	6
2692.5	11
2693.5	9
2694.5	5
2695.5	6
2696.5	5
2697.5	7
2698.5	8
2699.5	9
2700.5	9
2701.5	6
2702.5	4
2703.5	9
2704.5	8
2705.5	5
2706.5	4
2707.5	6
2708.5	5
2709.5	6
2710.5	8
2711.5	5
2712.5	5
2713.5	6
2714.5	5
2715.5	11
2716.5	4
2717.5	5
2718.5	10
2719.5	6
2720.5	6
2721.5	4
2722.5	12
2723.5	8
2724.5	8
2725.5	4
2726.5	14
2727.5	8
2728.5	5
2729.5	9
2730.5	8
2731.5	4
2732.5	12
2733.5	5
2734.5	6
2735.5	8
2736.5	9
2737.5	8
2738.5	12
2739.5	15
2740.5	7
2741.5	5
2742.5	2
2743.5	4
2744.5	5
2745.5	7
2746.5	4
2747.5	8
2748.5	5
2749.5	8
2750.5	4
2751.5	7
2752.5	9
2753.5	10
2754.5	7
2755.5	8
2756.5	10
2757.5	5
2758.5	11
2759.5	7
2760.5	3
2761.5	6
2762.5	6
2763.5	4
2764.5	7
2765.5	6
2766.5	4
2767.5	8
2768.5	6
2769.5	10
2770.5	8
2771.5	7
2772.5	7
2773.5	5
2774.5	9
2775.5	8
2776.5	6
2777.5	7
2778.5	8
2779.5	6
2780.5	6
2781.5	9
2782.5	3
2783.5	9
2784.5	5
2785.5	7
2786.5	4
2787.5	4
2788.5	8
2789.5	7
2790.5	7
2791.5	4
2792.5	7
2793.5	8
2794.5	7
2795.5	7
2796.5	8
2797.5	9
2798.5	8
2799.5	5
2800.5	7
2801.5	7
2802.5	8
2803.5	2
2804.5	7
2805.5	6
2806.5	9
2807.5	9
2808.5	5
2809.5	8
2810.5	5
2811.5	4
2812.5	3
2813.5	10
2814.5	4
2815.5	7
2816.5	9
2817.5	12
2818.5	7
2819.5	6
2820.5	8
2821.5	4
2822.5	5
2823.5	5
2824.5	8
2825.5	11
2826.5	5
2827.5	10
2828.5	6
2829.5	9
2830.5	10
2831.5	5
2832.5	7
2833.5	5
2834.5	6
2835.5	8
2836.5	8
2837.5	14
2838.5	8
2839.5	8
2840.5	13
2841.5	14
2842.5	10
2843.5	9
2844.5	8
2845.5	8
2846.5	7
2847.5	9
2848.5	11
2849.5	9
2850.5	6
2851.5	6
2852.5	12
2853.5	15
2854.5	11
2855.5	3
2856.5	10
2857.5	5
2858.5	9
2859.5	9
2860.5	2
2861.5	14
2862.5	7
2863.5	10
2864.5	10
2865.5	12
2866.5	18
2867.5	16
2868.5	10
2869.5	18
2870.5	8
2871.5	12
2872.5	8
2873.5	15
2874.5	9
2875.5	12
2876.5	13
2877.5	14
2878.5	9
2879.5	13
2880.5	9
2881.5	17
2882.5	19
2883.5	12
2884.5	11
2885.5	5
2886.5	16
2887.5	10
2888.5	7
2889.5	9
2890.5	11
2891.5	15
2892.5	9
2893.5	16
2894.5	10
2895.5	9
2896.5	17
2897.5	10
2898.5	6
2899.5	14
2900.5	8
2901.5	17
2902.5	7
2903.5	9
2904.5	11
2905.5	10
2906.5	10
2907.5	15
2908.5	12
2909.5	8
2910.5	12
2911.5	17
2912.5	13
2913.5	14
2914.5	6
2915.5	16
2916.5	7
2917.5	12
2918.5	16
2919.5	11
2920.5	12
2921.5	6
2922.5	12
2923.5	13
2924.5	13
2925.5	7
2926.5	7
2927.5	11
2928.5	11
2929.5	5
2930.5	14
2931.5	6
2932.5	14
2933.5	12
2934.5	6
2935.5	11
2936.5	15
2937.5	10
2938.5	6
2939.5	7
2940.5	8
2941.5	9
2942.5	9
2943.5	14
2944.5	12
2945.5	10
2946.5	18
2947.5	6
2948.5	7
2949.5	12
2950.5	7
2951.5	9
2952.5	9
2953.5	6
2954.5	12
2955.5	5
2956.5	13
2957.5	11
2958.5	8
2959.5	12
2960.5	10
2961.5	7
2962.5	10
2963.5	10
2964.5	12
2965.5	9
2966.5	16
2967.5	9
2968.5	6
2969.5	13
2970.5	13
2971.5	5
2972.5	11
2973.5	10
2974.5	11
2975.5	9
2976.5	12
2977.5	5
2978.5	9
2979.5	8
2980.5	8
2981.5	7
2982.5	8
2983.5	10
2984.5	8
2985.5	3
2986.5	11
2987.5	7
2988.5	10
2989.5	4
2990.5	11
2991.5	13
2992.5	11
2993.5	7
2994.5	5
2995.5	5
2996.5	6
2997.5	9
2998.5	5
2999.5	9
3000.5	9
3001.5	11
3002.5	10
3003.5	7
3004.5	10
3005.5	13
3006.5	11
3007.5	4
3008.5	7
3009.5	14
3010.5	12
3011.5	8
3012.5	8
3013.5	7
3014.5	8
3015.5	8
3016.5	9
3017.5	11
3018.5	12
3019.5	9
3020.5	11
3021.5	6
3022.5	13
3023.5	6
3024.5	7
3025.5	11
3026.5	12
3027.5	6
3028.5	11
3029.5	5
3030.5	6
3031.5	3
3032.5	10
3033.5	11
3034.5	9
3035.5	6
3036.5	10
3037.5	16
3038.5	4
3039.5	7
3040.5	12
3041.5	6
3042.5	5
3043.5	5
3044.5	10
3045.5	8
3046.5	12
3047.5	6
3048.5	3
3049.5	8
3050.5	6
3051.5	9
3052.5	13
3053.5	11
3054.5	11
3055.5	7
3056.5	9
3057.5	5
3058.5	5
3059.5	6
3060.5	6
3061.5	6
3062.5	3
3063.5	5
3064.5	6
3065.5	8
3066.5	12
3067.5	6
3068.5	11
3069.5	2
3070.5	9
3071.5	8
3072.5	8
3073.5	6
3074.5	9
3075.5	6
3076.5	10
3077.5	7
3078.5	8
3079.5	4
3080.5	9
3081.5	9
3082.5	10
3083.5	6
3084.5	11
3085.5	7
3086.5	9
3087.5	11
3088.5	2
3089.5	11
3090.5	10
3091.5	4
3092.5	7
3093.5	9
3094.5	12
3095.5	2
3096.5	6
3097.5	11
3098.5	12
3099.5	5
3100.5	8
3101.5	7
3102.5	6
3103.5	8
3104.5	4
3105.5	3
3106.5	4
3107.5	8
3108.5	5
3109.5	7
3110.5	6
3111.5	7
3112.5	7
3113.5	9
3114.5	10
3115.5	10
3116.5	6
3117.5	6
3118.5	12
3119.5	6
3120.5	6
3121.5	4
3122.5	1
3123.5	7
3124.5	7
3125.5	7
3126.5	8
3127.5	10
3128.5	5
3129.5	11
3130.5	4
3131.5	6
3132.5	3
3133.5	9
3134.5	3
3135.5	7
3136.5	9
3137.5	7
3138.5	2
3139.5	8
3140.5	8
3141.5	10
3142.5	4
3143.5	7
3144.5	5
3145.5	6
3146.5	12
3147.5	10
3148.5	5
3149.5	6
3150.5	6
3151.5	6
3152.5	4
3153.5	6
3154.5	6
3155.5	4
3156.5	1
3157.5	10
3158.5	2
3159.5	7
3160.5	6
3161.5	8
3162.5	9
3163.5	9
3164.5	6
3165.5	2
3166.5	7
3167.5	2
3168.5	11
3169.5	4
3170.5	5
3171.5	9
3172.5	6
3173.5	8
3174.5	7
3175.5	4
3176.5	5
3177.5	6
3178.5	4
3179.5	6
3180.5	10
3181.5	5
3182.5	2
3183.5	6
3184.5	6
3185.5	6
3186.5	5
3187.5	7
3188.5	6
3189.5	10
3190.5	8
3191.5	9
3192.5	9
3193.5	6
3194.5	4
3195.5	3
3196.5	6
3197.5	10
3198.5	6
3199.5	13
3200.5	4
3201.5	11
3202.5	7
3203.5	5
3204.5	6
3205.5	8
3206.5	10
3207.5	5
3208.5	5
3209.5	6
3210.5	3
3211.5	4
3212.5	2
3213.5	7
3214.5	4
3215.5	7
3216.5	1
3217.5	5
3218.5	4
3219.5	4
3220.5	3
3221.5	5
3222.5	3
3223.5	2
3224.5	4
3225.5	3
3226.5	10
3227.5	6
3228.5	3
3229.5	3
3230.5	6
3231.5	4
3232.5	3
3233.5	5
3234.5	5
3235.5	6
3236.5	4
3237.5	5
3238.5	5
3239.5	6
3240.5	7
3241.5	4
3242.5	3
3243.5	5
3244.5	8
3245.5	3
3246.5	6
3247.5	3
3248.5	5
3249.5	6
3250.5	4
3251.5	1
3252.5	4
3253.5	6
3254.5	4
3255.5	3
3256.5	4
3257.5	5
3258.5	2
3259.5	2
3260.5	2
3261.5	0
3262.5	5
3263.5	2
3264.5	2
3265.5	7
3266.5	5
3267.5	1
3268.5	3
3269.5	5
3270.5	2
3271.5	1
3272.5	3
3273.5	3
3274.5	5
3275.5	2
3276.5	3
3277.5	3
3278.5	8
3279.5	3
3280.5	3
3281.5	7
3282.5	1
3283.5	3
3284.5	6
3285.5	3
3286.5	1
3287.5	1
3288.5	2
3289.5	5
3290.5	2
3291.5	1
3292.5	4
3293.5	4
3294.5	5
3295.5	2
3296.5	3
3297.5	6
3298.5	5
3299.5	1
3300.5	5
3301.5	2
3302.5	0
3303.5	5
3304.5	2
3305.5	2
3306.5	5
3307.5	3
3308.5	6
3309.5	2
3310.5	4
3311.5	2
3312.5	2
3313.5	4
3314.5	4
3315.5	3
3316.5	1
3317.5	3
3318.5	4
3319.5	2
3320.5	6
3321.5	2
3322.5	3
3323.5	2
3324.5	3
3325.5	5
3326.5	2
3327.5	4
3328.5	2
3329.5	3
3330.5	2
3331.5	4
3332.5	5
3333.5	3
3334.5	3
3335.5	3
3336.5	3
3337.5	6
3338.5	1
3339.5	2
3340.5	0
3341.5	0
3342.5	3
3343.5	4
3344.5	3
3345.5	3
3346.5	4
3347.5	6
3348.5	3
3349.5	1
3350.5	4
3351.5	0
3352.5	1
3353.5	1
3354.5	3
3355.5	4
3356.5	5
3357.5	1
3358.5	3
3359.5	3
3360.5	2
3361.5	2
3362.5	1
3363.5	0
3364.5	0
3365.5	1
3366.5	2
3367.5	0
3368.5	2
3369.5	3
3370.5	7
3371.5	1
3372.5	1
3373.5	1
3374.5	0
3375.5	3
3376.5	1
3377.5	2
3378.5	0
3379.5	1
3380.5	5
3381.5	5
3382.5	2
3383.5	1
3384.5	0
3385.5	2
3386.5	4
3387.5	2
3388.5	6
3389.5	3
3390.5	3
3391.5	3
3392.5	1
3393.5	2
3394.5	5
3395.5	1
3396.5	2
3397.5	1
3398.5	0
3399.5	1
3400.5	4
3401.5	2
3402.5	3
3403.5	3
3404.5	3
3405.5	4
3406.5	2
3407.5	6
3408.5	2
3409.5	3
3410.5	3
3411.5	1
3412.5	3
3413.5	0
3414.5	1
3415.5	1
3416.5	1
3417.5	3
3418.5	4
3419.5	2
3420.5	4
3421.5	2
3422.5	2
3423.5	2
3424.5	6
3425.5	3
3426.5	3
3427.5	3
3428.5	3
3429.5	4
3430.5	5
3431.5	4
3432.5	8
3433.5	2
3434.5	8
3435.5	4
3436.5	2
3437.5	6
3438.5	3
3439.5	4
3440.5	6
3441.5	14
3442.5	9
3443.5	7
3444.5	6
3445.5	6
3446.5	7
3447.5	6
3448.5	11
3449.5	8
3450.5	13
3451.5	7
3452.5	10
3453.5	8
3454.5	9
3455.5	20
3456.5	10
3457.5	15
3458.5	15
3459.5	14
3460.5	16
3461.5	11
3462.5	15
3463.5	5
3464.5	14
3465.5	17
3466.5	20
3467.5	12
3468.5	7
3469.5	20
3470.5	14
3471.5	14
3472.5	14
3473.5	12
3474.5	13
3475.5	13
3476.5	14
3477.5	12
3478.5	13
3479.5	13
3480.5	9
3481.5	14
3482.5	16
3483.5	13
3484.5	23
3485.5	12
3486.5	22
3487.5	24
3488.5	21
3489.5	15
3490.5	10
3491.5	17
3492.5	25
3493.5	14
3494.5	25
3495.5	13
3496.5	19
3497.5	17
3498.5	19
3499.5	15
3500.5	20
3501.5	13
3502.5	8
3503.5	13
3504.5	17
3505.5	18
3506.5	12
3507.5	10
3508.5	15
3509.5	10
3510.5	18
3511.5	17
3512.5	10
3513.5	12
3514.5	12
3515.5	10
3516.5	12
3517.5	12
3518.5	12
3519.5	7
3520.5	11
3521.5	22
3522.5	12
3523.5	7
3524.5	10
3525.5	11
3526.5	11
3527.5	7
3528.5	7
3529.5	13
3530.5	17
3531.5	17
3532.5	10
3533.5	11
3534.5	9
3535.5	6
3536.5	10
3537.5	10
3538.5	4
3539.5	9
3540.5	9
3541.5	7
3542.5	6
3543.5	9
3544.5	8
3545.5	5
3546.5	5
3547.5	10
3548.5	6
3549.5	8
3550.5	1
3551.5	3
3552.5	3
3553.5	9
3554.5	7
3555.5	2
3556.5	2
3557.5	3
3558.5	1
3559.5	6
3560.5	4
3561.5	2
3562.5	5
3563.5	1
3564.5	2
3565.5	6
3566.5	2
3567.5	2
3568.5	2
3569.5	0
3570.5	2
3571.5	1
3572.5	3
3573.5	4
3574.5	2
3575.5	0
3576.5	1
3577.5	2
3578.5	3
3579.5	1
3580.5	0
3581.5	0
3582.5	1
3583.5	0
3584.5	1
3585.5	1
3586.5	2
3587.5	3
3588.5	2
3589.5	0
3590.5	1
3591.5	3
3592.5	0
3593.5	2
3594.5	0
3595.5	0
3596.5	0
3597.5	0
3598.5	0
3599.5	2
3600.5	1
3601.5	0
3602.5	1
3603.5	0
3604.5	1
3605.5	1
3606.5	0
3607.5	1
3608.5	1
3609.5	1
3610.5	0
3611.5	0
3612.5	1
3613.5	1
3614.5	1
3615.5	0
3616.5	1
3617.5	0
3618.5	1
3619.5	1
3620.5	1
3621.5	2
3622.5	0
3623.5	0
3624.5	0
3625.5	1
3626.5	2
3627.5	0
3628.5	0
3629.5	0
3630.5	0
3631.5	1
3632.5	0
3633.5	0
3634.5	1
3635.5	0
3636.5	0
3637.5	1
3638.5	0
3639.5	0
3640.5	0
3641.5	0
3642.5	2
3643.5	0
3644.5	0
3645.5	2
3646.5	1
3647.5	0
3648.5	0
3649.5	2
3650.5	0
3651.5	0
3652.5	0
3653.5	0
3654.5	0
3655.5	1
3656.5	1
3657.5	0
3658.5	0
3659.5	0
3660.5	3
3661.5	0
3662.5	0
3663.5	1
3664.5	1
3665.5	1
3666.5	1
3667.5	0
3668.5	0
3669.5	2
3670.5	0
3671.5	0
3672.5	1
3673.5	1
3674.5	0
3675.5	0
3676.5	1
3677.5	0
3678.5	0
3679.5	0
3680.5	0
3681.5	0
3682.5	0
3683.5	0
3684.5	0
3685.5	0
3686.5	0
3687.5	0
3688.5	0
3689.5	0
3690.5	0
3691.5	0
3692.5	0
3693.5	0
3694.5	1
3695.5	0
3696.5	0
3697.5	0
3698.5	0
3699.5	1
3700.5	0
3701.5	0
3702.5	0
3703.5	0
3704.5	0
3705.5	1
3706.5	1
3707.5	0
3708.5	0
3709.5	1
3710.5	0
3711.5	0
3712.5	0
3713.5	0
3714.5	0
3715.5	0
3716.5	2
3717.5	0
3718.5	0
3719.5	1
3720.5	0
3721.5	0
3722.5	0
3723.5	0
3724.5	0
3725.5	1
3726.5	1
3727.5	1
3728.5	0
3729.5	0
3730.5	0
3731.5	0
3732.5	0
3733.5	1
3734.5	1
3735.5	0
3736.5	2
3737.5	0
3738.5	0
3739.5	1
3740.5	0
3741.5	0
3742.5	0
3743.5	0
3744.5	3
3745.5	0
3746.5	0
3747.5	0
3748.5	0
3749.5	1
3750.5	0
3751.5	0
3752.5	1
3753.5	1
3754.5	1
3755.5	1
3756.5	0
3757.5	0
3758.5	0
3759.5	1
3760.5	0
3761.5	0
3762.5	1
3763.5	0
3764.5	0
3765.5	0
3766.5	0
3767.5	0
3768.5	0
3769.5	0
3770.5	1
3771.5	1
3772.5	0
3773.5	0
3774.5	0
3775.5	1
3776.5	0
3777.5	0
3778.5	0
3779.5	0
3780.5	0
3781.5	0
3782.5	0
3783.5	1
3784.5	0
3785.5	1
3786.5	0
3787.5	0
3788.5	0
3789.5	0
3790.5	0
3791.5	1
3792.5	1
3793.5	1
3794.5	0
3795.5	0
3796.5	0
3797.5	0
3798.5	1
3799.5	1
3800.5	0
3801.5	0
3802.5	0
3803.5	0
3804.5	0
3805.5	0
3806.5	0
3807.5	0
3808.5	1
3809.5	1
3810.5	1
3811.5	0
3812.5	0
3813.5	1
3814.5	0
3815.5	2
3816.5	0
3817.5	2
3818.5	1
3819.5	0
3820.5	0
3821.5	1
3822.5	0
3823.5	0
3824.5	0
3825.5	0
3826.5	0
3827.5	1
3828.5	0
3829.5	1
3830.5	0
3831.5	0
3832.5	0
3833.5	0
3834.5	1
3835.5	0
3836.5	0
3837.5	0
3838.5	0
3839.5	0
3840.5	2
3841.5	1
3842.5	0
3843.5	0
3844.5	1
3845.5	0
3846.5	1
3847.5	0
3848.5	0
3849.5	1
3850.5	1
3851.5	1
3852.5	1
3853.5	2
3854.5	2
3855.5	1
3856.5	1
3857.5	0
3858.5	0
3859.5	0
3860.5	0
3861.5	0
3862.5	0
3863.5	0
3864.5	1
3865.5	0
3866.5	0
3867.5	0
3868.5	0
3869.5	0
3870.5	0
3871.5	0
3872.5	0
3873.5	0
3874.5	0
3875.5	0
3876.5	0
3877.5	0
3878.5	0
3879.5	0
3880.5	0
3881.5	0
3882.5	0
3883.5	1
3884.5	0
3885.5	0
3886.5	0
3887.5	0
3888.5	0
3889.5	0
3890.5	0
3891.5	1
3892.5	0
3893.5	1
3894.5	0
3895.5	1
3896.5	0
3897.5	0
3898.5	0
3899.5	1
3900.5	0
3901.5	1
3902.5	1
3903.5	0
3904.5	0
3905.5	0
3906.5	1
3907.5	2
3908.5	1
3909.5	0
3910.5	0
3911.5	1
3912.5	0
3913.5	0
3914.5	0
3915.5	0
3916.5	0
3917.5	0
3918.5	0
3919.5	0
3920.5	2
3921.5	0
3922.5	0
3923.5	0
3924.5	0
3925.5	0
3926.5	0
3927.5	1
3928.5	0
3929.5	0
3930.5	1
3931.5	0
3932.5	0
3933.5	0
3934.5	0
3935.5	0
3936.5	2
3937.5	2
3938.5	1
3939.5	0
3940.5	0
3941.5	0
3942.5	0
3943.5	0
3944.5	0
3945.5	2
3946.5	0
3947.5	0
3948.5	0
3949.5	0
3950.5	0
3951.5	2
3952.5	0
3953.5	0
3954.5	0
3955.5	0
3956.5	0
3957.5	1
3958.5	0
3959.5	1
3960.5	2
3961.5	0
3962.5	0
3963.5	0
3964.5	0
3965.5	0
3966.5	1
3967.5	0
3968.5	0
3969.5	1
3970.5	0
3971.5	0
3972.5	1
3973.5	0
3974.5	0
3975.5	0
3976.5	1
3977.5	1
3978.5	1
3979.5	1
3980.5	2
3981.5	0
3982.5	1
3983.5	0
3984.5	0
3985.5	2
3986.5	1
3987.5	0
3988.5	0
3989.5	0
3990.5	0
3991.5	1
3992.5	0
3993.5	1
3994.5	1
3995.5	1
3996.5	1
3997.5	0
3998.5	0
3999.5	0
4000.5	1
4001.5	1
4002.5	0
4003.5	0
4004.5	0
4005.5	1
4006.5	0
4007.5	0
4008.5	0
4009.5	0
4010.5	0
4011.5	0
4012.5	0
4013.5	0
4014.5	0
4015.5	0
4016.5	0
4017.5	1
4018.5	1
4019.5	0
4020.5	0
4021.5	0
4022.5	0
4023.5	0
4024.5	0
4025.5	0
4026.5	0
4027.5	0
4028.5	0
4029.5	0
4030.5	0
4031.5	0
4032.5	0
4033.5	0
4034.5	1
4035.5	0
4036.5	0
4037.5	0
4038.5	0
4039.5	2
4040.5	0
4041.5	0
4042.5	0
4043.5	0
4044.5	0
4045.5	0
4046.5	0
4047.5	1
4048.5	0
4049.5	0
4050.5	0
4051.5	1
4052.5	0
4053.5	0
4054.5	0
4055.5	0
4056.5	0
4057.5	0
4058.5	1
4059.5	0
4060.5	0
4061.5	0
4062.5	2
4063.5	1
4064.5	0
4065.5	0
4066.5	0
4067.5	0
4068.5	0
4069.5	0
4070.5	0
4071.5	1
4072.5	0
4073.5	2
4074.5	1
4075.5	0
4076.5	1
4077.5	0
4078.5	1
4079.5	0
4080.5	0
4081.5	1
4082.5	1
4083.5	1
4084.5	1
4085.5	2
4086.5	0
4087.5	1
4088.5	1
4089.5	0
4090.5	0
4091.5	0
4092.5	0
4093.5	0
4094.5	0
4095.5	0
