0.00103918 1.50143e-05 0.00105419 0.00102416
0.00103918 1.50143e-05 0.00105419 0.00102416
0.00103866 1.50143e-05 0.00105367 0.00102364
0.00103893 1.50257e-05 0.00105395 0.0010239
0.00103737 1.50257e-05 0.00105239 0.00102234
0.00103659 1.50371e-05 0.00105163 0.00102155
0.00103763 1.50371e-05 0.00105267 0.0010226
0.00103711 1.50371e-05 0.00105215 0.00102208
0.00103738 1.50485e-05 0.00105243 0.00102233
0.00103738 1.50485e-05 0.00105243 0.00102233
0.00103764 1.50599e-05 0.0010527 0.00102258
0.00103764 1.50599e-05 0.0010527 0.00102258
0.00103764 1.50599e-05 0.0010527 0.00102258
0.00103738 1.50713e-05 0.00105246 0.00102231
0.00103738 1.50713e-05 0.00105246 0.00102231
0.00103765 1.50827e-05 0.00105273 0.00102256
0.00103712 1.50827e-05 0.00105221 0.00102204
0.00103791 1.50941e-05 0.001053 0.00102282
0.00103739 1.50941e-05 0.00105248 0.00102229
0.00103817 1.51055e-05 0.00105328 0.00102307
0.00103817 1.51055e-05 0.00105328 0.00102307
0.00103791 1.5117e-05 0.00105302 0.00102279
0.00103791 1.5117e-05 0.00105302 0.00102279
0.00103791 1.5117e-05 0.00105302 0.00102279
0.00103817 1.51284e-05 0.0010533 0.00102304
0.00103869 1.51284e-05 0.00105382 0.00102356
0.00103843 1.51398e-05 0.00105356 0.00102329
0.0010379 1.51398e-05 0.00105304 0.00102276
0.00103946 1.51626e-05 0.00105463 0.0010243
0.00103867 1.5174e-05 0.00105384 0.0010235
0.00103945 1.51854e-05 0.00105464 0.00102427
0.00103945 1.51854e-05 0.00105464 0.00102427
0.00103918 1.51968e-05 0.00105438 0.00102398
0.00103971 1.51968e-05 0.0010549 0.00102451
0.00103918 1.51968e-05 0.00105438 0.00102398
0.00103943 1.52082e-05 0.00105464 0.00102422
0.00103943 1.52082e-05 0.00105464 0.00102422
0.00103863 1.52196e-05 0.00105385 0.00102341
0.00103941 1.5231e-05 0.00105464 0.00102418
0.00103941 1.5231e-05 0.00105464 0.00102418
0.00103835 1.5231e-05 0.00105359 0.00102312
0.00103913 1.52425e-05 0.00105437 0.00102389
0.0010386 1.52425e-05 0.00105385 0.00102336
0.00103885 1.52539e-05 0.00105411 0.0010236
0.00103938 1.52539e-05 0.00105464 0.00102413
0.00103832 1.52539e-05 0.00105358 0.00102307
0.00103832 1.52539e-05 0.00105358 0.00102307
0.0010391 1.52653e-05 0.00105437 0.00102384
0.00103804 1.52653e-05 0.00105331 0.00102278
0.00103882 1.52767e-05 0.0010541 0.00102354
0.00103829 1.52767e-05 0.00105357 0.00102301
0.00103801 1.52881e-05 0.00105329 0.00102272
0.00103801 1.52881e-05 0.00105329 0.00102272
0.00103719 1.52995e-05 0.00105249 0.00102189
0.00103796 1.53109e-05 0.00105328 0.00102265
0.00103796 1.53109e-05 0.00105328 0.00102265
0.00103715 1.53223e-05 0.00105247 0.00102182
0.00103715 1.53223e-05 0.00105247 0.00102182
0.00103715 1.53223e-05 0.00105247 0.00102182
0.00103686 1.53337e-05 0.00105219 0.00102152
0.00103763 1.53451e-05 0.00105297 0.00102228
0.00103656 1.53451e-05 0.00105191 0.00102122
0.00103656 1.53451e-05 0.00105191 0.00102122
0.00103656 1.53451e-05 0.00105191 0.00102122
0.00103627 1.53565e-05 0.00105163 0.00102091
0.00103627 1.53565e-05 0.00105163 0.00102091
0.00103627 1.53565e-05 0.00105163 0.00102091
0.00103598 1.5368e-05 0.00105134 0.00102061
0.00103598 1.5368e-05 0.00105134 0.00102061
0.00103598 1.5368e-05 0.00105134 0.00102061
0.00103544 1.5368e-05 0.00105081 0.00102008
0.00103674 1.53794e-05 0.00105212 0.00102137
0.00103515 1.53794e-05 0.00105053 0.00101977
0.00103515 1.53794e-05 0.00105053 0.00101977
0.00103591 1.53908e-05 0.00105131 0.00102052
0.00103485 1.53908e-05 0.00105024 0.00101946
0.00103485 1.53908e-05 0.00105024 0.00101946
0.00103562 1.54022e-05 0.00105102 0.00102021
0.00103455 1.54022e-05 0.00104995 0.00101915
0.00103585 1.54136e-05 0.00105126 0.00102043
0.00103478 1.54136e-05 0.00105019 0.00101937
0.00103478 1.54136e-05 0.00105019 0.00101937
0.00103555 1.5425e-05 0.00105097 0.00102012
0.00103448 1.5425e-05 0.0010499 0.00101905
0.00103578 1.54364e-05 0.00105121 0.00102034
0.00103578 1.54364e-05 0.00105121 0.00102034
0.00103547 1.54478e-05 0.00105092 0.00102003
0.00103601 1.54478e-05 0.00105146 0.00102056
0.00103547 1.54478e-05 0.00105092 0.00102003
0.0010357 1.54592e-05 0.00105116 0.00102024
0.00103624 1.54592e-05 0.0010517 0.00102078
0.00103593 1.54706e-05 0.0010514 0.00102046
0.00103647 1.54706e-05 0.00105194 0.001021
0.00103669 1.5482e-05 0.00105218 0.00102121
0.00103562 1.5482e-05 0.0010511 0.00102014
0.00103616 1.5482e-05 0.00105164 0.00102068
0.00103638 1.54935e-05 0.00105188 0.00102089
0.00103638 1.54935e-05 0.00105188 0.00102089
0.00103638 1.54935e-05 0.00105188 0.00102089
0.00103661 1.55049e-05 0.00105212 0.00102111
0.00103661 1.55049e-05 0.00105212 0.00102111
0.00103715 1.55049e-05 0.00105265 0.00102164
0.00103607 1.55049e-05 0.00105158 0.00102057
0.00103661 1.55049e-05 0.00105212 0.00102111
0.00103737 1.55163e-05 0.00105289 0.00102186
0.00103684 1.55163e-05 0.00105235 0.00102132
0.0010376 1.55277e-05 0.00105313 0.00102207
0.0010376 1.55277e-05 0.00105313 0.00102207
0.00103706 1.55277e-05 0.00105259 0.00102153
0.00103706 1.55277e-05 0.00105259 0.00102153
0.00103782 1.55391e-05 0.00105336 0.00102228
0.00103728 1.55391e-05 0.00105282 0.00102175
0.00103589 1.55505e-05 0.00105144 0.00102034
0.00103589 1.55505e-05 0.00105144 0.00102034
0.00103697 1.55505e-05 0.00105252 0.00102142
0.00103665 1.55619e-05 0.00105221 0.00102109
0.00103719 1.55619e-05 0.00105275 0.00102163
0.00103719 1.55619e-05 0.00105275 0.00102163
0.00103633 1.55733e-05 0.00105191 0.00102076
0.00103633 1.55733e-05 0.00105191 0.00102076
0.00103709 1.55847e-05 0.00105268 0.00102151
0.00103601 1.55847e-05 0.0010516 0.00102043
0.00103731 1.55961e-05 0.00105291 0.00102171
0.00103623 1.55961e-05 0.00105183 0.00102063
0.00103623 1.55961e-05 0.00105183 0.00102063
0.00103623 1.55961e-05 0.00105183 0.00102063
0.00103591 1.56075e-05 0.00105151 0.0010203
0.00103645 1.56075e-05 0.00105205 0.00102084
0.00103645 1.56075e-05 0.00105205 0.00102084
0.00103612 1.5619e-05 0.00105174 0.0010205
0.00103612 1.5619e-05 0.00105174 0.0010205
0.0010358 1.56304e-05 0.00105143 0.00102017
0.00103526 1.56304e-05 0.00105089 0.00101963
0.00103601 1.56418e-05 0.00105165 0.00102037
0.00103439 1.56418e-05 0.00105003 0.00101874
0.00103514 1.56532e-05 0.00105079 0.00101949
0.00103535 1.56646e-05 0.00105102 0.00101969
0.00103427 1.56646e-05 0.00104993 0.0010186
0.00103556 1.5676e-05 0.00105124 0.00101989
0.00103469 1.56874e-05 0.00105037 0.001019
0.00103414 1.56874e-05 0.00104983 0.00101846
0.0010349 1.56988e-05 0.00105059 0.0010192
0.00103381 1.56988e-05 0.00104951 0.00101811
0.00103456 1.57102e-05 0.00105027 0.00101885
0.00103456 1.57102e-05 0.00105027 0.00101885
0.00103422 1.57216e-05 0.00104994 0.0010185
0.00103422 1.57216e-05 0.00104994 0.0010185
0.00103443 1.5733e-05 0.00105016 0.00101869
0.00103388 1.5733e-05 0.00104961 0.00101815
0.00103463 1.57445e-05 0.00105038 0.00101889
0.00103354 1.57445e-05 0.00104928 0.0010178
0.00103354 1.57445e-05 0.00104928 0.0010178
0.00103374 1.57559e-05 0.0010495 0.00101799
0.0010334 1.57673e-05 0.00104917 0.00101763
0.00103395 1.57673e-05 0.00104971 0.00101818
0.0010334 1.57673e-05 0.00104917 0.00101763
0.0010336 1.57787e-05 0.00104938 0.00101782
0.0010336 1.57787e-05 0.00104938 0.00101782
0.0010338 1.57901e-05 0.00104959 0.00101801
0.0010338 1.57901e-05 0.00104959 0.00101801
0.0010338 1.57901e-05 0.00104959 0.00101801
0.00103271 1.57901e-05 0.0010485 0.00101692
0.001034 1.58015e-05 0.0010498 0.0010182
0.001034 1.58015e-05 0.0010498 0.0010182
0.00103291 1.58015e-05 0.00104871 0.0010171
0.0010342 1.58129e-05 0.00105001 0.00101839
0.00103365 1.58129e-05 0.00104946 0.00101784
0.00103365 1.58129e-05 0.00104946 0.00101784
0.0010344 1.58243e-05 0.00105022 0.00101857
0.0010333 1.58243e-05 0.00104913 0.00101748
0.00103385 1.58243e-05 0.00104967 0.00101802
0.00103459 1.58357e-05 0.00105043 0.00101876
0.0010335 1.58357e-05 0.00104933 0.00101766
0.00103405 1.58357e-05 0.00104988 0.00101821
0.00103424 1.58471e-05 0.00105009 0.00101839
0.00103369 1.58471e-05 0.00104954 0.00101785
0.00103499 1.58585e-05 0.00105085 0.00101913
0.00103408 1.587e-05 0.00104995 0.00101821
0.00103483 1.58814e-05 0.00105071 0.00101894
0.00103502 1.58928e-05 0.00105091 0.00101913
0.00103466 1.59042e-05 0.00105056 0.00101876
0.0010354 1.59156e-05 0.00105132 0.00101949
0.00103485 1.59156e-05 0.00105077 0.00101893
0.00103559 1.5927e-05 0.00105152 0.00101967
0.00103559 1.5927e-05 0.00105152 0.00101967
0.00103449 1.5927e-05 0.00105042 0.00101856
0.00103468 1.59384e-05 0.00105062 0.00101874
0.00103542 1.59498e-05 0.00105137 0.00101947
0.00103431 1.59498e-05 0.00105026 0.00101836
0.00103487 1.59498e-05 0.00105082 0.00101892
0.00103505 1.59612e-05 0.00105101 0.00101909
0.0010345 1.59612e-05 0.00105046 0.00101854
0.00103524 1.59726e-05 0.00105121 0.00101927
0.00103469 1.59726e-05 0.00105066 0.00101871
0.00103472 1.59732e-05 0.00105069 0.00101875
0.00103472 1.59732e-05 0.00105069 0.00101875
0.00103435 1.59846e-05 0.00105034 0.00101837
0.00103435 1.59846e-05 0.00105034 0.00101837
0.00103454 1.5996e-05 0.00105053 0.00101854
0.00103343 1.5996e-05 0.00104942 0.00101743
0.00103343 1.5996e-05 0.00104942 0.00101743
0.00103306 1.60074e-05 0.00104906 0.00101705
0.00103324 1.60188e-05 0.00104926 0.00101722
0.00103324 1.60188e-05 0.00104926 0.00101722
0.00103231 1.60302e-05 0.00104834 0.00101628
0.00103304 1.60416e-05 0.00104908 0.001017
0.00103249 1.60416e-05 0.00104853 0.00101645
0.00103155 1.6053e-05 0.00104761 0.0010155
0.00103284 1.60644e-05 0.00104891 0.00101678
0.00103191 1.60759e-05 0.00104798 0.00101583
0.00103135 1.60759e-05 0.00104742 0.00101527
0.00103191 1.60759e-05 0.00104798 0.00101583
0.00103264 1.60873e-05 0.00104873 0.00101655
0.00103264 1.60873e-05 0.00104873 0.00101655
0.00103226 1.60987e-05 0.00104835 0.00101616
0.00103226 1.60987e-05 0.00104835 0.00101616
0.00103187 1.61101e-05 0.00104798 0.00101576
0.00103187 1.61101e-05 0.00104798 0.00101576
0.00103187 1.61101e-05 0.00104798 0.00101576
0.00103093 1.61215e-05 0.00104705 0.0010148
0.00102869 1.61215e-05 0.00104481 0.00101257
0.00103054 1.61329e-05 0.00104667 0.0010144
0.0010311 1.61329e-05 0.00104723 0.00101496
0.00102998 1.61329e-05 0.00104611 0.00101385
0.00103127 1.61443e-05 0.00104741 0.00101512
0.00103088 1.61557e-05 0.00104703 0.00101472
0.00103032 1.61557e-05 0.00104647 0.00101416
0.00103104 1.61671e-05 0.00104721 0.00101488
0.00103065 1.61785e-05 0.00104683 0.00101447
0.00103065 1.61785e-05 0.00104683 0.00101447
0.00103138 1.61899e-05 0.00104757 0.00101519
0.00103098 1.62014e-05 0.00104718 0.00101478
0.00103171 1.62128e-05 0.00104792 0.0010155
0.00103243 1.62242e-05 0.00104866 0.00101621
0.00103187 1.62242e-05 0.0010481 0.00101565
0.0010326 1.62356e-05 0.00104883 0.00101636
0.00103204 1.62356e-05 0.00104827 0.0010158
0.0010322 1.6247e-05 0.00104844 0.00101595
0.00103292 1.62584e-05 0.00104918 0.00101666
0.00103252 1.62698e-05 0.00104879 0.00101625
0.0010334 1.62926e-05 0.0010497 0.00101711
0.0010334 1.62926e-05 0.0010497 0.00101711
0.001033 1.6304e-05 0.0010493 0.00101669
0.00103429 1.63155e-05 0.0010506 0.00101797
0.00103316 1.63155e-05 0.00104947 0.00101684
0.00103316 1.63155e-05 0.00104947 0.00101684
0.00103388 1.63269e-05 0.00105021 0.00101755
0.00103347 1.63383e-05 0.00104981 0.00101713
0.00103347 1.63383e-05 0.00104981 0.00101713
0.00103347 1.63383e-05 0.00104981 0.00101713
0.00103306 1.63497e-05 0.00104941 0.00101671
0.00103306 1.63497e-05 0.00104941 0.00101671
0.00103265 1.63611e-05 0.00104901 0.00101628
0.00103265 1.63611e-05 0.00104901 0.00101628
0.00103337 1.63725e-05 0.00104974 0.00101699
0.00103223 1.63725e-05 0.0010486 0.00101586
0.00103223 1.63725e-05 0.0010486 0.00101586
0.00103238 1.63839e-05 0.00104877 0.001016
0.00103125 1.63839e-05 0.00104763 0.00101486
0.00103253 1.63953e-05 0.00104893 0.00101614
0.00103197 1.63953e-05 0.00104836 0.00101557
0.00103155 1.64067e-05 0.00104795 0.00101514
0.00103155 1.64067e-05 0.00104795 0.00101514
0.00103113 1.64181e-05 0.00104755 0.00101471
0.00103127 1.64295e-05 0.0010477 0.00101485
0.00103199 1.6441e-05 0.00104843 0.00101555
0.00103028 1.6441e-05 0.00104672 0.00101384
0.001031 1.64524e-05 0.00104745 0.00101454
0.001031 1.64524e-05 0.00104745 0.00101454
0.00103 1.64638e-05 0.00104646 0.00101354
0.00103129 1.64752e-05 0.00104776 0.00101481
0.00103086 1.64866e-05 0.00104734 0.00101437
0.00103029 1.64866e-05 0.00104677 0.0010138
0.001031 1.6498e-05 0.0010475 0.0010145
0.00102928 1.6498e-05 0.00104578 0.00101279
0.00103 1.65094e-05 0.00104651 0.00101349
0.00103 1.65094e-05 0.00104651 0.00101349
0.00102956 1.65208e-05 0.00104608 0.00101304
0.00102956 1.65208e-05 0.00104608 0.00101304
0.00102899 1.65208e-05 0.00104551 0.00101247
0.0010297 1.65322e-05 0.00104623 0.00101317
0.00103041 1.65436e-05 0.00104696 0.00101387
0.00102869 1.65436e-05 0.00104524 0.00101215
0.00102927 1.65436e-05 0.00104581 0.00101272
0.00102998 1.6555e-05 0.00104653 0.00101342
0.00102883 1.6555e-05 0.00104538 0.00101227
0.00103011 1.65665e-05 0.00104668 0.00101355
0.00102954 1.65665e-05 0.00104611 0.00101297
0.00102896 1.65665e-05 0.00104553 0.0010124
0.00103025 1.65779e-05 0.00104683 0.00101367
0.00102981 1.65893e-05 0.0010464 0.00101322
0.00102981 1.65893e-05 0.0010464 0.00101322
0.00103109 1.66007e-05 0.00104769 0.00101449
0.00102994 1.66007e-05 0.00104654 0.00101334
0.00103065 1.66121e-05 0.00104726 0.00101404
0.00103065 1.66121e-05 0.00104726 0.00101404
0.00103078 1.66235e-05 0.0010474 0.00101416
0.00103149 1.66349e-05 0.00104812 0.00101485
0.00103091 1.66349e-05 0.00104755 0.00101428
0.00103104 1.66463e-05 0.00104769 0.0010144
0.00103175 1.66577e-05 0.00104841 0.00101509
0.00103059 1.66577e-05 0.00104725 0.00101394
0.0010313 1.66691e-05 0.00104797 0.00101463
0.00103201 1.66806e-05 0.00104869 0.00101533
0.00103098 1.6692e-05 0.00104767 0.00101429
0.00103226 1.67034e-05 0.00104896 0.00101556
0.00103239 1.67148e-05 0.0010491 0.00101567
0.00103181 1.67148e-05 0.00104852 0.00101509
0.00103251 1.67262e-05 0.00104924 0.00101579
0.00103148 1.67376e-05 0.00104821 0.00101474
0.00103148 1.67376e-05 0.00104821 0.00101474
0.00103218 1.6749e-05 0.00104893 0.00101543
0.00103114 1.67604e-05 0.0010479 0.00101438
0.00103114 1.67604e-05 0.0010479 0.00101438
0.00103126 1.67718e-05 0.00104803 0.00101449
0.00103126 1.67718e-05 0.00104803 0.00101449
0.00103126 1.67718e-05 0.00104803 0.00101449
0.0010308 1.67832e-05 0.00104758 0.00101402
0.00103022 1.67832e-05 0.001047 0.00101344
0.00103092 1.67946e-05 0.00104772 0.00101413
0.00103037 1.67952e-05 0.00104717 0.00101358
0.00103049 1.68066e-05 0.0010473 0.00101368
0.00103061 1.6818e-05 0.00104743 0.00101379
0.00103072 1.68294e-05 0.00104755 0.00101389
0.00103014 1.68294e-05 0.00104697 0.00101331
0.00103026 1.68408e-05 0.0010471 0.00101342
0.00103037 1.68523e-05 0.00104722 0.00101352
0.00102862 1.68523e-05 0.00104547 0.00101177
0.00102756 1.68637e-05 0.00104443 0.0010107
0.00102815 1.68637e-05 0.00104501 0.00101128
0.00102884 1.68751e-05 0.00104572 0.00101197
0.00102826 1.68751e-05 0.00104513 0.00101138
0.00102884 1.68751e-05 0.00104572 0.00101197
0.00102767 1.68751e-05 0.00104455 0.0010108
0.00102837 1.68865e-05 0.00104525 0.00101148
0.00102848 1.68979e-05 0.00104538 0.00101158
0.001028 1.69093e-05 0.00104491 0.00101109
0.001028 1.69093e-05 0.00104491 0.00101109
0.00102811 1.69207e-05 0.00104503 0.00101119
0.00102694 1.69207e-05 0.00104386 0.00101002
0.00102822 1.69321e-05 0.00104515 0.00101128
0.00102704 1.69321e-05 0.00104397 0.00101011
0.00102715 1.69435e-05 0.00104409 0.0010102
0.00102784 1.69549e-05 0.00104479 0.00101088
0.00102677 1.69664e-05 0.00104373 0.0010098
0.00102805 1.69778e-05 0.00104502 0.00101107
0.00102756 1.69892e-05 0.00104455 0.00101057
0.00102766 1.70006e-05 0.00104466 0.00101066
0.00102766 1.70006e-05 0.00104466 0.00101066
0.00102835 1.7012e-05 0.00104536 0.00101134
0.00102776 1.7012e-05 0.00104477 0.00101075
0.00102845 1.70234e-05 0.00104547 0.00101143
0.00102855 1.70348e-05 0.00104558 0.00101152
0.00102855 1.70348e-05 0.00104558 0.00101152
0.00102855 1.70348e-05 0.00104558 0.00101152
0.00102806 1.70462e-05 0.0010451 0.00101101
0.00102934 1.70576e-05 0.00104639 0.00101228
0.00102934 1.70576e-05 0.00104639 0.00101228
0.00102884 1.7069e-05 0.00104591 0.00101177
0.00103012 1.70805e-05 0.0010472 0.00101304
0.00102894 1.70805e-05 0.00104602 0.00101186
0.00102963 1.70919e-05 0.00104672 0.00101253
0.00102963 1.70919e-05 0.00104672 0.00101253
0.00102913 1.71033e-05 0.00104623 0.00101203
0.00102922 1.71147e-05 0.00104634 0.00101211
0.00102991 1.71261e-05 0.00104703 0.00101278
0.00102941 1.71375e-05 0.00104654 0.00101227
0.00102941 1.71375e-05 0.00104654 0.00101227
0.0010295 1.71489e-05 0.00104665 0.00101235
0.00102899 1.71603e-05 0.00104615 0.00101183
0.00102968 1.71717e-05 0.00104685 0.00101251
0.00102858 1.71831e-05 0.00104576 0.00101139
0.00102926 1.71946e-05 0.00104645 0.00101207
0.00102935 1.7206e-05 0.00104655 0.00101214
0.00102884 1.72174e-05 0.00104605 0.00101162
0.00102892 1.72288e-05 0.00104615 0.00101169
0.00102841 1.72402e-05 0.00104565 0.00101117
0.00102849 1.72516e-05 0.00104574 0.00101124
0.00102857 1.7263e-05 0.00104584 0.00101131
0.00102806 1.72744e-05 0.00104533 0.00101078
0.00102814 1.72858e-05 0.00104542 0.00101085
0.00102882 1.72972e-05 0.00104611 0.00101152
0.0010277 1.73087e-05 0.001045 0.00101039
0.0010277 1.73087e-05 0.001045 0.00101039
0.00102717 1.73201e-05 0.00104449 0.00100985
0.00102657 1.73201e-05 0.00104389 0.00100925
0.00102725 1.73315e-05 0.00104458 0.00100992
0.00102672 1.73429e-05 0.00104407 0.00100938
0.00102672 1.73429e-05 0.00104407 0.00100938
0.0010274 1.73543e-05 0.00104475 0.00101005
0.0010256 1.73543e-05 0.00104295 0.00100824
0.00102634 1.73771e-05 0.00104372 0.00100897
0.00102641 1.73885e-05 0.0010438 0.00100903
0.00102649 1.73999e-05 0.00104389 0.00100909
0.00102716 1.74113e-05 0.00104457 0.00100975
0.00102662 1.74227e-05 0.00104405 0.0010092
0.00102662 1.74227e-05 0.00104405 0.0010092
0.0010273 1.74342e-05 0.00104473 0.00100986
0.00102676 1.74456e-05 0.00104421 0.00100931
0.00102743 1.7457e-05 0.00104489 0.00100997
0.0010275 1.74684e-05 0.00104497 0.00101003
0.00102763 1.74912e-05 0.00104512 0.00101014
0.0010283 1.75026e-05 0.0010458 0.0010108
0.00102843 1.75254e-05 0.00104595 0.0010109
0.00102916 1.75483e-05 0.0010467 0.00101161
0.00102922 1.75597e-05 0.00104678 0.00101166
0.00102873 1.75825e-05 0.00104631 0.00101115
0.0010294 1.75939e-05 0.00104699 0.0010118
0.00103006 1.76053e-05 0.00104767 0.00101246
0.00102884 1.76053e-05 0.00104645 0.00101124
0.00102951 1.76167e-05 0.00104713 0.00101189
0.00102896 1.76281e-05 0.00104658 0.00101133
0.00102901 1.76395e-05 0.00104665 0.00101137
0.00102906 1.76509e-05 0.00104672 0.00101141
0.00102851 1.76624e-05 0.00104617 0.00101084
0.00102851 1.76624e-05 0.00104617 0.00101084
0.00102856 1.76738e-05 0.00104623 0.00101088
0.001028 1.76852e-05 0.00104568 0.00101031
0.00102805 1.76966e-05 0.00104574 0.00101035
0.00102748 1.7708e-05 0.00104519 0.00100978
0.00102692 1.77194e-05 0.00104464 0.0010092
0.00102696 1.77308e-05 0.0010447 0.00100923
0.00102644 1.77536e-05 0.00104419 0.00100869
0.00102649 1.7765e-05 0.00104425 0.00100872
0.00102591 1.77765e-05 0.00104369 0.00100814
0.00102472 1.77879e-05 0.00104251 0.00100694
0.001026 1.77993e-05 0.0010438 0.0010082
0.00102604 1.78107e-05 0.00104385 0.00100823
0.00102608 1.78221e-05 0.0010439 0.00100826
0.00102554 1.78449e-05 0.00104338 0.00100769
0.00102496 1.78563e-05 0.00104281 0.0010071
0.00102561 1.78677e-05 0.00104348 0.00100774
0.00102565 1.78791e-05 0.00104353 0.00100777
0.00102568 1.78905e-05 0.00104357 0.00100779
0.00102571 1.7902e-05 0.00104362 0.00100781
0.00102513 1.79134e-05 0.00104304 0.00100721
0.00102516 1.79248e-05 0.00104308 0.00100723
0.00102581 1.79362e-05 0.00104375 0.00100788
0.00102646 1.79476e-05 0.00104441 0.00100852
0.0010265 1.7959e-05 0.00104445 0.00100854
0.00102715 1.79704e-05 0.00104512 0.00100918
0.00102655 1.79818e-05 0.00104454 0.00100857
0.0010272 1.79932e-05 0.0010452 0.00100921
0.00102723 1.80046e-05 0.00104524 0.00100923
0.00102729 1.80275e-05 0.00104531 0.00100926
0.00102731 1.80389e-05 0.00104535 0.00100927
0.00102798 1.80617e-05 0.00104605 0.00100992
0.00102738 1.80731e-05 0.00104546 0.00100931
0.00102868 1.80959e-05 0.00104678 0.00101058
0.00102745 1.81073e-05 0.00104555 0.00100934
0.00102747 1.81187e-05 0.00104558 0.00100935
0.00102747 1.81187e-05 0.00104558 0.00100935
0.00102686 1.81302e-05 0.00104499 0.00100873
0.00102748 1.81302e-05 0.00104561 0.00100935
0.00102687 1.81416e-05 0.00104502 0.00100873
0.00102626 1.8153e-05 0.00104442 0.00100811
0.00102628 1.81644e-05 0.00104444 0.00100811
0.00102566 1.81758e-05 0.00104384 0.00100749
0.00102568 1.81872e-05 0.00104386 0.00100749
0.00102632 1.81986e-05 0.00104452 0.00100812
0.00102507 1.821e-05 0.00104328 0.00100686
0.00102573 1.82328e-05 0.00104396 0.00100749
0.00102509 1.82328e-05 0.00104333 0.00100686
0.00102447 1.82443e-05 0.00104272 0.00100623
0.00102448 1.82557e-05 0.00104273 0.00100622
0.00102386 1.82785e-05 0.00104214 0.00100558
0.0010245 1.82899e-05 0.00104279 0.00100621
0.00102387 1.82899e-05 0.00104216 0.00100558
0.00102387 1.83013e-05 0.00104217 0.00100557
0.00102387 1.83013e-05 0.00104217 0.00100557
0.00102387 1.83013e-05 0.00104217 0.00100557
0.00102324 1.83127e-05 0.00104155 0.00100493
0.00102324 1.83241e-05 0.00104157 0.00100492
0.00102261 1.83355e-05 0.00104095 0.00100427
0.00102325 1.83469e-05 0.00104159 0.0010049
0.00102388 1.83584e-05 0.00104224 0.00100552
0.00102328 1.83818e-05 0.00104166 0.0010049
0.00102388 1.83812e-05 0.00104226 0.0010055
0.00102455 1.83932e-05 0.00104294 0.00100616
0.00102391 1.84046e-05 0.00104232 0.00100551
0.00102455 1.8416e-05 0.00104296 0.00100613
0.00102518 1.84274e-05 0.00104361 0.00100675
0.00102518 1.84388e-05 0.00104362 0.00100674
0.00102517 1.84502e-05 0.00104362 0.00100672
0.00102517 1.84617e-05 0.00104363 0.00100671
0.0010258 1.84731e-05 0.00104427 0.00100733
0.00102643 1.84845e-05 0.00104492 0.00100795
0.00102515 1.84845e-05 0.00104364 0.00100667
0.00102579 1.84959e-05 0.00104428 0.00100729
0.00102578 1.85073e-05 0.00104429 0.00100727
0.00102577 1.85187e-05 0.00104429 0.00100725
0.00102577 1.85187e-05 0.00104429 0.00100725
0.00102512 1.85301e-05 0.00104365 0.00100659
0.00102511 1.85415e-05 0.00104365 0.00100656
0.00102574 1.85529e-05 0.00104429 0.00100718
0.00102508 1.85643e-05 0.00104365 0.00100652
0.00102507 1.85758e-05 0.00104364 0.00100649
0.00102505 1.85872e-05 0.00104364 0.00100647
0.0010244 1.85986e-05 0.00104299 0.0010058
0.00102502 1.861e-05 0.00104363 0.00100641
0.00102436 1.86214e-05 0.00104298 0.00100574
0.00102434 1.86328e-05 0.00104298 0.00100571
0.00102433 1.86442e-05 0.00104297 0.00100568
0.00102366 1.86556e-05 0.00104232 0.001005
0.00102301 1.86556e-05 0.00104167 0.00100436
0.00102364 1.8667e-05 0.00104231 0.00100497
0.00102297 1.86785e-05 0.00104165 0.00100429
0.00102297 1.86785e-05 0.00104165 0.00100429
0.0010223 1.86899e-05 0.00104099 0.00100361
0.00102228 1.87013e-05 0.00104098 0.00100358
0.00102288 1.87241e-05 0.0010416 0.00100415
0.00102155 1.87355e-05 0.00104029 0.00100282
0.00102153 1.87469e-05 0.00104027 0.00100278
0.0010215 1.87583e-05 0.00104026 0.00100274
0.0010202 1.87583e-05 0.00103896 0.00100144
0.00102082 1.87697e-05 0.00103959 0.00100205
0.00102014 1.87811e-05 0.00103892 0.00100136
0.00101946 1.87926e-05 0.00103825 0.00100066
0.00102004 1.88154e-05 0.00103886 0.00100123
0.00101805 1.88268e-05 0.00103688 0.000999224
0.00101736 1.88382e-05 0.0010362 0.000998525
0.00101798 1.88496e-05 0.00103683 0.00099913
0.00101794 1.8861e-05 0.0010368 0.000999081
0.0010179 1.88724e-05 0.00103678 0.000999032
0.00101787 1.88838e-05 0.00103675 0.000998981
0.00101848 1.88952e-05 0.00103738 0.000999585
0.0010184 1.89181e-05 0.00103732 0.000999482
0.00101639 1.89295e-05 0.00103532 0.000997462
0.001017 1.89409e-05 0.00103594 0.000998063
0.00101827 1.89523e-05 0.00103723 0.000999321
0.0010156 1.89637e-05 0.00103456 0.000996638
0.00101621 1.89751e-05 0.00103519 0.000997237
0.00101682 1.89865e-05 0.00103581 0.000997837
0.0010148 1.89979e-05 0.0010338 0.000995804
0.00101607 1.90093e-05 0.00103508 0.000997061
0.00101602 1.90208e-05 0.00103504 0.000997
0.00101597 1.90322e-05 0.001035 0.000996939
0.00101587 1.9055e-05 0.00103492 0.000996814
0.00101516 1.90664e-05 0.00103422 0.00099609
0.00101571 1.90892e-05 0.0010348 0.000996621
0.00101499 1.91006e-05 0.00103409 0.000995894
0.00101433 1.91006e-05 0.00103343 0.000995232
0.00101295 1.9112e-05 0.00103206 0.00099384
0.00100826 1.91234e-05 0.00102738 0.000989134
0.00100886 1.91349e-05 0.00102799 0.000989724
0.00101139 1.91577e-05 0.00103055 0.000992232
0.00100934 1.91691e-05 0.0010285 0.000990167
0.0010106 1.91805e-05 0.00102978 0.00099142
0.00101054 1.91919e-05 0.00102973 0.000991345
0.00100914 1.92033e-05 0.00102835 0.000989939
0.00101041 1.92147e-05 0.00102962 0.000991193
0.00100901 1.92261e-05 0.00102824 0.000989783
0.00100761 1.92375e-05 0.00102685 0.000988372
0.00100821 1.9249e-05 0.00102746 0.000988958
0.0010054 1.92718e-05 0.00102467 0.000986125
0.00100532 1.92832e-05 0.00102461 0.000986041
0.00100584 1.9306e-05 0.00102515 0.000986539
0.00100109 1.93174e-05 0.0010204 0.000981768
0.00100369 1.93288e-05 0.00102301 0.000984357
0.00100361 1.93402e-05 0.00102295 0.000984268
0.00100152 1.93517e-05 0.00102087 0.000982167
0.00100345 1.93631e-05 0.00102281 0.000984088
0.000999933 1.93859e-05 0.00101932 0.000980547
0.000999849 1.93973e-05 0.00101925 0.000980452
0.00100178 1.94087e-05 0.00102119 0.000982374
0.000998335 1.94201e-05 0.00101775 0.000978915
0.000999594 1.94315e-05 0.00101903 0.000980163
0.000999508 1.94429e-05 0.00101895 0.000980065
0.000998658 1.94658e-05 0.00101812 0.000979192
0.000999918 1.94772e-05 0.0010194 0.000980441
0.000997219 1.94772e-05 0.0010167 0.000977742
0.000999063 1.95e-05 0.00101856 0.000979563
0.00100032 1.95114e-05 0.00101984 0.000980812
0.000996851 1.95228e-05 0.00101637 0.000977328
0.000999464 1.95342e-05 0.001019 0.000979929
0.00100072 1.95456e-05 0.00102027 0.000981179
0.000997339 1.95456e-05 0.00101688 0.000977793
0.000999276 1.9557e-05 0.00101883 0.000979719
0.000997826 1.95684e-05 0.00101739 0.000978257
0.000998989 1.95913e-05 0.00101858 0.000979398
0.00100093 1.96027e-05 0.00102053 0.000981327
0.000997534 1.96027e-05 0.00101714 0.000977931
0.000998794 1.96141e-05 0.00101841 0.00097918
0.00100015 1.96141e-05 0.00101977 0.000980539
0.000996656 1.96255e-05 0.00101628 0.00097703
0.000999956 1.96369e-05 0.00101959 0.000980319
0.000997815 1.96483e-05 0.00101746 0.000978166
0.000997713 1.96597e-05 0.00101737 0.000978053
0.000998973 1.96711e-05 0.00101864 0.000979302
0.000994675 1.9694e-05 0.00101437 0.000974981
0.00099651 1.97168e-05 0.00101623 0.000976793
0.000997193 1.97168e-05 0.00101691 0.000977476
0.000992303 1.97282e-05 0.00101203 0.000972575
0.000994928 1.97396e-05 0.00101467 0.000975189
0.000994819 1.9751e-05 0.00101457 0.000975068
0.000992656 1.97624e-05 0.00101242 0.000972893
0.000993914 1.97738e-05 0.00101369 0.00097414
0.00099106 1.97852e-05 0.00101085 0.000971275
0.000993003 1.97966e-05 0.0010128 0.000973207
0.000993576 1.98081e-05 0.00101338 0.000973768
0.000989342 1.98195e-05 0.00100916 0.000969523
0.000990599 1.98309e-05 0.00101043 0.000970768
0.000991169 1.98423e-05 0.00101101 0.000971326
0.000987612 1.98537e-05 0.00100747 0.000967758
0.000990124 1.98765e-05 0.00101 0.000970248
0.000987248 1.98879e-05 0.00100714 0.00096736
0.000988381 1.99107e-05 0.00100829 0.00096847
0.000991018 1.99222e-05 0.00101094 0.000971096
0.000986752 1.99336e-05 0.00100669 0.000966818
0.000987442 1.99336e-05 0.00100738 0.000967509
0.000987881 1.99564e-05 0.00100784 0.000967925
0.000987498 1.99906e-05 0.00100749 0.000967508
0.000985983 2.0002e-05 0.00100599 0.000965981
0.000986546 2.00134e-05 0.00100656 0.000966532
0.000987802 2.00249e-05 0.00100783 0.000967777
0.000986016 2.00591e-05 0.00100608 0.000965957
0.000988663 2.00705e-05 0.00100873 0.000968592
0.000985747 2.00819e-05 0.00100583 0.000965665
0.00098826 2.01047e-05 0.00100836 0.000968155
0.000987563 2.01047e-05 0.00100767 0.000967458
0.00098617 2.01047e-05 0.00100627 0.000966066
0.000987987 2.01275e-05 0.00100811 0.000967859
0.000985756 2.0139e-05 0.0010059 0.000965617
0.000988547 2.0139e-05 0.00100869 0.000968408
0.000989805 2.01504e-05 0.00100996 0.000969655
0.000986733 2.01732e-05 0.00100691 0.00096656
0.000987291 2.01846e-05 0.00100748 0.000967107
0.00098715 2.0196e-05 0.00100735 0.000966954
0.000987565 2.02188e-05 0.00100778 0.000967346
0.000989524 2.02302e-05 0.00100975 0.000969293
0.00098643 2.02531e-05 0.00100668 0.000966177
0.000986284 2.02645e-05 0.00100655 0.00096602
0.000989649 2.02759e-05 0.00100992 0.000969373
0.000985286 2.02873e-05 0.00100557 0.000964999
0.000987247 2.02987e-05 0.00100755 0.000966948
0.000988357 2.03215e-05 0.00100868 0.000968035
0.000986094 2.03329e-05 0.00100643 0.000965761
0.000987352 2.03443e-05 0.0010077 0.000967008
0.000984932 2.03672e-05 0.0010053 0.000964565
0.000986896 2.03786e-05 0.00100727 0.000966517
0.000988708 2.04014e-05 0.00100911 0.000968306
0.000989814 2.04242e-05 0.00101024 0.00096939
0.000989503 2.0447e-05 0.00100995 0.000969056
0.000988795 2.0447e-05 0.00100924 0.000968348
0.000989189 2.04698e-05 0.00100966 0.000968719
0.000989741 2.04813e-05 0.00101022 0.000969259
0.000988872 2.04927e-05 0.00100936 0.00096838
0.000988002 2.05041e-05 0.00100851 0.000967498
0.000983577 2.05155e-05 0.00100409 0.000963062
0.000982204 2.05611e-05 0.00100277 0.000961643
0.000984887 2.05725e-05 0.00100546 0.000964315
0.000983294 2.05839e-05 0.00100388 0.00096271
0.000985098 2.06068e-05 0.00100571 0.000964492
0.00098476 2.06296e-05 0.00100539 0.00096413
0.000983703 2.06524e-05 0.00100436 0.000963051
0.000986394 2.06638e-05 0.00100706 0.00096573
0.000982641 2.06752e-05 0.00100332 0.000961966
0.000984617 2.06866e-05 0.0010053 0.00096393
0.000986594 2.06981e-05 0.00100729 0.000965896
0.000983551 2.07095e-05 0.00100426 0.000962841
0.000986246 2.07209e-05 0.00100697 0.000965525
0.000985895 2.07437e-05 0.00100664 0.000965151
0.000985718 2.07551e-05 0.00100647 0.000964963
0.000987875 2.07551e-05 0.00100863 0.00096712
0.000982663 2.07665e-05 0.00100343 0.000961897
0.000985904 2.07893e-05 0.00100669 0.000965114
0.000988607 2.08007e-05 0.00100941 0.000967806
0.000984102 2.08122e-05 0.00100491 0.00096329
0.000987347 2.0835e-05 0.00100818 0.000966512
0.000985721 2.08464e-05 0.00100657 0.000964874
0.000985354 2.08692e-05 0.00100622 0.000964485
0.000987523 2.08692e-05 0.00100839 0.000966654
0.000983908 2.08692e-05 0.00100478 0.000963039
0.000985893 2.08806e-05 0.00100677 0.000965012
0.000988418 2.09034e-05 0.00100932 0.000967515
0.000984423 2.09263e-05 0.00100535 0.000963497
0.000985685 2.09377e-05 0.00100662 0.000964748
0.000987486 2.09605e-05 0.00100845 0.000966525
0.000985117 2.09719e-05 0.00100609 0.000964145
0.000987107 2.09833e-05 0.00100809 0.000966124
0.000983087 2.10061e-05 0.00100409 0.000962081
0.000984916 2.10296e-05 0.00100595 0.000963887
0.000986681 2.10518e-05 0.00100773 0.00096563
0.000982673 2.10753e-05 0.00100375 0.000961598
0.000984864 2.10753e-05 0.00100594 0.000963788
0.00098593 2.10981e-05 0.00100703 0.000964832
0.000983338 2.11209e-05 0.00100446 0.000962217
0.000984401 2.11438e-05 0.00100554 0.000963257
0.000983264 2.11666e-05 0.00100443 0.000962097
0.00098306 2.1178e-05 0.00100424 0.000961882
0.000985384 2.12122e-05 0.0010066 0.000964172
0.000981822 2.12465e-05 0.00100307 0.000960576
0.00098435 2.12693e-05 0.00100562 0.000963081
0.000985197 2.13035e-05 0.0010065 0.000963893
0.000981605 2.13377e-05 0.00100294 0.000960268
0.000984135 2.13606e-05 0.0010055 0.000962775
0.000983921 2.1372e-05 0.00100529 0.000962549
0.000982964 2.13834e-05 0.00100435 0.000961581
0.000984971 2.13948e-05 0.00100637 0.000963576
0.00098253 2.14062e-05 0.00100394 0.000961124
0.000983796 2.14176e-05 0.00100521 0.000962378
0.000986764 2.14176e-05 0.00100818 0.000965346
0.000982616 2.14404e-05 0.00100406 0.000961176
0.000985587 2.14404e-05 0.00100703 0.000964147
0.000984406 2.14633e-05 0.00100587 0.000962942
0.000983441 2.14747e-05 0.00100492 0.000961966
0.000985452 2.14861e-05 0.00100694 0.000963966
0.000983742 2.14975e-05 0.00100524 0.000962244
0.000984264 2.15089e-05 0.00100577 0.000962755
0.000986277 2.15203e-05 0.0010078 0.000964756
0.000983591 2.15431e-05 0.00100513 0.000962048
0.000983591 2.15431e-05 0.00100513 0.000962048
0.000985606 2.15545e-05 0.00100716 0.000964051
0.000983886 2.15659e-05 0.00100545 0.00096232
0.000984927 2.15888e-05 0.00100652 0.000963339
0.000982974 2.16116e-05 0.00100459 0.000961362
0.000984012 2.16344e-05 0.00100565 0.000962377
0.0009858 2.16572e-05 0.00100746 0.000964143
0.000981582 2.16801e-05 0.00100326 0.000959902
0.000982615 2.17029e-05 0.00100432 0.000960912
0.000985153 2.17257e-05 0.00100688 0.000963428
0.000980915 2.17485e-05 0.00100266 0.000959166
0.000983175 2.17485e-05 0.00100492 0.000961426
0.000979681 2.17713e-05 0.00100145 0.00095791
0.000982218 2.17942e-05 0.00100401 0.000960424
0.000983728 2.17942e-05 0.00100552 0.000961934
0.000978956 2.18056e-05 0.00100076 0.00095715
0.000981249 2.18398e-05 0.00100309 0.000959409
0.000982519 2.18512e-05 0.00100437 0.000960667
0.000979245 2.18626e-05 0.00100111 0.000957382
0.000981271 2.1874e-05 0.00100315 0.000959397
0.000980778 2.18969e-05 0.00100268 0.000958881
0.00098053 2.19083e-05 0.00100244 0.000958622
0.000982048 2.19083e-05 0.00100396 0.00096014
0.000979522 2.19197e-05 0.00100144 0.000957603
0.000980792 2.19311e-05 0.00100272 0.000958861
0.000981813 2.19539e-05 0.00100377 0.000959859
0.000977504 2.19767e-05 0.000999481 0.000955527
0.000980805 2.19995e-05 0.0010028 0.000958806
0.000979278 2.20338e-05 0.00100131 0.000957245
0.000978001 2.20566e-05 0.00100006 0.000955944
0.000981564 2.2068e-05 0.00100363 0.000959496
0.000978248 2.20794e-05 0.00100033 0.000956168
0.000979259 2.21022e-05 0.00100136 0.000957156
0.000982062 2.21137e-05 0.00100418 0.000959949
0.000978475 2.21365e-05 0.00100061 0.000956338
0.000982048 2.21479e-05 0.0010042 0.0009599
0.000984857 2.21593e-05 0.00100702 0.000962698
0.000984334 2.21821e-05 0.00100652 0.000962152
0.000985347 2.22049e-05 0.00100755 0.000963142
0.000985853 2.22163e-05 0.00100807 0.000963637
0.00098559 2.22278e-05 0.00100782 0.000963362
0.000985831 2.22506e-05 0.00100808 0.00096358
0.000984023 2.2262e-05 0.00100628 0.000961761
0.000982213 2.22734e-05 0.00100449 0.000959939
0.000974723 2.22962e-05 0.000997019 0.000952427
0.000975995 2.23076e-05 0.000998302 0.000953687
0.000981634 2.23305e-05 0.00100396 0.000959304
0.000980314 2.23533e-05 0.00100267 0.000957961
0.00098104 2.23875e-05 0.00100343 0.000958653
0.000982817 2.24103e-05 0.00100523 0.000960406
0.000978098 2.24446e-05 0.00100054 0.000955653
0.000981147 2.24788e-05 0.00100363 0.000958668
0.000980584 2.25016e-05 0.00100309 0.000958082
0.000977677 2.25244e-05 0.0010002 0.000955153
0.000978668 2.25473e-05 0.00100122 0.000956121
0.000978095 2.25701e-05 0.00100066 0.000955525
0.000978301 2.25929e-05 0.00100089 0.000955708
0.000979783 2.26271e-05 0.00100241 0.000957156
0.000976064 2.26499e-05 0.000998714 0.000953414
0.00097911 2.26842e-05 0.00100179 0.000956426
0.000979309 2.2707e-05 0.00100202 0.000956602
0.000977144 2.27298e-05 0.000999873 0.000954414
0.000980192 2.27641e-05 0.00100296 0.000957428
0.000978507 2.27983e-05 0.00100131 0.000955709
0.000978395 2.28325e-05 0.00100123 0.000955562
0.000980654 2.28667e-05 0.00100352 0.000957787
0.000978155 2.2901e-05 0.00100106 0.000955254
0.000979436 2.29124e-05 0.00100235 0.000956524
0.000982001 2.29352e-05 0.00100494 0.000959066
0.000978692 2.29694e-05 0.00100166 0.000955723
0.000980461 2.29923e-05 0.00100345 0.000957469
0.000980637 2.30151e-05 0.00100365 0.000957622
0.000979215 2.30379e-05 0.00100225 0.000956177
0.000979386 2.30607e-05 0.00100245 0.000956326
0.000977473 2.30721e-05 0.00100055 0.000954401
0.000980356 2.30835e-05 0.00100344 0.000957272
0.00098164 2.3095e-05 0.00100474 0.000958545
0.000977805 2.31178e-05 0.00100092 0.000954688
0.000980857 2.3152e-05 0.00100401 0.000957705
0.000978291 2.31862e-05 0.00100148 0.000955105
0.000978127 2.32205e-05 0.00100135 0.000954907
0.000978283 2.32433e-05 0.00100153 0.00095504
0.000974886 2.32775e-05 0.000998163 0.000951608
0.000977456 2.33003e-05 0.00100076 0.000954156
0.000978084 2.33346e-05 0.00100142 0.000954749
0.000973709 2.3346e-05 0.000997055 0.000950363
0.00097628 2.33688e-05 0.000999649 0.000952912
0.000976089 2.3403e-05 0.000999492 0.000952686
0.000975418 2.34259e-05 0.000998844 0.000951992
0.000976705 2.34373e-05 0.00100014 0.000953268
0.000974405 2.34601e-05 0.000997865 0.000950945
0.000974879 2.34715e-05 0.000998351 0.000951408
0.000977455 2.34943e-05 0.00100095 0.00095396
0.000973516 2.35171e-05 0.000997033 0.000949999
0.000975749 2.35514e-05 0.0009993 0.000952198
0.000975406 2.35628e-05 0.000998968 0.000951843
0.000973082 2.35856e-05 0.000996668 0.000949497
0.000975659 2.36084e-05 0.000999268 0.000952051
0.000974965 2.36313e-05 0.000998597 0.000951334
0.000974738 2.36655e-05 0.000998403 0.000951072
0.00097779 2.36997e-05 0.00100149 0.00095409
0.000975091 2.3734e-05 0.000998825 0.000951357
0.000977675 2.37568e-05 0.00100143 0.000953918
0.000978144 2.37682e-05 0.00100191 0.000954376
0.000975787 2.3791e-05 0.000999578 0.000951996
0.000977548 2.38138e-05 0.00100136 0.000953734
0.000976008 2.38366e-05 0.000999844 0.000952171
0.000975289 2.38595e-05 0.000999148 0.00095143
0.000977409 2.38709e-05 0.00100128 0.000953538
0.000974205 2.38937e-05 0.000998099 0.000950311
0.000975964 2.39165e-05 0.000999881 0.000952048
0.00097643 2.39279e-05 0.00100036 0.000952502
0.000974042 2.39508e-05 0.000997993 0.000950092
0.000975434 2.3985e-05 0.000999419 0.000951449
0.000974699 2.40078e-05 0.000998707 0.000950691
0.000974423 2.4042e-05 0.000998465 0.000950381
0.000976182 2.40649e-05 0.00100025 0.000952117
0.000972562 2.40991e-05 0.000996661 0.000948463
0.000973483 2.41219e-05 0.000997605 0.000949361
0.000976076 2.41447e-05 0.00100022 0.000951932
0.000971976 2.41676e-05 0.000996143 0.000947808
0.000974191 2.42018e-05 0.000998393 0.000949989
0.000973431 2.42246e-05 0.000997656 0.000949207
0.000972286 2.42588e-05 0.000996545 0.000948027
0.000974883 2.42817e-05 0.000999164 0.000950601
0.000971203 2.43159e-05 0.000995519 0.000946887
0.000972958 2.43387e-05 0.000997296 0.000948619
0.000974714 2.43615e-05 0.000999075 0.000950352
0.000970105 2.43729e-05 0.000994478 0.000945732
0.000973548 2.43958e-05 0.000997944 0.000949152
0.0009728 2.44194e-05 0.000997219 0.00094838
0.000971169 2.44422e-05 0.000995611 0.000946727
0.000974225 2.44765e-05 0.000998701 0.000949748
0.000970041 2.44993e-05 0.00099454 0.000945542
0.000972644 2.45221e-05 0.000997166 0.000948122
0.000975249 2.45449e-05 0.000999794 0.000950704
0.000970599 2.45563e-05 0.000995155 0.000946042
0.000972752 2.45677e-05 0.00099732 0.000948184
0.000974507 2.45906e-05 0.000999098 0.000949917
0.000973255 2.4602e-05 0.000997857 0.000948653
0.000973707 2.46134e-05 0.00099832 0.000949093
0.000971196 2.46362e-05 0.000995832 0.000946559
0.000974658 2.4659e-05 0.000999317 0.000949999
0.000976415 2.46819e-05 0.0010011 0.000951733
0.000976462 2.47047e-05 0.00100117 0.000951757
0.000978221 2.47275e-05 0.00100295 0.000953493
0.000977815 2.47389e-05 0.00100255 0.000953076
0.000976551 2.47503e-05 0.0010013 0.000951801
0.000977002 2.47617e-05 0.00100176 0.00095224
0.000977902 2.47846e-05 0.00100269 0.000953118
0.000976634 2.4796e-05 0.00100143 0.000951838
0.000972375 2.48188e-05 0.000997194 0.000947556
0.00096422 2.48302e-05 0.000989051 0.00093939
0.000970272 2.4853e-05 0.000995125 0.000945419
0.000974163 2.48644e-05 0.000999028 0.000949299
0.000969885 2.48872e-05 0.000994772 0.000944997
0.0009725 2.49101e-05 0.00099741 0.00094759
0.000969072 2.49329e-05 0.000994005 0.000944139
0.000969095 2.49557e-05 0.00099405 0.000944139
0.000990748 2.49785e-05 0.00101573 0.000965769
0.000990373 2.50128e-05 0.00101539 0.00096536
0.000991276 2.50356e-05 0.00101631 0.000966241
0.00099218 2.50584e-05 0.00101724 0.000967121
0.000990477 2.50812e-05 0.00101556 0.000965396
0.000990509 2.51041e-05 0.00101561 0.000965405
0.000989668 2.51269e-05 0.0010148 0.000964541
0.000990145 2.51611e-05 0.00101531 0.000964984
0.000991492 2.51953e-05 0.00101669 0.000966297
0.000989769 2.52182e-05 0.00101499 0.000964551
0.000990665 2.5241e-05 0.00101591 0.000965424
0.000990238 2.52524e-05 0.00101549 0.000964986
0.00098806 2.52638e-05 0.00101332 0.000962796
0.000988953 2.52866e-05 0.00101424 0.000963666
0.000988969 2.53095e-05 0.00101428 0.000963659
0.00098855 2.53437e-05 0.00101389 0.000963207
0.000989441 2.53665e-05 0.00101481 0.000964074
0.000987692 2.53893e-05 0.00101308 0.000962303
0.000988136 2.54007e-05 0.00101354 0.000962735
0.000989905 2.54236e-05 0.00101533 0.000964481
0.000985943 2.5435e-05 0.00101138 0.000960508
0.000988149 2.54464e-05 0.0010136 0.000962702
0.00098771 2.54578e-05 0.00101317 0.000962252
0.000986388 2.54692e-05 0.00101186 0.000960919
0.000987713 2.54806e-05 0.00101319 0.000962232
0.000985506 2.5492e-05 0.001011 0.000960014
0.000970479 2.55149e-05 0.000995993 0.000944964
0.000969144 2.55263e-05 0.00099467 0.000943618
0.000967355 2.55491e-05 0.000992905 0.000941806
0.000968673 2.55605e-05 0.000994233 0.000943112
0.00096822 2.55719e-05 0.000993791 0.000942648
0.000965993 2.55833e-05 0.000991576 0.00094041
0.000968197 2.55947e-05 0.000993792 0.000942602
0.000968173 2.56175e-05 0.00099379 0.000942555
0.000966829 2.5629e-05 0.000992458 0.0009412
0.000969467 2.56518e-05 0.000995118 0.000943815
0.000964993 2.56746e-05 0.000990667 0.000939318
0.000967201 2.5686e-05 0.000992887 0.000941515
0.000968951 2.57088e-05 0.00099466 0.000943242
0.000964035 2.57202e-05 0.000989756 0.000938315
0.000967137 2.57317e-05 0.000992869 0.000941406
0.000965319 2.57545e-05 0.000991073 0.000939564
0.000963495 2.57773e-05 0.000989272 0.000937718
0.000966602 2.57887e-05 0.00099239 0.000940813
0.000962986 2.58115e-05 0.000988798 0.000937175
0.000963838 2.58344e-05 0.000989672 0.000938003
0.000966481 2.58572e-05 0.000992338 0.000940624
0.000964219 2.58686e-05 0.000990087 0.00093835
0.000965966 2.58914e-05 0.000991858 0.000940075
0.000964125 2.59142e-05 0.000990039 0.000938211
0.000964974 2.59371e-05 0.000990911 0.000939037
0.000965823 2.59599e-05 0.000991783 0.000939863
0.000962649 2.59713e-05 0.00098862 0.000936678
0.000964395 2.59941e-05 0.000990389 0.000938401
0.000965719 2.60055e-05 0.000991725 0.000939714
0.000962538 2.60169e-05 0.000988555 0.000936521
0.000966089 2.60398e-05 0.000992128 0.000940049
0.000965609 2.60512e-05 0.000991661 0.000939558
0.000963746 2.6074e-05 0.00098982 0.000937672
0.000965493 2.60968e-05 0.00099159 0.000939396
0.000963623 2.61196e-05 0.000989743 0.000937504
0.000964044 2.6131e-05 0.000990175 0.000937913
0.000965792 2.61539e-05 0.000991946 0.000939638
0.000963008 2.61767e-05 0.000989184 0.000936831
0.00096657 2.61995e-05 0.00099277 0.000940371
0.000966504 2.62223e-05 0.000992726 0.000940281
0.000965107 2.62337e-05 0.00099134 0.000938873
0.000965526 2.62452e-05 0.000991772 0.000939281
0.000962726 2.6268e-05 0.000988994 0.000936458
0.000964473 2.62908e-05 0.000990764 0.000938183
0.000965311 2.63136e-05 0.000991624 0.000938997
0.000962499 2.63364e-05 0.000988835 0.000936162
0.000964246 2.63593e-05 0.000990605 0.000937886
0.000964584 2.63935e-05 0.000990977 0.00093819
0.000963588 2.64163e-05 0.000990004 0.000937171
0.000966669 2.64505e-05 0.000993119 0.000940218
0.000962918 2.64734e-05 0.000989391 0.000936444
0.000964666 2.64962e-05 0.000991162 0.000938169
0.000968166 2.65418e-05 0.000994708 0.000941624
0.000964903 2.65532e-05 0.000991456 0.00093835
0.000967158 2.65647e-05 0.000993723 0.000940594
0.000968494 2.65761e-05 0.00099507 0.000941918
0.000966055 2.66103e-05 0.000992665 0.000939444
0.000967806 2.66331e-05 0.000994439 0.000941173
0.000965897 2.66568e-05 0.000992554 0.00093924
0.000966311 2.66682e-05 0.000992979 0.000939642
0.000969082 2.66682e-05 0.00099575 0.000942414
0.000964876 2.66797e-05 0.000991555 0.000938196
0.000967551 2.67025e-05 0.000994254 0.000940849
0.000967452 2.67253e-05 0.000994178 0.000940727
0.000964572 2.67481e-05 0.00099132 0.000937824
0.00096725 2.6771e-05 0.000994021 0.000940479
0.000969931 2.67938e-05 0.000996725 0.000943137
0.000968899 2.68166e-05 0.000995716 0.000942083
0.000969724 2.68394e-05 0.000996563 0.000942884
0.000969618 2.68622e-05 0.00099648 0.000942756
0.000969922 2.68965e-05 0.000996818 0.000943025
0.00096888 2.69193e-05 0.000995799 0.00094196
0.000967835 2.69421e-05 0.000994777 0.000940892
0.000964918 2.69649e-05 0.000991883 0.000937953
0.000958256 2.69878e-05 0.000985243 0.000931268
0.000961873 2.70106e-05 0.000988884 0.000934862
0.000964559 2.70334e-05 0.000991592 0.000937525
0.000961624 2.70562e-05 0.00098868 0.000934568
0.000963905 2.70676e-05 0.000990973 0.000936837
0.000964718 2.70905e-05 0.000991808 0.000937627
0.000962178 2.71247e-05 0.000989303 0.000935054
0.000963393 2.71589e-05 0.000990552 0.000936234
0.000963261 2.71818e-05 0.000990442 0.000936079
0.000963127 2.72046e-05 0.000990332 0.000935922
0.000964339 2.72388e-05 0.000991578 0.0009371
0.000961369 2.72616e-05 0.000988631 0.000934108
0.000962577 2.72959e-05 0.000989873 0.000935281
0.000964328 2.73187e-05 0.000991647 0.000937009
0.000962292 2.73415e-05 0.000989634 0.000934951
0.000963095 2.73643e-05 0.00099046 0.000935731
0.000962549 2.73758e-05 0.000989924 0.000935173
0.000959555 2.73986e-05 0.000986953 0.000932156
0.000962254 2.74214e-05 0.000989675 0.000934832
0.000959651 2.74556e-05 0.000987106 0.000932195
0.000961001 2.7467e-05 0.000988468 0.000933534
0.000962752 2.74899e-05 0.000990242 0.000935262
0.000960137 2.75241e-05 0.000987661 0.000932613
0.00096324 2.75583e-05 0.000990799 0.000935682
0.000963083 2.75812e-05 0.000990664 0.000935502
0.000962365 2.76154e-05 0.00098998 0.000934749
0.000964118 2.76382e-05 0.000991756 0.000936479
0.000962997 2.7661e-05 0.000990658 0.000935336
0.000962833 2.76839e-05 0.000990517 0.000935149
0.000964189 2.76953e-05 0.000991884 0.000936494
0.000962667 2.77067e-05 0.000990374 0.00093496
0.00096442 2.77295e-05 0.00099215 0.000936691
0.000964817 2.77409e-05 0.000992558 0.000937076
0.000961764 2.77637e-05 0.000989528 0.000934
0.000965442 2.77866e-05 0.000993229 0.000937656
0.00096295 2.7798e-05 0.000990748 0.000935152
0.000964136 2.78322e-05 0.000991968 0.000936304
0.000966287 2.78664e-05 0.000994153 0.000938421
0.000959742 2.79007e-05 0.000987643 0.000931841
0.000961494 2.79235e-05 0.000989418 0.000933571
0.000962855 2.79349e-05 0.00099079 0.00093492
0.000958408 2.79463e-05 0.000986354 0.000930462
0.000962097 2.79691e-05 0.000990066 0.000934128
0.000960365 2.80034e-05 0.000988368 0.000932361
0.000960567 2.80376e-05 0.000988605 0.00093253
0.000962713 2.80718e-05 0.000990785 0.000934641
0.000958629 2.80947e-05 0.000986724 0.000930535
0.000960772 2.81289e-05 0.000988901 0.000932643
0.000961551 2.81517e-05 0.000989703 0.0009334
0.000960379 2.81745e-05 0.000988553 0.000932204
0.000961546 2.82088e-05 0.000989755 0.000933337
0.00095939 2.82316e-05 0.000987621 0.000931158
0.000959574 2.82658e-05 0.00098784 0.000931308
0.000962697 2.83001e-05 0.000990997 0.000934397
0.000957972 2.83343e-05 0.000986307 0.000929638
0.000958744 2.83571e-05 0.000987101 0.000930387
0.000960885 2.83914e-05 0.000989276 0.000932493
0.000956736 2.84142e-05 0.00098515 0.000928322
0.000959259 2.84598e-05 0.000987718 0.000930799
0.000959425 2.84941e-05 0.000987919 0.000930931
0.00095723 2.85169e-05 0.000985747 0.000928713
0.000958985 2.85397e-05 0.000987525 0.000930445
0.000956401 2.85511e-05 0.000984952 0.00092785
0.000956176 2.85739e-05 0.00098475 0.000927602
0.00095793 2.85968e-05 0.000986527 0.000929334
0.000955721 2.86196e-05 0.00098434 0.000927101
0.000958085 2.8631e-05 0.000986716 0.000929454
0.000955871 2.86538e-05 0.000984525 0.000927217
0.000958238 2.86652e-05 0.000986903 0.000929573
0.000959001 2.86881e-05 0.000987689 0.000930313
0.00095678 2.87109e-05 0.000985491 0.000928069
0.000956545 2.87337e-05 0.000985279 0.000927812
0.000959297 2.87565e-05 0.000988054 0.000930541
0.000956071 2.87793e-05 0.00098485 0.000927292
0.000959822 2.88022e-05 0.000988624 0.00093102
0.000960344 2.88478e-05 0.000989192 0.000931496
0.000959483 2.8882e-05 0.000988365 0.000930601
0.000960241 2.89049e-05 0.000989146 0.000931336
0.000958749 2.89505e-05 0.000987699 0.000929798
0.000959882 2.89847e-05 0.000988867 0.000930898
0.000961394 2.90304e-05 0.000990424 0.000932364
0.000956862 2.9076e-05 0.000985938 0.000927786
0.000958364 2.91217e-05 0.000987486 0.000929243
0.000958481 2.91559e-05 0.000987637 0.000929325
0.000957584 2.91902e-05 0.000986774 0.000928394
0.000958333 2.9213e-05 0.000987546 0.00092912
0.000956416 2.92472e-05 0.000985664 0.000927169
0.000956521 2.92814e-05 0.000985803 0.00092724
0.000959671 2.93157e-05 0.000988987 0.000930355
0.000954691 2.93499e-05 0.000984041 0.000925341
0.000956451 2.93727e-05 0.000985824 0.000927078
0.000956547 2.9407e-05 0.000985954 0.00092714
0.00095627 2.94298e-05 0.0009857 0.00092684
0.000958403 2.9464e-05 0.000987867 0.000928939
0.00095506 2.94868e-05 0.000984547 0.000925573
0.000955515 2.95325e-05 0.000985048 0.000925983
0.000956992 2.95781e-05 0.00098657 0.000927414
0.000953629 2.9601e-05 0.00098323 0.000924028
0.00095539 2.96238e-05 0.000985014 0.000925766
0.000958838 2.96352e-05 0.000988473 0.000929203
0.00095818 2.96466e-05 0.000987827 0.000928534
0.000958918 2.96694e-05 0.000988587 0.000929248
0.000958995 2.97037e-05 0.000988699 0.000929292
0.00095804 2.97379e-05 0.000987778 0.000928302
0.000958112 2.97721e-05 0.000987884 0.00092834
0.000958181 2.98064e-05 0.000987987 0.000928375
0.000955815 2.98292e-05 0.000985644 0.000925986
0.00094967 2.98634e-05 0.000979534 0.000919807
0.000949723 2.98977e-05 0.000979621 0.000919825
0.000953921 2.99319e-05 0.000983853 0.000923989
0.000953611 2.99547e-05 0.000983566 0.000923656
0.000953299 2.99775e-05 0.000983277 0.000923321
0.000954388 3.00118e-05 0.000984399 0.000924376
0.000954073 3.00346e-05 0.000984108 0.000924038
0.000955839 3.00574e-05 0.000985897 0.000925782
0.000956565 3.00802e-05 0.000986645 0.000926485
0.000955205 3.01031e-05 0.000985308 0.000925102
0.000954886 3.01259e-05 0.000985012 0.00092476
0.000956654 3.01487e-05 0.000986802 0.000926505
0.000956333 3.01715e-05 0.000986504 0.000926161
0.000958102 3.01943e-05 0.000988296 0.000927908
0.000957094 3.02286e-05 0.000987322 0.000926865
0.000957817 3.02514e-05 0.000988068 0.000927565
0.00095995 3.02856e-05 0.000990235 0.000929664
0.000954373 3.03085e-05 0.000984682 0.000924065
0.000956862 3.03541e-05 0.000987216 0.000926508
0.000956529 3.03769e-05 0.000986906 0.000926152
0.000954089 3.03997e-05 0.000984489 0.000923689
0.000955859 3.04226e-05 0.000986282 0.000925436
0.000953071 3.04682e-05 0.00098354 0.000922603
0.000955199 3.05025e-05 0.000985701 0.000924696
0.000953799 3.05253e-05 0.000984324 0.000923273
0.000953454 3.05481e-05 0.000984002 0.000922905
0.000954166 3.05709e-05 0.000984737 0.000923595
0.000954878 3.05937e-05 0.000985472 0.000924284
0.000946228 3.03166e-05 0.000976544 0.000915911
0.000945829 3.02367e-05 0.000976066 0.000915592
0.000945777 3.01682e-05 0.000975945 0.000915608
0.000946758 3.00997e-05 0.000976857 0.000916658
0.000945284 3.00198e-05 0.000975304 0.000915265
0.000944165 2.99513e-05 0.000974117 0.000914214
0.000945834 2.99057e-05 0.00097574 0.000915928
0.000947802 2.98372e-05 0.000977639 0.000917965
0.000943564 2.97687e-05 0.000973333 0.000913796
0.000945569 2.97345e-05 0.000975304 0.000915835
0.000945509 2.97002e-05 0.000975209 0.000915809
0.000942665 2.96431e-05 0.000972308 0.000913022
0.000943264 2.95975e-05 0.000972861 0.000913666
0.000946634 2.95747e-05 0.000976209 0.00091706
0.00094495 2.95861e-05 0.000974536 0.000915364
0.000943561 2.95747e-05 0.000973135 0.000913986
0.000945904 2.95518e-05 0.000975455 0.000916352
0.000943492 2.95404e-05 0.000973032 0.000913951
0.000947875 2.95176e-05 0.000977393 0.000918357
0.000940647 2.94833e-05 0.000970131 0.000911164
0.000948083 2.94605e-05 0.000977544 0.000918623
0.000945879 2.9392e-05 0.000975271 0.000916487
0.000946075 2.9335e-05 0.00097541 0.00091674
0.000944691 2.93235e-05 0.000974015 0.000915368
0.000945249 2.92779e-05 0.000974527 0.000915971
0.000948195 2.92436e-05 0.000977439 0.000918952
0.000948097 2.92094e-05 0.000977306 0.000918887
0.000947996 2.91751e-05 0.000977171 0.000918821
0.000946779 2.91067e-05 0.000975886 0.000917672
0.000947941 2.90496e-05 0.000976991 0.000918892
0.000947456 2.90039e-05 0.00097646 0.000918452
0.000947971 2.89583e-05 0.000976929 0.000919013
0.000949106 2.89012e-05 0.000978008 0.000920205
0.000950606 2.88555e-05 0.000979461 0.00092175
0.000951474 2.88213e-05 0.000980296 0.000922653
0.000947728 2.87985e-05 0.000976526 0.000918929
0.00095021 2.87528e-05 0.000978962 0.000921457
0.000950073 2.87186e-05 0.000978791 0.000921354
0.000948562 2.86729e-05 0.000977235 0.000919889
0.000951398 2.86387e-05 0.000980036 0.000922759
0.000951251 2.86044e-05 0.000979855 0.000922647
0.000949123 2.85702e-05 0.000977693 0.000920552
0.00095232 2.85474e-05 0.000980867 0.000923772
0.000947606 2.85245e-05 0.00097613 0.000919081
0.000950035 2.84789e-05 0.000978514 0.000921556
0.000949497 2.84332e-05 0.00097793 0.000921064
0.000948354 2.8399e-05 0.000976752 0.000919955
0.000945245 2.83647e-05 0.00097361 0.00091688
0.000950375 2.83419e-05 0.000978717 0.000922033
0.000950804 2.82962e-05 0.0009791 0.000922508
0.000950633 2.8262e-05 0.000978895 0.000922371
0.000945569 2.82278e-05 0.000973797 0.000917342
0.000947945 2.81821e-05 0.000976127 0.000919763
0.000950694 2.81479e-05 0.000978841 0.000922546
0.000947589 2.81136e-05 0.000975703 0.000919476
0.000952856 2.8068e-05 0.000980924 0.000924788
0.000956939 2.80451e-05 0.000984984 0.000928894
0.000954219 2.80223e-05 0.000982241 0.000926196
0.000954022 2.79881e-05 0.00098201 0.000926034
0.00095576 2.79538e-05 0.000983714 0.000927806
0.000956523 2.79196e-05 0.000984443 0.000928604
0.00095689 2.78739e-05 0.000984764 0.000929016
0.000955715 2.78397e-05 0.000983554 0.000927875
0.000952222 2.7794e-05 0.000980016 0.000924428
0.000946813 2.77484e-05 0.000974561 0.000919064
0.000950053 2.77027e-05 0.000977756 0.00092235
0.000955588 2.76685e-05 0.000983256 0.000927919
0.000954968 2.76228e-05 0.000982591 0.000927345
0.000952995 2.75657e-05 0.00098056 0.000925429
0.00095809 2.75201e-05 0.00098561 0.00093057
0.00095158 2.74972e-05 0.000979077 0.000924082
0.000955151 2.7463e-05 0.000982614 0.000927688
0.000956413 2.74173e-05 0.00098383 0.000928995
0.000948183 2.73717e-05 0.000975554 0.000920811
0.000954572 2.73374e-05 0.00098191 0.000927235
0.000953924 2.72918e-05 0.000981215 0.000926632
0.000948403 2.72689e-05 0.000975671 0.000921134
0.000952328 2.72461e-05 0.000979574 0.000925082
0.000948303 2.72119e-05 0.000975515 0.000921091
0.000951417 2.71662e-05 0.000978583 0.000924251
0.000953977 2.7132e-05 0.000981109 0.000926845
0.000949957 2.70977e-05 0.000977055 0.00092286
0.000955854 2.70521e-05 0.000982906 0.000928801
0.000951836 2.70178e-05 0.000978854 0.000924818
0.000951564 2.69836e-05 0.000978548 0.000924581
0.000954091 2.69493e-05 0.00098104 0.000927141
0.000956081 2.69265e-05 0.000983007 0.000929154
0.000956322 2.68809e-05 0.000983203 0.000929441
0.00095551 2.6858e-05 0.000982368 0.000928652
0.000954292 2.68238e-05 0.000981115 0.000927468
0.000955336 2.6801e-05 0.000982137 0.000928535
0.000958752 2.67667e-05 0.000985519 0.000931985
0.000956599 2.67325e-05 0.000983332 0.000929867
0.000953524 2.66982e-05 0.000980222 0.000926826
0.000957433 2.66526e-05 0.000984086 0.000930781
0.000956304 2.65955e-05 0.0009829 0.000929709
0.000960687 2.65384e-05 0.000987226 0.000934149
0.000953939 2.65042e-05 0.000980443 0.000927435
0.000958621 2.64814e-05 0.000985103 0.00093214
0.000961046 2.64471e-05 0.000987494 0.000934599
0.000957972 2.64129e-05 0.000984385 0.000931559
0.000957644 2.63786e-05 0.000984023 0.000931265
0.000962789 2.63444e-05 0.000989133 0.000936445
0.000956069 2.63101e-05 0.000982379 0.000929759
0.000952094 2.62759e-05 0.00097837 0.000925818
0.00095358 2.62417e-05 0.000979822 0.000927339
0.000964558 2.62188e-05 0.000990777 0.000938339
0.000952414 2.61846e-05 0.000978598 0.000926229
0.000961552 2.61618e-05 0.000987714 0.00093539
0.000947622 2.61275e-05 0.00097375 0.000921495
0.000956742 2.61047e-05 0.000982846 0.000930637
0.000952777 2.60704e-05 0.000978848 0.000926707
0.000951943 2.60476e-05 0.000977991 0.000925895
0.000959703 2.60134e-05 0.000985716 0.000933689
0.000962939 2.59791e-05 0.000988918 0.00093696
0.00095448 2.59449e-05 0.000980425 0.000928535
0.000957708 2.59106e-05 0.000983619 0.000931797
0.000961348 2.58878e-05 0.000987236 0.00093546
0.000958285 2.58536e-05 0.000984139 0.000932432
0.000958805 2.58193e-05 0.000984624 0.000932986
0.000961106 2.57851e-05 0.000986891 0.000935321
0.000958046 2.57508e-05 0.000983797 0.000932295
0.000954523 2.5728e-05 0.000980251 0.000928795
0.000956812 2.56938e-05 0.000982506 0.000931119
0.000960904 2.56367e-05 0.00098654 0.000935267
0.000960965 2.5591e-05 0.000986556 0.000935374
0.000961906 2.55454e-05 0.000987451 0.00093636
0.00095047 2.54997e-05 0.000975969 0.00092497
0.000958919 2.54426e-05 0.000984361 0.000933476
0.00096643 2.54084e-05 0.000991838 0.000941021
0.000962936 2.53627e-05 0.000988299 0.000937573
0.000963834 2.53171e-05 0.000989151 0.000938517
0.000954648 2.52828e-05 0.00097993 0.000929365
0.000957728 2.52486e-05 0.000982976 0.000932479
0.000963416 2.52144e-05 0.000988631 0.000938202
0.000952513 2.51801e-05 0.000977693 0.000927333
0.000958186 2.51459e-05 0.000983332 0.000933041
0.000956446 2.5123e-05 0.000981569 0.000931323
0.000959488 2.50888e-05 0.000984577 0.000934399
0.000956443 2.50546e-05 0.000981497 0.000931388
0.000958602 2.50203e-05 0.000983623 0.000933582
0.000956853 2.49747e-05 0.000981828 0.000931878
0.000963758 2.49518e-05 0.00098871 0.000938806
0.000958558 2.4929e-05 0.000983487 0.000933629
0.000961994 2.49062e-05 0.0009869 0.000937088
0.00096025 2.48833e-05 0.000985134 0.000935367
0.000963675 2.48605e-05 0.000988536 0.000938815
0.000971808 2.48263e-05 0.000996634 0.000946982
0.000957167 2.48034e-05 0.000981971 0.000932364
0.000953711 2.47806e-05 0.000978491 0.00092893
0.000967412 2.47578e-05 0.00099217 0.000942654
0.000964806 2.4735e-05 0.000989541 0.000940071
0.00096946 2.47007e-05 0.000994161 0.00094476
0.000968116 2.46665e-05 0.000992783 0.00094345
0.000966772 2.46322e-05 0.000991405 0.00094214
0.000972646 2.45866e-05 0.000997232 0.000948059
0.000970892 2.45637e-05 0.000995455 0.000946328
0.000965337 2.45523e-05 0.00098989 0.000940785
0.000960191 2.45295e-05 0.000984721 0.000935662
0.000956305 2.44953e-05 0.0009808 0.00093181
0.00097361 2.4461e-05 0.000998071 0.000949149
0.00096717 2.44268e-05 0.000991597 0.000942743
0.000962434 2.43925e-05 0.000986827 0.000938042
0.000957708 2.43583e-05 0.000982066 0.00093335
0.000961868 2.43355e-05 0.000986204 0.000937533
0.000971915 2.43126e-05 0.000996228 0.000947602
0.000969319 2.42898e-05 0.000993609 0.00094503
0.000969249 2.4267e-05 0.000993516 0.000944982
0.000964138 2.42441e-05 0.000988382 0.000939894
0.000962391 2.42213e-05 0.000986613 0.00093817
0.000963999 2.41985e-05 0.000988197 0.0009398
0.000970168 2.41642e-05 0.000994333 0.000946004
0.000955419 2.413e-05 0.000979549 0.000931289
0.000961651 2.41186e-05 0.00098577 0.000937533
0.000964537 2.41072e-05 0.000988644 0.000940429
0.000957402 2.40958e-05 0.000981498 0.000933307
0.000963167 2.40729e-05 0.00098724 0.000939094
0.000970584 2.40501e-05 0.000994634 0.000946534
0.00096134 2.40273e-05 0.000985367 0.000937313
0.000967079 2.40044e-05 0.000991083 0.000943074
0.00096819 2.39702e-05 0.00099216 0.00094422
0.000958973 2.39474e-05 0.00098292 0.000935025
0.000966713 2.39131e-05 0.000990626 0.0009428
0.000971584 2.38903e-05 0.000995474 0.000947693
0.000969828 2.38675e-05 0.000993696 0.000945961
0.000971739 2.38332e-05 0.000995573 0.000947906
0.000971992 2.3799e-05 0.000995791 0.000948193
0.000975064 2.37533e-05 0.000998818 0.000951311
0.000968729 2.37191e-05 0.000992448 0.00094501
0.000966864 2.36734e-05 0.000990537 0.000943191
0.000965465 2.36392e-05 0.000989105 0.000941826
0.000964533 2.36163e-05 0.000988149 0.000940917
0.000963951 2.35821e-05 0.000987534 0.000940369
0.000967099 2.35593e-05 0.000990658 0.00094354
0.000965693 2.3525e-05 0.000989218 0.000942168
0.000962314 2.35022e-05 0.000985816 0.000938811
0.000964976 2.3468e-05 0.000988444 0.000941508
0.000958353 2.34451e-05 0.000981798 0.000934907
0.000959853 2.34223e-05 0.000983276 0.000936431
0.000962971 2.33995e-05 0.00098637 0.000939571
0.000964799 2.33652e-05 0.000988164 0.000941434
0.00097356 2.33424e-05 0.000996902 0.000950217
0.000970992 2.33196e-05 0.000994312 0.000947672
0.000962778 2.32967e-05 0.000986075 0.000939482
0.00096392 2.32853e-05 0.000987205 0.000940635
0.00095814 2.32625e-05 0.000981402 0.000934877
0.00096719 2.32283e-05 0.000990418 0.000943962
0.000961416 2.32054e-05 0.000984622 0.000938211
0.00096288 2.31826e-05 0.000986062 0.000939697
0.000976372 2.31598e-05 0.000999532 0.000953213
0.000959708 2.31255e-05 0.000982834 0.000936582
0.000964363 2.31027e-05 0.000987465 0.00094126
0.000974603 2.30799e-05 0.000997683 0.000951523
0.000974271 2.30342e-05 0.000997305 0.000951237
0.000970432 2.3e-05 0.000993432 0.000947432
0.00096453 2.29543e-05 0.000987484 0.000941576
0.000977383 2.29201e-05 0.0010003 0.000954463
0.000972751 2.28858e-05 0.000995637 0.000949865
0.000967338 2.28516e-05 0.000990189 0.000944486
0.000971421 2.28173e-05 0.000994238 0.000948604
0.000981802 2.27831e-05 0.00100458 0.000959019
0.000978453 2.27603e-05 0.00100121 0.000955692
0.000965656 2.27374e-05 0.000988394 0.000942919
0.000962326 2.27146e-05 0.000985041 0.000939612
0.000960573 2.26918e-05 0.000983265 0.000937881
0.000973742 2.2669e-05 0.000996411 0.000951073
0.000976975 2.26347e-05 0.00099961 0.000954341
0.000961702 2.25891e-05 0.000984291 0.000939113
0.000962101 2.25434e-05 0.000984644 0.000939558
0.000961127 2.25206e-05 0.000983647 0.000938606
0.000969505 2.24977e-05 0.000992002 0.000947007
0.000973759 2.24521e-05 0.000996211 0.000951307
0.000960625 2.24178e-05 0.000983043 0.000938207
0.000978765 2.24064e-05 0.00100117 0.000956358
0.000965853 2.2395e-05 0.000988248 0.000943458
0.000961769 2.23722e-05 0.000984141 0.000939397
0.000973672 2.23608e-05 0.000996032 0.000951311
0.000978594 2.23494e-05 0.00100094 0.000956245
0.000972457 2.23151e-05 0.000994772 0.000950142
0.000970964 2.22809e-05 0.000993245 0.000948684
0.000966885 2.2258e-05 0.000989143 0.000944627
0.000967707 2.22238e-05 0.000989931 0.000945484
0.000979284 2.21896e-05 0.00100147 0.000957094
0.000973935 2.21553e-05 0.00099609 0.00095178
0.000971398 2.21325e-05 0.000993531 0.000949266
0.000968364 2.20982e-05 0.000990462 0.000946266
0.000967628 2.2064e-05 0.000989692 0.000945564
0.00097681 2.20298e-05 0.00099884 0.00095478
0.000971739 2.19841e-05 0.000993723 0.000949755
0.000969209 2.19613e-05 0.00099117 0.000947248
0.000972761 2.19384e-05 0.0009947 0.000950823
0.00096922 2.18928e-05 0.000991113 0.000947327
0.000968206 2.18357e-05 0.000990042 0.00094637
0.00097575 2.18015e-05 0.000997552 0.000953949
0.000970956 2.17786e-05 0.000992735 0.000949178
0.0009722 2.17558e-05 0.000993955 0.000950444
0.000968677 2.17444e-05 0.000990421 0.000946932
0.00096465 2.17216e-05 0.000986371 0.000942928
0.000971153 2.16987e-05 0.000992851 0.000949454
0.000967637 2.16873e-05 0.000989324 0.000945949
0.000971871 2.16645e-05 0.000993536 0.000950207
0.000979844 2.16417e-05 0.00100149 0.000958202
0.000973568 2.16188e-05 0.000995187 0.000951949
0.000970295 2.1596e-05 0.000991891 0.000948699
0.000974269 2.15846e-05 0.000995853 0.000952684
0.000979732 2.15732e-05 0.00100131 0.000958159
0.000979669 2.15389e-05 0.00100121 0.00095813
0.000969917 2.15047e-05 0.000991422 0.000948413
0.000970832 2.1459e-05 0.000992291 0.000949372
0.000976482 2.14362e-05 0.000997918 0.000955046
0.000976625 2.13905e-05 0.000998016 0.000955234
0.00097454 2.13449e-05 0.000995885 0.000953196
0.000980146 2.13221e-05 0.00100147 0.000958824
0.000980572 2.12992e-05 0.00100187 0.000959273
0.000978784 2.12764e-05 0.00100006 0.000957508
0.000979625 2.12307e-05 0.00100086 0.000958395
0.000978252 2.11851e-05 0.000999438 0.000957067
0.000976465 2.11623e-05 0.000997628 0.000955303
0.000975617 2.1128e-05 0.000996745 0.000954489
0.000979882 2.10938e-05 0.00100098 0.000958788
0.000971522 2.10709e-05 0.000992593 0.000950451
0.000973787 2.10253e-05 0.000994812 0.000952761
0.000976898 2.10139e-05 0.000997912 0.000955884
0.000974912 2.10025e-05 0.000995915 0.00095391
0.000973852 2.09796e-05 0.000994832 0.000952873
0.000972263 2.09454e-05 0.000993208 0.000951318
0.00098135 2.09226e-05 0.00100227 0.000960428
0.000981191 2.08883e-05 0.00100208 0.000960303
0.000972168 2.08655e-05 0.000993033 0.000951303
0.000975436 2.08427e-05 0.000996279 0.000954594
0.000980859 2.08198e-05 0.00100168 0.000960039
0.000975461 2.0797e-05 0.000996258 0.000954664
0.000980328 2.07628e-05 0.00100109 0.000959565
0.000977813 2.07399e-05 0.000998553 0.000957073
0.000976199 2.07057e-05 0.000996904 0.000955493
0.000978881 2.06714e-05 0.000999552 0.000958209
0.0009778 2.06486e-05 0.000998448 0.000957151
0.000978862 2.06258e-05 0.000999488 0.000958236
0.000978664 2.05915e-05 0.000999255 0.000958072
0.000974016 2.05687e-05 0.000994585 0.000953447
0.000980764 2.05459e-05 0.00100131 0.000960218
0.000973276 2.05231e-05 0.000993799 0.000952753
0.000978585 2.05002e-05 0.000999085 0.000958084
0.000978204 2.04774e-05 0.000998682 0.000957727
0.000975697 2.04546e-05 0.000996151 0.000955242
0.000978693 2.04432e-05 0.000999136 0.00095825
0.000975961 2.03861e-05 0.000996347 0.000955575
0.000979806 2.03633e-05 0.00100017 0.000959442
0.000976593 2.03404e-05 0.000996934 0.000956253
0.000973698 2.02948e-05 0.000993993 0.000953403
0.000976664 2.02834e-05 0.000996947 0.00095638
0.000979074 2.02605e-05 0.000999334 0.000958813
0.000984981 2.02377e-05 0.00100522 0.000964743
0.000981069 2.02149e-05 0.00100128 0.000960854
0.000980805 2.01806e-05 0.00100099 0.000960625
0.000978299 2.01578e-05 0.000998457 0.000958141
0.000974546 2.01235e-05 0.00099467 0.000954422
0.000979151 2.00893e-05 0.00099924 0.000959062
0.000978871 2.00551e-05 0.000998926 0.000958816
0.000977757 2.00322e-05 0.000997789 0.000957725
0.000977336 2.00094e-05 0.000997345 0.000957327
0.000982452 1.99866e-05 0.00100244 0.000962466
0.000977445 1.99409e-05 0.000997386 0.000957504
0.000979904 1.99067e-05 0.00099981 0.000959997
0.00098072 1.98953e-05 0.00100062 0.000960825
0.000977094 1.98496e-05 0.000996944 0.000957245
0.0009809 1.98154e-05 0.00100072 0.000961085
0.000981261 1.97811e-05 0.00100104 0.00096148
0.000979562 1.97469e-05 0.000999309 0.000959815
0.000979113 1.9724e-05 0.000998837 0.000959389
0.000984804 1.97012e-05 0.00100451 0.000965103
0.0009823 1.96784e-05 0.00100198 0.000962621
0.000985246 1.96556e-05 0.0010049 0.00096559
0.000987502 1.96327e-05 0.00100713 0.000967869
0.000983743 1.95985e-05 0.00100334 0.000964144
0.0009887 1.95757e-05 0.00100828 0.000969124
0.000991032 1.95414e-05 0.00101057 0.000971491
0.000989198 1.95186e-05 0.00100872 0.00096968
0.000990743 1.94958e-05 0.00101024 0.000971247
0.000990837 1.94843e-05 0.00101032 0.000971353
0.000989582 1.94729e-05 0.00100906 0.00097011
0.000992465 1.94501e-05 0.00101192 0.000973015
0.000987842 1.94387e-05 0.00100728 0.000968404
0.00099139 1.94159e-05 0.00101081 0.000971974
0.00099224 1.9393e-05 0.00101163 0.000972847
0.000989642 1.93816e-05 0.00100902 0.00097026
0.000991829 1.93588e-05 0.00101119 0.00097247
0.00099066 1.9336e-05 0.00101 0.000971324
0.000987397 1.93245e-05 0.00100672 0.000968072
0.000992835 1.93131e-05 0.00101215 0.000973522
0.000990993 1.92903e-05 0.00101028 0.000971703
0.000992569 1.92561e-05 0.00101183 0.000973313
0.000994724 1.92332e-05 0.00101396 0.000975491
0.000992878 1.92104e-05 0.00101209 0.000973667
0.000995613 1.9199e-05 0.00101481 0.000976414
0.00099768 1.91876e-05 0.00101687 0.000978492
0.000993174 1.91647e-05 0.00101234 0.000974009
0.00099988 1.91533e-05 0.00101903 0.000980727
0.000999351 1.91305e-05 0.00101848 0.000980221
0.00100081 1.91077e-05 0.00101991 0.000981699
0.00100087 1.90963e-05 0.00101997 0.000981774
0.00100033 1.90734e-05 0.00101941 0.000981261
0.0010025 1.90392e-05 0.00102153 0.000983456
0.00100393 1.90164e-05 0.00102294 0.000984912
0.00100338 1.89935e-05 0.00102237 0.000984388
0.0010048 1.89707e-05 0.00102377 0.000985833
0.00100551 1.89593e-05 0.00102447 0.000986554
0.00100632 1.8925e-05 0.00102524 0.000987394
0.00100707 1.89022e-05 0.00102597 0.000988167
0.0010059 1.8868e-05 0.00102477 0.000987031
0.00100795 1.88451e-05 0.00102679 0.000989101
0.00101002 1.88109e-05 0.00102884 0.000991213
0.0010101 1.87881e-05 0.00102889 0.000991312
0.00101079 1.87767e-05 0.00102956 0.000992011
0.00101086 1.87538e-05 0.00102961 0.000992104
0.00101031 1.87196e-05 0.00102903 0.000991589
0.0010104 1.86853e-05 0.00102909 0.000991717
0.0010124 1.86625e-05 0.00103106 0.000993738
0.00101307 1.86511e-05 0.00103172 0.000994422
0.00101183 1.86283e-05 0.00103046 0.000993205
0.00101315 1.86169e-05 0.00103177 0.000994531
0.00101319 1.8594e-05 0.00103179 0.0009946
0.00101581 1.85712e-05 0.00103438 0.000997239
0.00101458 1.8537e-05 0.00103312 0.000996042
0.0010159 1.85141e-05 0.00103441 0.000997381
0.00101592 1.84913e-05 0.00103441 0.000997432
0.00101658 1.84799e-05 0.00103506 0.000998097
0.00101786 1.84799e-05 0.00103634 0.000999377
0.00101787 1.84685e-05 0.00103634 0.0009994
0.00101725 1.84456e-05 0.00103569 0.000998803
0.00101854 1.84342e-05 0.00103697 0.0010001
0.00101791 1.84114e-05 0.00103632 0.0009995
0.0010192 1.83886e-05 0.00103759 0.00100081
0.0010173 1.83657e-05 0.00103566 0.00099893
0.00101794 1.83543e-05 0.00103629 0.000999581
0.00101797 1.83435e-05 0.00103632 0.000999628
0.0010173 1.83315e-05 0.00103564 0.000998973
0.00101667 1.83201e-05 0.00103499 0.000998351
0.00101797 1.83093e-05 0.00103628 0.000999665
0.00101607 1.82864e-05 0.00103436 0.000997785
0.0010167 1.82636e-05 0.00103496 0.000998437
0.00101607 1.82522e-05 0.00103432 0.000997813
0.00101669 1.82408e-05 0.00103493 0.000998453
0.00101606 1.82294e-05 0.00103429 0.000997828
0.00101605 1.8218e-05 0.00103427 0.000997835
0.00101605 1.82065e-05 0.00103425 0.00099784
0.00101667 1.81951e-05 0.00103487 0.000998475
0.00101667 1.81951e-05 0.00103487 0.000998475
0.00101792 1.81837e-05 0.00103611 0.000999738
0.00101727 1.81609e-05 0.00103543 0.000999112
0.00101726 1.81495e-05 0.00103541 0.000999113
0.00101787 1.81266e-05 0.00103599 0.00099974
0.00101784 1.81038e-05 0.00103594 0.000999735
0.00101843 1.8081e-05 0.00103652 0.00100035
0.00101904 1.80696e-05 0.00103711 0.00100097
0.00101838 1.80467e-05 0.00103643 0.00100033
0.00101961 1.80353e-05 0.00103765 0.00100158
0.00101957 1.80125e-05 0.00103758 0.00100156
0.00101828 1.79897e-05 0.00103627 0.00100029
0.00101947 1.79668e-05 0.00103744 0.00100151
0.0010188 1.7944e-05 0.00103674 0.00100086
0.00101999 1.79212e-05 0.00103791 0.00100207
0.0010212 1.79098e-05 0.00103911 0.00100329
0.00101869 1.78983e-05 0.00103659 0.00100079
0.00101925 1.78755e-05 0.00103712 0.00100137
0.00101918 1.78527e-05 0.00103703 0.00100133
0.00101664 1.78299e-05 0.00103447 0.000998813
0.00101719 1.7807e-05 0.001035 0.000999384
0.00101712 1.77842e-05 0.0010349 0.000999335
0.00101827 1.77614e-05 0.00103604 0.00100051
0.00101762 1.775e-05 0.00103537 0.00099987
0.00101635 1.77385e-05 0.00103409 0.000998613
0.00101938 1.77271e-05 0.00103711 0.00100165
0.00101623 1.77043e-05 0.00103393 0.000998525
0.00101921 1.76815e-05 0.00103689 0.00100152
0.00101728 1.76586e-05 0.00103494 0.00099962
0.00101902 1.76358e-05 0.00103665 0.00100138
0.0010177 1.7613e-05 0.00103531 0.00100009
0.0010207 1.76016e-05 0.0010383 0.0010031
0.0010176 1.75901e-05 0.00103519 0.00100001
0.00102054 1.75673e-05 0.00103811 0.00100297
0.00101927 1.75559e-05 0.00103682 0.00100171
0.00101976 1.75331e-05 0.0010373 0.00100223
0.0010202 1.74988e-05 0.00103769 0.0010027
0.00101941 1.74646e-05 0.00103687 0.00100195
0.00102237 1.74532e-05 0.00103982 0.00100492
0.00102231 1.74418e-05 0.00103975 0.00100486
0.00102043 1.74303e-05 0.00103786 0.001003
0.00101909 1.74075e-05 0.0010365 0.00100169
0.00102144 1.73961e-05 0.00103883 0.00100404
0.0010195 1.73733e-05 0.00103687 0.00100212
0.00101943 1.73619e-05 0.00103679 0.00100207
0.00101816 1.73504e-05 0.00103551 0.00100081
0.00101809 1.7339e-05 0.00103543 0.00100075
0.00101982 1.73276e-05 0.00103715 0.00100249
0.00102035 1.73162e-05 0.00103766 0.00100303
0.0010202 1.72934e-05 0.00103749 0.00100291
0.00102065 1.72705e-05 0.00103792 0.00100338
0.0010187 1.72477e-05 0.00103595 0.00100145
0.00101847 1.72135e-05 0.00103568 0.00100125
0.00102009 1.71906e-05 0.00103728 0.0010029
0.00102052 1.71678e-05 0.00103769 0.00100335
0.00102163 1.71564e-05 0.00103878 0.00100447
0.00102077 1.71221e-05 0.0010379 0.00100365
0.00102009 1.71107e-05 0.0010372 0.00100298
0.00102169 1.70879e-05 0.00103878 0.0010046
0.00102219 1.70765e-05 0.00103927 0.00100512
0.00102151 1.70651e-05 0.00103857 0.00100444
0.0010225 1.70422e-05 0.00103955 0.00100546
0.001023 1.70308e-05 0.00104003 0.00100597
0.00102222 1.7008e-05 0.00103923 0.00100521
0.0010233 1.69966e-05 0.00104029 0.0010063
0.00102143 1.69852e-05 0.00103842 0.00100445
0.00102369 1.69738e-05 0.00104066 0.00100671
0.00102231 1.69509e-05 0.00103926 0.00100536
0.00102103 1.69395e-05 0.00103797 0.0010041
0.00102152 1.69281e-05 0.00103845 0.00100459
0.0010219 1.69053e-05 0.0010388 0.00100499
0.00102004 1.68938e-05 0.00103693 0.00100314
0.00102041 1.6871e-05 0.00103728 0.00100354
0.00102206 1.68596e-05 0.00103892 0.0010052
0.00102126 1.68368e-05 0.0010381 0.00100442
0.00102115 1.68254e-05 0.00103797 0.00100432
0.00102209 1.68025e-05 0.00103889 0.00100529
0.00102256 1.67911e-05 0.00103935 0.00100577
0.00102245 1.67797e-05 0.00103923 0.00100567
0.0010228 1.67569e-05 0.00103955 0.00100604
0.00102268 1.67455e-05 0.00103943 0.00100593
0.00102071 1.67226e-05 0.00103743 0.00100398
0.00102233 1.67112e-05 0.00103904 0.00100561
0.00102266 1.66884e-05 0.00103935 0.00100597
0.00102196 1.6677e-05 0.00103864 0.00100529
0.00102415 1.66656e-05 0.00104082 0.00100749
0.00102332 1.66427e-05 0.00103997 0.00100668
0.00102493 1.66313e-05 0.00104156 0.0010083
0.00102467 1.66085e-05 0.00104128 0.00100806
0.00102339 1.65971e-05 0.00103999 0.00100679
0.00102499 1.65856e-05 0.00104157 0.0010084
0.00102499 1.65856e-05 0.00104157 0.0010084
0.00102371 1.65742e-05 0.00104028 0.00100713
0.00102587 1.65628e-05 0.00104243 0.00100931
0.00102617 1.654e-05 0.00104271 0.00100963
0.00102432 1.65286e-05 0.00104085 0.00100779
0.00102291 1.65057e-05 0.00103941 0.0010064
0.00102448 1.64943e-05 0.00104098 0.00100799
0.00102307 1.64715e-05 0.00103954 0.0010066
0.00102407 1.64601e-05 0.00104053 0.00100761
0.00102222 1.64487e-05 0.00103867 0.00100577
0.00102364 1.64258e-05 0.00104007 0.00100722
0.0010235 1.64144e-05 0.00103992 0.00100709
0.00102393 1.6403e-05 0.00104033 0.00100752
0.00102435 1.63916e-05 0.00104074 0.00100796
0.00102292 1.63688e-05 0.00103929 0.00100655
0.00102448 1.63574e-05 0.00104083 0.00100812
0.00102433 1.63459e-05 0.00104067 0.00100798
0.00102346 1.63231e-05 0.00103979 0.00100714
0.00102572 1.63231e-05 0.00104205 0.0010094
0.00102557 1.63117e-05 0.00104188 0.00100926
0.00102429 1.63003e-05 0.00104059 0.00100799
0.00102511 1.62775e-05 0.00104139 0.00100883
0.00102496 1.6266e-05 0.00104122 0.00100869
0.00102536 1.62546e-05 0.00104162 0.00100911
0.00102577 1.62432e-05 0.00104201 0.00100952
0.00102601 1.62204e-05 0.00104223 0.00100979
0.00102569 1.61975e-05 0.00104189 0.00100949
0.00102665 1.61861e-05 0.00104284 0.00101046
0.00102649 1.61747e-05 0.00104266 0.00101031
0.00102632 1.61633e-05 0.00104248 0.00101016
0.00102616 1.61519e-05 0.00104231 0.00101
0.00102471 1.61291e-05 0.00104083 0.00100858
0.00102454 1.61176e-05 0.00104066 0.00100842
0.00102437 1.61062e-05 0.00104048 0.00100826
0.00102348 1.60834e-05 0.00103956 0.00100739
0.00102498 1.6072e-05 0.00104105 0.0010089
0.00102352 1.60492e-05 0.00103957 0.00100747
0.00102446 1.60377e-05 0.0010405 0.00100842
0.00102411 1.60149e-05 0.00104013 0.0010081
0.00102338 1.60035e-05 0.00103938 0.00100738
0.00102487 1.59921e-05 0.00104086 0.00100887
0.00102451 1.59693e-05 0.00104048 0.00100854
0.00102562 1.59693e-05 0.00104159 0.00100965
0.00102654 1.59578e-05 0.0010425 0.00101058
0.00102581 1.59464e-05 0.00104175 0.00100986
0.00102618 1.5935e-05 0.00104211 0.00101024
0.00102654 1.59236e-05 0.00104247 0.00101062
0.00102636 1.59122e-05 0.00104227 0.00101045
0.00102673 1.59008e-05 0.00104263 0.00101082
0.00102764 1.58893e-05 0.00104353 0.00101175
0.00102726 1.58665e-05 0.00104313 0.0010114
0.00102853 1.58437e-05 0.00104437 0.00101269
0.00102814 1.58209e-05 0.00104396 0.00101232
0.00102795 1.58094e-05 0.00104376 0.00101214
0.0010283 1.5798e-05 0.0010441 0.0010125
0.00102736 1.57752e-05 0.00104314 0.00101159
0.00102716 1.57638e-05 0.00104293 0.0010114
0.00102915 1.57524e-05 0.0010449 0.0010134
0.00102657 1.57295e-05 0.0010423 0.00101084
0.00102691 1.57181e-05 0.00104263 0.00101119
0.00102834 1.57067e-05 0.00104405 0.00101264
0.00102759 1.56953e-05 0.00104329 0.0010119
0.00102773 1.56725e-05 0.0010434 0.00101206
0.00102752 1.56611e-05 0.00104318 0.00101186
0.00102711 1.56382e-05 0.00104275 0.00101147
0.00102669 1.56154e-05 0.00104231 0.00101108
0.00102648 1.5604e-05 0.00104208 0.00101088
0.00102735 1.55926e-05 0.00104294 0.00101176
0.00102768 1.55812e-05 0.00104326 0.0010121
0.001028 1.55697e-05 0.00104357 0.00101243
0.00102962 1.55697e-05 0.00104519 0.00101405
0.00102779 1.55583e-05 0.00104335 0.00101223
0.00102757 1.55469e-05 0.00104312 0.00101203
0.00103005 1.55355e-05 0.00104558 0.00101451
0.00102907 1.55127e-05 0.00104458 0.00101356
0.00102885 1.55012e-05 0.00104435 0.00101335
0.00103002 1.54784e-05 0.0010455 0.00101454
0.0010301 1.54556e-05 0.00104556 0.00101465
0.00103019 1.54328e-05 0.00104562 0.00101475
0.00103103 1.54213e-05 0.00104645 0.00101561
0.00103026 1.54099e-05 0.00104567 0.00101485
0.0010298 1.53871e-05 0.00104519 0.00101442
0.00102881 1.53643e-05 0.00104417 0.00101344
0.00102911 1.53529e-05 0.00104446 0.00101375
0.00102864 1.533e-05 0.00104397 0.00101331
0.00102764 1.53072e-05 0.00104294 0.00101233
0.00102846 1.52958e-05 0.00104376 0.00101317
0.00102875 1.52844e-05 0.00104404 0.00101347
0.00102798 1.5273e-05 0.00104326 0.00101271
0.0010301 1.5273e-05 0.00104537 0.00101483
0.00103015 1.52501e-05 0.0010454 0.0010149
0.00103043 1.52387e-05 0.00104567 0.00101519
0.00103177 1.52273e-05 0.001047 0.00101654
0.00103127 1.52045e-05 0.00104648 0.00101607
0.0010318 1.52045e-05 0.00104701 0.0010166
0.00103183 1.51816e-05 0.00104701 0.00101665
0.00103263 1.51702e-05 0.0010478 0.00101746
0.0010316 1.51474e-05 0.00104675 0.00101645
0.00103082 1.5136e-05 0.00104596 0.00101569
0.00103267 1.51246e-05 0.00104779 0.00101754
0.00103268 1.51017e-05 0.00104778 0.00101758
0.0010319 1.50903e-05 0.00104699 0.00101681
0.00103268 1.50789e-05 0.00104776 0.0010176
0.00103347 1.50675e-05 0.00104853 0.0010184
0.00103216 1.50561e-05 0.00104722 0.00101711
0.00103242 1.50447e-05 0.00104747 0.00101738
0.00103216 1.50332e-05 0.00104719 0.00101713
0.0010319 1.50218e-05 0.00104692 0.00101687
0.00103085 1.4999e-05 0.00104585 0.00101585
0.0010311 1.49876e-05 0.00104609 0.00101611
0.00103187 1.49762e-05 0.00104685 0.0010169
0.00103109 1.49648e-05 0.00104605 0.00101612
0.00103134 1.49533e-05 0.00104629 0.00101638
0.00103158 1.49419e-05 0.00104653 0.00101664
0.00103183 1.49305e-05 0.00104676 0.0010169
0.00103128 1.49077e-05 0.00104619 0.00101638
