0.00104211 1.50491e-05 0.00105716 0.00102706
0.00104159 1.50491e-05 0.00105664 0.00102654
0.00104181 1.50598e-05 0.00105686 0.00102675
0.00104202 1.50705e-05 0.00105709 0.00102695
0.0010415 1.50705e-05 0.00105657 0.00102643
0.00104098 1.50705e-05 0.00105605 0.00102591
0.00104172 1.50811e-05 0.0010568 0.00102664
0.00104172 1.50811e-05 0.0010568 0.00102664
0.0010412 1.50811e-05 0.00105628 0.00102611
0.00104193 1.50918e-05 0.00105703 0.00102684
0.00104193 1.50918e-05 0.00105703 0.00102684
0.00104215 1.51025e-05 0.00105725 0.00102705
0.00104163 1.51025e-05 0.00105673 0.00102652
0.00104236 1.51132e-05 0.00105748 0.00102725
0.00104184 1.51132e-05 0.00105695 0.00102673
0.00104205 1.51239e-05 0.00105718 0.00102693
0.00104205 1.51239e-05 0.00105718 0.00102693
0.00104227 1.51346e-05 0.0010574 0.00102713
0.00104248 1.51453e-05 0.00105762 0.00102733
0.00104195 1.51453e-05 0.0010571 0.00102681
0.00104216 1.5156e-05 0.00105732 0.00102701
0.00104164 1.5156e-05 0.0010568 0.00102648
0.00104164 1.5156e-05 0.0010568 0.00102648
0.00104185 1.51667e-05 0.00105702 0.00102668
0.00104206 1.51774e-05 0.00105724 0.00102688
0.00104174 1.51881e-05 0.00105693 0.00102655
0.00104195 1.51988e-05 0.00105715 0.00102675
0.00104163 1.52095e-05 0.00105684 0.00102642
0.00104183 1.52202e-05 0.00105705 0.00102661
0.00104204 1.52309e-05 0.00105727 0.00102681
0.00104171 1.52416e-05 0.00105695 0.00102647
0.00104191 1.52523e-05 0.00105717 0.00102666
0.00104159 1.5263e-05 0.00105685 0.00102633
0.00104126 1.52737e-05 0.00105653 0.00102599
0.00104093 1.52844e-05 0.00105621 0.00102565
0.00104113 1.52951e-05 0.00105642 0.00102583
0.00104133 1.53058e-05 0.00105663 0.00102602
0.0010408 1.53058e-05 0.0010561 0.00102549
0.00104099 1.53165e-05 0.00105631 0.00102568
0.00104046 1.53165e-05 0.00105578 0.00102515
0.00104066 1.53272e-05 0.00105599 0.00102533
0.00104066 1.53272e-05 0.00105599 0.00102533
0.00104085 1.53378e-05 0.00105619 0.00102552
0.00104032 1.53378e-05 0.00105566 0.00102498
0.00104055 1.5349e-05 0.0010559 0.0010252
0.00104074 1.53597e-05 0.0010561 0.00102538
0.00103968 1.53597e-05 0.00105504 0.00102432
0.00103987 1.53704e-05 0.00105524 0.0010245
0.00103953 1.53811e-05 0.00105491 0.00102415
0.00104025 1.53918e-05 0.00105564 0.00102486
0.00103972 1.53918e-05 0.00105511 0.00102432
0.00103991 1.54025e-05 0.00105531 0.0010245
0.00103991 1.54025e-05 0.00105531 0.0010245
0.00104009 1.54132e-05 0.00105551 0.00102468
0.00104028 1.54239e-05 0.0010557 0.00102486
0.00103975 1.54239e-05 0.00105517 0.00102432
0.00103993 1.54346e-05 0.00105537 0.0010245
0.00104065 1.54453e-05 0.0010561 0.00102521
0.00104012 1.54453e-05 0.00105556 0.00102467
0.0010403 1.5456e-05 0.00105576 0.00102485
0.00104049 1.54667e-05 0.00105595 0.00102502
0.00103995 1.54667e-05 0.00105542 0.00102449
0.00104013 1.54774e-05 0.00105561 0.00102466
0.00104032 1.54881e-05 0.00105581 0.00102483
0.0010405 1.54988e-05 0.001056 0.001025
0.00104068 1.55095e-05 0.00105619 0.00102517
0.00104086 1.55202e-05 0.00105638 0.00102534
0.00103978 1.55202e-05 0.0010553 0.00102426
0.00103996 1.55309e-05 0.00105549 0.00102443
0.0010396 1.55416e-05 0.00105514 0.00102406
0.00103996 1.55629e-05 0.00105552 0.00102439
0.00103996 1.55629e-05 0.00105552 0.00102439
0.00104013 1.55736e-05 0.0010557 0.00102456
0.00104031 1.55843e-05 0.00105589 0.00102472
0.00104048 1.5595e-05 0.00105607 0.00102488
0.00103957 1.56057e-05 0.00105518 0.00102396
0.00103977 1.56169e-05 0.00105539 0.00102416
0.00103869 1.56169e-05 0.00105431 0.00102308
0.00103886 1.56276e-05 0.00105449 0.00102324
0.00103903 1.56383e-05 0.00105467 0.00102339
0.00103866 1.5649e-05 0.00105431 0.00102301
0.00103883 1.56597e-05 0.00105449 0.00102317
0.00103883 1.56597e-05 0.00105449 0.00102317
0.00103899 1.56704e-05 0.00105466 0.00102332
0.00103845 1.56704e-05 0.00105412 0.00102278
0.00103932 1.56918e-05 0.00105502 0.00102363
0.00103878 1.56918e-05 0.00105447 0.00102309
0.0010384 1.57025e-05 0.0010541 0.0010227
0.00103856 1.57132e-05 0.00105428 0.00102285
0.00103856 1.57132e-05 0.00105428 0.00102285
0.00103802 1.57132e-05 0.00105373 0.00102231
0.00103873 1.57239e-05 0.00105445 0.001023
0.00103818 1.57239e-05 0.00105391 0.00102246
0.00103818 1.57239e-05 0.00105391 0.00102246
0.00103764 1.57239e-05 0.00105336 0.00102191
0.00103834 1.57346e-05 0.00105408 0.00102261
0.00103796 1.57453e-05 0.0010537 0.00102221
0.00103796 1.57453e-05 0.0010537 0.00102221
0.00103866 1.5756e-05 0.00105442 0.00102291
0.00103812 1.5756e-05 0.00105387 0.00102236
0.00103812 1.5756e-05 0.00105387 0.00102236
0.00103828 1.57667e-05 0.00105404 0.00102251
0.00103843 1.57774e-05 0.00105421 0.00102266
0.00103789 1.57774e-05 0.00105366 0.00102211
0.00103859 1.57881e-05 0.00105438 0.0010228
0.00103859 1.57881e-05 0.00105438 0.0010228
0.00103878 1.57993e-05 0.00105458 0.00102298
0.00103823 1.57993e-05 0.00105403 0.00102243
0.00103839 1.581e-05 0.0010542 0.00102258
0.00103909 1.58207e-05 0.00105491 0.00102327
0.00103854 1.58207e-05 0.00105436 0.00102272
0.0010387 1.58313e-05 0.00105453 0.00102286
0.0010376 1.58313e-05 0.00105343 0.00102177
0.0010383 1.5842e-05 0.00105414 0.00102246
0.0010383 1.5842e-05 0.00105414 0.00102246
0.00103845 1.58527e-05 0.0010543 0.0010226
0.00103845 1.58527e-05 0.0010543 0.0010226
0.0010386 1.58634e-05 0.00105447 0.00102274
0.00103805 1.58634e-05 0.00105392 0.00102219
0.00103879 1.58746e-05 0.00105466 0.00102291
0.00103824 1.58746e-05 0.00105411 0.00102236
0.00103824 1.58746e-05 0.00105411 0.00102236
0.00103839 1.58853e-05 0.00105427 0.0010225
0.00103853 1.5896e-05 0.00105443 0.00102264
0.00103868 1.59067e-05 0.00105459 0.00102278
0.00103813 1.59067e-05 0.00105404 0.00102222
0.00103813 1.59067e-05 0.00105404 0.00102222
0.00103813 1.59067e-05 0.00105404 0.00102222
0.00103813 1.59067e-05 0.00105404 0.00102222
0.00103813 1.59067e-05 0.00105404 0.00102222
0.00103828 1.59174e-05 0.0010542 0.00102236
0.00103802 1.59388e-05 0.00105396 0.00102208
0.00103816 1.59495e-05 0.00105411 0.00102221
0.0010383 1.59602e-05 0.00105426 0.00102234
0.00103789 1.59709e-05 0.00105386 0.00102192
0.00103734 1.59709e-05 0.00105331 0.00102137
0.00103748 1.59816e-05 0.00105346 0.0010215
0.00103748 1.59816e-05 0.00105346 0.0010215
0.00103748 1.59816e-05 0.00105346 0.0010215
0.00103693 1.59816e-05 0.00105291 0.00102095
0.00103696 1.59821e-05 0.00105294 0.00102098
0.00103696 1.59821e-05 0.00105294 0.00102098
0.00103641 1.59821e-05 0.00105239 0.00102043
0.00103655 1.59928e-05 0.00105254 0.00102055
0.00103669 1.60035e-05 0.00105269 0.00102068
0.00103613 1.60035e-05 0.00105214 0.00102013
0.00103682 1.60142e-05 0.00105284 0.00102081
0.00103641 1.60249e-05 0.00105243 0.00102038
0.00103654 1.60356e-05 0.00105258 0.00102051
0.00103599 1.60356e-05 0.00105202 0.00101995
0.00103681 1.6057e-05 0.00105287 0.00102076
0.00103626 1.6057e-05 0.00105231 0.0010202
0.0010357 1.6057e-05 0.00105176 0.00101964
0.00103583 1.60677e-05 0.0010519 0.00101977
0.00103583 1.60677e-05 0.0010519 0.00101977
0.00103541 1.60784e-05 0.00105149 0.00101933
0.00103554 1.60891e-05 0.00105163 0.00101945
0.00103554 1.60891e-05 0.00105163 0.00101945
0.00103567 1.60998e-05 0.00105177 0.00101957
0.00103567 1.60998e-05 0.00105177 0.00101957
0.0010358 1.61105e-05 0.00105191 0.00101969
0.00103537 1.61212e-05 0.00105149 0.00101925
0.00103678 1.61431e-05 0.00105292 0.00102064
0.00103566 1.61431e-05 0.0010518 0.00101952
0.00103635 1.61538e-05 0.0010525 0.00102019
0.00103579 1.61538e-05 0.00105194 0.00101963
0.00103647 1.61645e-05 0.00105264 0.00102031
0.00103591 1.61645e-05 0.00105208 0.00101975
0.00103604 1.61752e-05 0.00105221 0.00101986
0.00103616 1.61859e-05 0.00105235 0.00101998
0.00103629 1.61966e-05 0.00105248 0.00102009
0.00103641 1.62073e-05 0.00105262 0.0010202
0.00103653 1.6218e-05 0.00105275 0.00102032
0.00103669 1.62292e-05 0.00105292 0.00102046
0.00103625 1.62399e-05 0.00105249 0.00102001
0.00103637 1.62506e-05 0.00105262 0.00102011
0.00103648 1.62613e-05 0.00105275 0.00102022
0.00103592 1.62613e-05 0.00105218 0.00101966
0.00103604 1.6272e-05 0.00105231 0.00101977
0.00103672 1.62827e-05 0.001053 0.00102044
0.00103627 1.62934e-05 0.00105257 0.00101998
0.0010365 1.63148e-05 0.00105282 0.00102019
0.00103616 1.63362e-05 0.0010525 0.00101983
0.00103628 1.63469e-05 0.00105262 0.00101993
0.00103639 1.63575e-05 0.00105275 0.00102003
0.0010365 1.63682e-05 0.00105287 0.00102013
0.00103593 1.63682e-05 0.0010523 0.00101956
0.00103604 1.63789e-05 0.00105242 0.00101966
0.00103615 1.63896e-05 0.00105254 0.00101976
0.00103626 1.64003e-05 0.00105266 0.00101986
0.0010358 1.6411e-05 0.00105221 0.00101939
0.00103523 1.6411e-05 0.00105164 0.00101882
0.00103534 1.64217e-05 0.00105176 0.00101891
0.00103487 1.64324e-05 0.0010513 0.00101844
0.00103565 1.64538e-05 0.0010521 0.0010192
0.00103528 1.64752e-05 0.00105176 0.00101881
0.00103481 1.64859e-05 0.0010513 0.00101833
0.00103505 1.65078e-05 0.00105155 0.00101854
0.00103524 1.65292e-05 0.00105177 0.00101871
0.00103477 1.65399e-05 0.00105131 0.00101823
0.00103544 1.65506e-05 0.00105199 0.00101888
0.00103486 1.65506e-05 0.00105141 0.00101831
0.00103553 1.65613e-05 0.00105209 0.00101897
0.00103496 1.65613e-05 0.00105152 0.0010184
0.00103496 1.65613e-05 0.00105152 0.0010184
0.00103505 1.6572e-05 0.00105162 0.00101848
0.00103515 1.65827e-05 0.00105173 0.00101856
0.00103515 1.65827e-05 0.00105173 0.00101856
0.00103515 1.65827e-05 0.00105173 0.00101856
0.00103466 1.65934e-05 0.00105126 0.00101807
0.00103542 1.66148e-05 0.00105204 0.00101881
0.00103551 1.66255e-05 0.00105214 0.00101889
0.0010356 1.66362e-05 0.00105224 0.00101897
0.00103569 1.66469e-05 0.00105234 0.00101905
0.00103454 1.66469e-05 0.00105119 0.00101789
0.0010352 1.66576e-05 0.00105186 0.00101855
0.00103463 1.66576e-05 0.00105128 0.00101797
0.00103471 1.66683e-05 0.00105138 0.00101805
0.00103489 1.66897e-05 0.00105158 0.0010182
0.00103439 1.67004e-05 0.00105109 0.00101769
0.00103514 1.67218e-05 0.00105186 0.00101842
0.00103456 1.67218e-05 0.00105128 0.00101784
0.00103464 1.67325e-05 0.00105137 0.00101791
0.00103414 1.67432e-05 0.00105089 0.0010174
0.00103422 1.67539e-05 0.00105098 0.00101747
0.00103438 1.67753e-05 0.00105116 0.00101761
0.00103446 1.6786e-05 0.00105125 0.00101767
0.00103461 1.68074e-05 0.00105142 0.00101781
0.00103414 1.68186e-05 0.00105096 0.00101732
0.00103363 1.68293e-05 0.00105046 0.0010168
0.00103378 1.68507e-05 0.00105063 0.00101693
0.00103327 1.68614e-05 0.00105013 0.00101641
0.00103341 1.68828e-05 0.00105029 0.00101653
0.00103355 1.69042e-05 0.00105045 0.00101664
0.00103362 1.69149e-05 0.00105053 0.0010167
0.0010331 1.69256e-05 0.00105002 0.00101617
0.00103316 1.69363e-05 0.0010501 0.00101623
0.00103316 1.69363e-05 0.0010501 0.00101623
0.00103323 1.6947e-05 0.00105018 0.00101628
0.00103264 1.6947e-05 0.00104959 0.00101569
0.00103271 1.69577e-05 0.00104966 0.00101575
0.00103277 1.69684e-05 0.00104974 0.0010158
0.00103283 1.69791e-05 0.00104981 0.00101585
0.00103355 1.70005e-05 0.00105055 0.00101655
0.00103302 1.70112e-05 0.00105003 0.00101601
0.00103373 1.70326e-05 0.00105076 0.00101669
0.00103379 1.70433e-05 0.00105083 0.00101674
0.00103384 1.7054e-05 0.0010509 0.00101679
0.00103266 1.7054e-05 0.00104972 0.00101561
0.00103272 1.70647e-05 0.00104978 0.00101565
0.00103337 1.70754e-05 0.00105044 0.00101629
0.00103345 1.70866e-05 0.00105054 0.00101637
0.00103286 1.70866e-05 0.00104995 0.00101578
0.00103292 1.70973e-05 0.00105001 0.00101582
0.00103238 1.7108e-05 0.00104949 0.00101527
0.00103313 1.71401e-05 0.00105027 0.00101599
0.00103323 1.71615e-05 0.00105039 0.00101607
0.00103333 1.71829e-05 0.00105051 0.00101614
0.00103273 1.71829e-05 0.00104991 0.00101555
0.00103278 1.71936e-05 0.00104997 0.00101558
0.00103283 1.72043e-05 0.00105003 0.00101562
0.00103283 1.72043e-05 0.00105003 0.00101562
0.00103223 1.72043e-05 0.00104943 0.00101502
0.00103223 1.72043e-05 0.00104943 0.00101502
0.00103287 1.7215e-05 0.00105009 0.00101566
0.00103163 1.72043e-05 0.00104884 0.00101443
0.00103223 1.72043e-05 0.00104943 0.00101502
0.00103163 1.72043e-05 0.00104884 0.00101443
0.00103227 1.7215e-05 0.00104949 0.00101506
0.00103232 1.72257e-05 0.00104955 0.00101509
0.00103172 1.72257e-05 0.00104895 0.0010145
0.00103177 1.72364e-05 0.001049 0.00101453
0.00103241 1.72471e-05 0.00104965 0.00101516
0.00103181 1.72471e-05 0.00104906 0.00101456
0.00103185 1.72578e-05 0.00104911 0.00101459
0.00103189 1.72685e-05 0.00104916 0.00101462
0.0010313 1.72685e-05 0.00104856 0.00101403
0.00103134 1.72792e-05 0.00104861 0.00101406
0.00103078 1.72899e-05 0.00104807 0.00101349
0.00103141 1.73006e-05 0.00104871 0.00101411
0.00103081 1.73006e-05 0.00104812 0.00101351
0.00103085 1.73113e-05 0.00104816 0.00101354
0.00103093 1.73327e-05 0.00104826 0.00101359
0.00103096 1.73434e-05 0.00104831 0.00101362
0.001031 1.73541e-05 0.00104835 0.00101364
0.00103106 1.73755e-05 0.00104844 0.00101369
0.0010311 1.73862e-05 0.00104848 0.00101371
0.00103116 1.73975e-05 0.00104856 0.00101376
0.00103119 1.74082e-05 0.0010486 0.00101378
0.00103183 1.74189e-05 0.00104924 0.00101441
0.00103186 1.74296e-05 0.00104929 0.00101443
0.00103189 1.74403e-05 0.00104933 0.00101444
0.00103191 1.7451e-05 0.00104936 0.00101446
0.00103194 1.74617e-05 0.0010494 0.00101448
0.00103134 1.74617e-05 0.0010488 0.00101387
0.00103197 1.74724e-05 0.00104944 0.0010145
0.00103199 1.74831e-05 0.00104948 0.00101451
0.00103202 1.74938e-05 0.00104951 0.00101453
0.00103205 1.75045e-05 0.00104955 0.00101454
0.00103144 1.75045e-05 0.00104894 0.00101393
0.00103146 1.75152e-05 0.00104898 0.00101395
0.00103086 1.75152e-05 0.00104837 0.00101334
0.00103149 1.75259e-05 0.00104901 0.00101396
0.0010309 1.75366e-05 0.00104844 0.00101336
0.00103153 1.75473e-05 0.00104908 0.00101398
0.00103092 1.75473e-05 0.00104847 0.00101337
0.00103092 1.75473e-05 0.00104847 0.00101337
0.00103092 1.75473e-05 0.00104847 0.00101337
0.00103094 1.7558e-05 0.0010485 0.00101338
0.00103094 1.7558e-05 0.0010485 0.00101338
0.00103096 1.75687e-05 0.00104853 0.00101339
0.00103098 1.75794e-05 0.00104856 0.0010134
0.001031 1.75901e-05 0.00104859 0.00101341
0.00103164 1.76115e-05 0.00104925 0.00101403
0.00103105 1.76222e-05 0.00104867 0.00101343
0.00103106 1.76329e-05 0.0010487 0.00101343
0.00103108 1.76436e-05 0.00104872 0.00101343
0.00103047 1.76436e-05 0.00104811 0.00101282
0.00103048 1.76542e-05 0.00104813 0.00101283
0.00102988 1.76649e-05 0.00104755 0.00101222
0.00102989 1.76756e-05 0.00104757 0.00101222
0.00102994 1.76869e-05 0.00104762 0.00101225
0.00102995 1.76976e-05 0.00104764 0.00101225
0.00102995 1.77083e-05 0.00104766 0.00101225
0.00102995 1.77083e-05 0.00104766 0.00101225
0.00102996 1.7719e-05 0.00104768 0.00101224
0.00102874 1.7719e-05 0.00104645 0.00101102
0.00102936 1.77404e-05 0.0010471 0.00101162
0.00102937 1.77511e-05 0.00104712 0.00101162
0.00102937 1.77618e-05 0.00104714 0.00101161
0.00102938 1.77725e-05 0.00104715 0.00101161
0.00102876 1.77725e-05 0.00104654 0.00101099
0.00102877 1.77832e-05 0.00104655 0.00101098
0.00102877 1.77939e-05 0.00104656 0.00101098
0.00102877 1.78046e-05 0.00104658 0.00101097
0.00102939 1.7826e-05 0.00104722 0.00101156
0.00102939 1.78367e-05 0.00104723 0.00101155
0.00102939 1.78474e-05 0.00104724 0.00101154
0.00102939 1.78581e-05 0.00104725 0.00101153
0.00102942 1.78587e-05 0.00104728 0.00101156
0.00102939 1.78688e-05 0.00104725 0.00101152
0.00102942 1.78694e-05 0.00104729 0.00101155
0.00102942 1.78801e-05 0.0010473 0.00101154
0.00102941 1.78908e-05 0.0010473 0.00101152
0.00102941 1.79015e-05 0.00104731 0.00101151
0.00102941 1.79015e-05 0.00104731 0.00101151
0.0010294 1.79122e-05 0.00104731 0.00101149
0.00103002 1.79229e-05 0.00104794 0.00101209
0.00102939 1.79336e-05 0.00104732 0.00101146
0.00103 1.7955e-05 0.00104795 0.00101204
0.00102998 1.79764e-05 0.00104795 0.001012
0.00102996 1.79978e-05 0.00104796 0.00101196
0.00102932 1.80085e-05 0.00104733 0.00101131
0.0010293 1.80299e-05 0.00104733 0.00101127
0.00102927 1.80513e-05 0.00104732 0.00101122
0.00102986 1.80727e-05 0.00104793 0.00101179
0.0010292 1.80941e-05 0.00104729 0.00101111
0.00102916 1.81155e-05 0.00104728 0.00101105
0.00102849 1.81369e-05 0.00104663 0.00101036
0.00102845 1.81583e-05 0.00104661 0.00101029
0.00102903 1.81797e-05 0.00104721 0.00101085
0.00102901 1.81904e-05 0.0010472 0.00101082
0.00102835 1.82011e-05 0.00104655 0.00101015
0.0010283 1.82225e-05 0.00104652 0.00101008
0.00102827 1.82332e-05 0.0010465 0.00101004
0.00102758 1.82546e-05 0.00104583 0.00100933
0.00102755 1.82653e-05 0.00104581 0.00100928
0.00102752 1.8276e-05 0.00104579 0.00100924
0.00102689 1.8276e-05 0.00104516 0.00100861
0.00102682 1.82974e-05 0.00104512 0.00100852
0.00102739 1.83188e-05 0.00104571 0.00100907
0.00102732 1.83402e-05 0.00104566 0.00100898
0.00102848 1.83723e-05 0.00104685 0.00101011
0.0010284 1.83937e-05 0.00104679 0.00101001
0.00102832 1.84151e-05 0.00104674 0.00100991
0.00102891 1.84371e-05 0.00104735 0.00101047
0.00102827 1.84371e-05 0.00104671 0.00100983
0.00102827 1.84371e-05 0.00104671 0.00100983
0.00102763 1.84371e-05 0.00104607 0.0010092
0.00102823 1.84478e-05 0.00104668 0.00100978
0.00102759 1.84478e-05 0.00104604 0.00100914
0.00102759 1.84478e-05 0.00104604 0.00100914
0.00102755 1.84585e-05 0.00104601 0.00100909
0.0010275 1.84692e-05 0.00104597 0.00100903
0.0010281 1.84799e-05 0.00104658 0.00100962
0.00102746 1.84799e-05 0.00104594 0.00100898
0.00102741 1.84906e-05 0.0010459 0.00100892
0.00102791 1.85227e-05 0.00104644 0.00100939
0.00102722 1.85334e-05 0.00104576 0.00100869
0.00102717 1.85441e-05 0.00104572 0.00100863
0.00102712 1.85548e-05 0.00104568 0.00100857
0.00102643 1.85655e-05 0.001045 0.00100786
0.00102697 1.85869e-05 0.00104556 0.00100838
0.00102633 1.85869e-05 0.00104491 0.00100774
0.00102627 1.85976e-05 0.00104487 0.00100767
0.00102622 1.86083e-05 0.00104483 0.00100761
0.00102616 1.8619e-05 0.00104478 0.00100754
0.00102611 1.86297e-05 0.00104474 0.00100748
0.00102541 1.86404e-05 0.00104405 0.00100676
0.00102529 1.86618e-05 0.00104395 0.00100663
0.00102458 1.86725e-05 0.00104326 0.00100591
0.00102511 1.86939e-05 0.0010438 0.00100642
0.0010244 1.87046e-05 0.00104311 0.0010057
0.00102434 1.87153e-05 0.00104305 0.00100562
0.00102369 1.87153e-05 0.00104241 0.00100498
0.00102363 1.8726e-05 0.00104235 0.0010049
0.00102298 1.8726e-05 0.0010417 0.00100425
0.00102291 1.87367e-05 0.00104165 0.00100418
0.00102291 1.87367e-05 0.00104165 0.00100418
0.00102227 1.87367e-05 0.001041 0.00100353
0.00102227 1.87367e-05 0.001041 0.00100353
0.0010222 1.87474e-05 0.00104095 0.00100345
0.00102213 1.87581e-05 0.00104089 0.00100338
0.00102148 1.87581e-05 0.00104024 0.00100273
0.00102148 1.87581e-05 0.00104024 0.00100273
0.00102012 1.87688e-05 0.00103888 0.00100135
0.0010207 1.87795e-05 0.00103948 0.00100192
0.00102063 1.87902e-05 0.00103942 0.00100184
0.00102056 1.88009e-05 0.00103936 0.00100176
0.00102107 1.88223e-05 0.00103989 0.00100225
0.00102158 1.88437e-05 0.00104042 0.00100273
0.00102208 1.88651e-05 0.00104095 0.00100322
0.00102201 1.88758e-05 0.00104088 0.00100313
0.00102259 1.88865e-05 0.00104147 0.0010037
0.00102251 1.88972e-05 0.00104141 0.00100362
0.00102309 1.89079e-05 0.001042 0.00100418
0.00102359 1.89293e-05 0.00104252 0.00100466
0.00102344 1.89507e-05 0.00104239 0.00100449
0.00102402 1.89614e-05 0.00104298 0.00100505
0.00102451 1.89828e-05 0.0010435 0.00100553
0.00102493 1.90149e-05 0.00104394 0.00100591
0.00102608 1.90363e-05 0.00104512 0.00100705
0.00102468 1.9047e-05 0.00104373 0.00100563
0.0010246 1.90577e-05 0.00104365 0.00100554
0.00102262 1.90577e-05 0.00104167 0.00100356
0.0010231 1.90791e-05 0.00104218 0.00100402
0.00102301 1.90898e-05 0.0010421 0.00100393
0.00102284 1.91112e-05 0.00104195 0.00100373
0.00102275 1.91219e-05 0.00104187 0.00100363
0.00102199 1.91326e-05 0.00104113 0.00100286
0.00102124 1.91433e-05 0.00104038 0.0010021
0.00102115 1.9154e-05 0.0010403 0.00100199
0.00102105 1.91647e-05 0.00104022 0.00100189
0.0010203 1.91754e-05 0.00103947 0.00100112
0.0010202 1.91861e-05 0.00103939 0.00100101
0.00101954 1.91861e-05 0.00103872 0.00100035
0.00101944 1.91968e-05 0.00103864 0.00100024
0.00101991 1.92182e-05 0.00103913 0.00100069
0.00101981 1.92289e-05 0.00103904 0.00100058
0.00101905 1.92396e-05 0.00103829 0.000999807
0.00101895 1.92503e-05 0.0010382 0.000999696
0.00101885 1.9261e-05 0.00103811 0.000999585
0.00101941 1.92717e-05 0.00103868 0.00100014
0.00101931 1.92824e-05 0.00103859 0.00100003
0.00101988 1.92931e-05 0.00103917 0.00100058
0.0010191 1.93038e-05 0.00103841 0.0009998
0.00101889 1.93252e-05 0.00103822 0.000999569
0.00101946 1.93359e-05 0.00103879 0.00100012
0.00101868 1.93466e-05 0.00103803 0.000999336
0.00101925 1.93573e-05 0.0010386 0.000999889
0.00102037 1.93787e-05 0.00103975 0.00100099
0.00101959 1.93894e-05 0.00103898 0.0010002
0.00102016 1.94001e-05 0.00103956 0.00100076
0.00102005 1.94108e-05 0.00103946 0.00100064
0.00101937 1.94108e-05 0.00103878 0.000999963
0.00101994 1.94215e-05 0.00103936 0.00100051
0.00102106 1.94429e-05 0.0010405 0.00100162
0.00102095 1.94536e-05 0.0010404 0.00100149
0.0010214 1.9475e-05 0.00104087 0.00100192
0.00102128 1.94857e-05 0.00104077 0.0010018
0.00102184 1.94964e-05 0.00104134 0.00100235
0.00102173 1.95071e-05 0.00104124 0.00100222
0.00102161 1.95178e-05 0.00104113 0.00100209
0.0010215 1.95285e-05 0.00104102 0.00100197
0.00102206 1.95392e-05 0.00104159 0.00100252
0.00102194 1.95499e-05 0.00104149 0.00100239
0.00102238 1.95713e-05 0.00104195 0.00100281
0.0010209 1.9582e-05 0.00104048 0.00100132
0.00102122 1.96141e-05 0.00104083 0.0010016
0.00102042 1.96248e-05 0.00104004 0.00100079
0.00101949 1.96462e-05 0.00103913 0.00099984
0.00101992 1.96676e-05 0.00103958 0.00100025
0.00101885 1.96997e-05 0.00103855 0.000999151
0.0010194 1.97104e-05 0.00103911 0.000999693
0.00101927 1.97211e-05 0.001039 0.000999553
0.00101901 1.97425e-05 0.00103875 0.00099927
0.00101875 1.97639e-05 0.00103851 0.000998984
0.00101861 1.97746e-05 0.00103839 0.00099884
0.00101766 1.9796e-05 0.00103746 0.000997863
0.00101821 1.98067e-05 0.00103802 0.000998403
0.00101862 1.98281e-05 0.00103845 0.000998795
0.0010178 1.98388e-05 0.00103764 0.000997959
0.0010178 1.98388e-05 0.00103764 0.000997959
0.00101697 1.98495e-05 0.00103682 0.000997122
0.00101807 1.98709e-05 0.00103794 0.000998197
0.00101793 1.98816e-05 0.00103781 0.000998046
0.0010171 1.98923e-05 0.00103699 0.000997205
0.00101764 1.9903e-05 0.00103755 0.000997742
0.00101696 1.9903e-05 0.00103686 0.000997052
0.00101681 1.99137e-05 0.00103673 0.000996898
0.00101721 1.99351e-05 0.00103715 0.000997279
0.00101707 1.99458e-05 0.00103702 0.000997123
0.00101761 1.99565e-05 0.00103757 0.000997658
0.00101816 1.99672e-05 0.00103813 0.000998193
0.00101732 1.99779e-05 0.0010373 0.000997344
0.00101772 1.99993e-05 0.00103772 0.00099772
0.00101881 2.00207e-05 0.00103883 0.000998787
0.00101866 2.00314e-05 0.00103869 0.000998627
0.00101905 2.00528e-05 0.00103911 0.000999
0.00101821 2.00635e-05 0.00103827 0.000998143
0.0010186 2.00849e-05 0.00103868 0.000998512
0.00101968 2.01063e-05 0.00103979 0.000999576
0.00101883 2.0117e-05 0.00103895 0.000998714
0.00101937 2.01277e-05 0.0010395 0.000999245
0.00101976 2.01491e-05 0.00103991 0.000999609
0.0010189 2.01598e-05 0.00103906 0.000998744
0.00101999 2.01812e-05 0.00104017 0.000999804
0.00101913 2.01919e-05 0.00103932 0.000998935
0.00101881 2.02133e-05 0.00103902 0.000998593
0.00101918 2.02347e-05 0.00103942 0.00099895
0.00101762 2.02454e-05 0.00103786 0.000997374
0.0010187 2.02668e-05 0.00103896 0.000998428
0.00101853 2.02775e-05 0.00103881 0.000998253
0.00101783 2.02775e-05 0.00103811 0.000997551
0.0010189 2.0299e-05 0.0010392 0.000998603
0.00101874 2.03097e-05 0.00103905 0.000998426
0.0010184 2.03311e-05 0.00103873 0.00099807
0.00101894 2.03418e-05 0.00103928 0.000998595
0.00101736 2.03525e-05 0.00103771 0.000997005
0.00101772 2.03739e-05 0.0010381 0.000997348
0.00101808 2.03953e-05 0.00103848 0.000997689
0.00101774 2.04167e-05 0.00103815 0.000997321
0.00101756 2.04274e-05 0.00103799 0.000997136
0.00101739 2.04381e-05 0.00103783 0.000996951
0.00101721 2.04488e-05 0.00103766 0.000996764
0.00101704 2.04595e-05 0.0010375 0.000996577
0.00101686 2.04702e-05 0.00103733 0.000996389
0.00101739 2.04809e-05 0.00103787 0.00099691
0.00101668 2.04809e-05 0.00103716 0.000996201
0.0010165 2.04916e-05 0.00103699 0.000996011
0.00101632 2.05023e-05 0.00103683 0.000995821
0.00101472 2.0513e-05 0.00103524 0.000994209
0.00101525 2.05237e-05 0.00103578 0.000994728
0.00101578 2.05344e-05 0.00103632 0.000995246
0.00101436 2.05344e-05 0.00103489 0.000993824
0.0010156 2.05451e-05 0.00103614 0.000995053
0.00101613 2.05558e-05 0.00103668 0.000995572
0.00101523 2.05665e-05 0.0010358 0.000994665
0.00101576 2.05772e-05 0.00103634 0.000995183
0.00101557 2.05879e-05 0.00103616 0.000994987
0.0010161 2.05986e-05 0.0010367 0.000995504
0.00101592 2.06093e-05 0.00103653 0.000995307
0.00101554 2.06307e-05 0.00103617 0.000994911
0.0010166 2.06521e-05 0.00103725 0.000995944
0.00101641 2.06628e-05 0.00103707 0.000995744
0.00101622 2.06735e-05 0.00103689 0.000995543
0.00101622 2.06735e-05 0.00103689 0.000995543
0.00101622 2.06735e-05 0.00103689 0.000995543
0.00101564 2.07056e-05 0.00103635 0.000994937
0.00101597 2.0727e-05 0.0010367 0.000995248
0.0010163 2.07484e-05 0.00103705 0.000995557
0.00101683 2.07591e-05 0.00103759 0.00099607
0.00101663 2.07698e-05 0.0010374 0.000995864
0.00101663 2.07698e-05 0.0010374 0.000995864
0.00101591 2.07698e-05 0.00103668 0.000995145
0.00101644 2.07805e-05 0.00103722 0.000995657
0.00101552 2.07912e-05 0.00103631 0.000994729
0.00101657 2.08126e-05 0.00103738 0.000995753
0.00101512 2.08126e-05 0.00103594 0.000994311
0.00101565 2.08233e-05 0.00103647 0.000994823
0.00101597 2.08447e-05 0.00103681 0.000995123
0.00101609 2.08768e-05 0.00103696 0.000995209
0.00101609 2.08768e-05 0.00103696 0.000995209
0.00101661 2.08875e-05 0.00103749 0.000995719
0.00101496 2.08982e-05 0.00103585 0.000994058
0.00101527 2.09196e-05 0.00103619 0.000994351
0.00101486 2.0941e-05 0.0010358 0.000993917
0.00101465 2.09517e-05 0.0010356 0.000993699
0.00101517 2.09624e-05 0.00103613 0.000994207
0.00101496 2.09731e-05 0.00103593 0.000993988
0.00101496 2.09731e-05 0.00103593 0.000993988
0.00101496 2.09731e-05 0.00103593 0.000993988
0.00101402 2.09838e-05 0.00103501 0.000993041
0.00101475 2.09838e-05 0.00103574 0.000993768
0.00101475 2.09838e-05 0.00103574 0.000993768
0.00101402 2.09838e-05 0.00103501 0.000993041
0.00101381 2.09945e-05 0.00103481 0.00099282
0.00101288 2.10052e-05 0.00103388 0.000991871
0.00101339 2.10159e-05 0.00103441 0.000992376
0.00101412 2.10159e-05 0.00103514 0.000993104
0.00101391 2.10266e-05 0.00103493 0.000992882
0.00101391 2.10266e-05 0.00103493 0.000992882
0.00101421 2.1048e-05 0.00103526 0.000993163
0.001014 2.10587e-05 0.00103506 0.000992938
0.00101378 2.10694e-05 0.00103485 0.000992713
0.00101211 2.10801e-05 0.00103319 0.000991027
0.00101313 2.11015e-05 0.00103424 0.000992033
0.00101292 2.11122e-05 0.00103403 0.000991804
0.00101248 2.11336e-05 0.00103361 0.000991346
0.00101299 2.11443e-05 0.00103414 0.000991848
0.0010135 2.1155e-05 0.00103466 0.00099235
0.00101306 2.11764e-05 0.00103424 0.000991886
0.00101386 2.12085e-05 0.00103507 0.000992655
0.00101342 2.12299e-05 0.00103465 0.000992186
0.00101393 2.12406e-05 0.00103517 0.000992686
0.00101444 2.12513e-05 0.00103569 0.000993186
0.00101274 2.1262e-05 0.001034 0.000991477
0.00101399 2.12727e-05 0.00103526 0.000992713
0.00101376 2.12834e-05 0.00103504 0.000992475
0.00101279 2.12941e-05 0.00103409 0.000991498
0.0010133 2.13048e-05 0.00103461 0.000991997
0.00101506 2.13262e-05 0.00103638 0.000993732
0.00101409 2.13369e-05 0.00103543 0.000992752
0.0010146 2.13476e-05 0.00103595 0.00099325
0.00101487 2.1369e-05 0.00103624 0.000993506
0.00101515 2.13904e-05 0.00103654 0.00099376
0.00101492 2.14011e-05 0.00103632 0.000993515
0.00101394 2.14118e-05 0.00103535 0.000992529
0.00101172 2.14118e-05 0.00103313 0.000990303
0.00101097 2.14118e-05 0.00103239 0.000989562
0.00101074 2.14225e-05 0.00103216 0.000989314
0.00101124 2.14332e-05 0.00103267 0.000989808
0.00101026 2.14439e-05 0.0010317 0.000988817
0.00101053 2.14653e-05 0.00103199 0.00098906
0.00101153 2.14867e-05 0.00103302 0.000990046
0.00101129 2.14974e-05 0.00103279 0.000989795
0.00101105 2.15081e-05 0.00103256 0.000989542
0.00101056 2.15295e-05 0.00103209 0.000989035
0.00101056 2.15295e-05 0.00103209 0.000989035
0.00101082 2.15509e-05 0.00103237 0.000989272
0.00101033 2.15723e-05 0.0010319 0.00098876
0.00101034 2.16044e-05 0.00103194 0.000988734
0.00101059 2.16258e-05 0.00103222 0.000988964
0.00101009 2.16472e-05 0.00103174 0.000988443
0.00101059 2.16579e-05 0.00103225 0.000988932
0.00101084 2.16793e-05 0.00103252 0.000989158
0.00101033 2.17007e-05 0.00103203 0.000988631
0.00101032 2.17328e-05 0.00103205 0.000988588
0.00100905 2.17542e-05 0.00103081 0.000987301
0.00101005 2.17756e-05 0.00103182 0.000988272
0.00101029 2.1797e-05 0.00103208 0.000988488
0.00101003 2.18077e-05 0.00103183 0.000988218
0.00100977 2.18184e-05 0.00103158 0.000987947
0.00101076 2.18398e-05 0.0010326 0.000988916
0.00100974 2.18505e-05 0.00103159 0.000987887
0.00100947 2.18612e-05 0.00103134 0.000987613
0.00100997 2.18719e-05 0.00103184 0.000988097
0.0010097 2.18826e-05 0.00103159 0.000987822
0.00100868 2.18933e-05 0.00103057 0.000986788
0.0010069 2.1904e-05 0.0010288 0.000984994
0.00100864 2.19254e-05 0.00103057 0.000986716
0.0010094 2.19254e-05 0.00103133 0.000987476
0.00100837 2.19361e-05 0.00103031 0.000986438
0.00101012 2.19575e-05 0.00103208 0.000988161
0.00100958 2.19789e-05 0.00103156 0.000987601
0.0010098 2.20003e-05 0.0010318 0.000987801
0.00101029 2.2011e-05 0.0010323 0.000988281
0.00100926 2.20217e-05 0.00103128 0.000987236
0.00100898 2.20324e-05 0.00103102 0.000986952
0.00101024 2.20431e-05 0.00103228 0.000988195
0.0010092 2.20538e-05 0.00103125 0.000987147
0.00100969 2.20645e-05 0.00103176 0.000987626
0.00100942 2.20752e-05 0.00103149 0.00098734
0.00100914 2.20859e-05 0.00103123 0.000987054
0.00100963 2.20966e-05 0.00103173 0.000987532
0.00100862 2.2108e-05 0.00103073 0.00098651
0.00100907 2.2118e-05 0.00103119 0.000986956
0.00100987 2.21187e-05 0.00103199 0.000987753
0.00100831 2.2118e-05 0.00103043 0.00098619
0.00100956 2.21287e-05 0.00103169 0.000987434
0.00100932 2.21401e-05 0.00103146 0.000987175
0.00100855 2.21401e-05 0.00103069 0.000986408
0.00100932 2.21401e-05 0.00103146 0.000987175
0.00100827 2.21508e-05 0.00103042 0.000986118
0.00100924 2.21722e-05 0.00103141 0.00098707
0.00100973 2.21829e-05 0.00103191 0.000987547
0.00100945 2.21936e-05 0.00103164 0.000987254
0.00100945 2.21936e-05 0.00103164 0.000987254
0.00100945 2.21936e-05 0.00103164 0.000987254
0.00100783 2.22257e-05 0.00103005 0.000985603
0.00100831 2.22364e-05 0.00103055 0.000986077
0.00100803 2.22472e-05 0.00103028 0.000985781
0.00100774 2.22579e-05 0.00103 0.000985484
0.00100842 2.229e-05 0.00103071 0.000986133
0.00100707 2.23114e-05 0.00102938 0.000984762
0.00100852 2.23435e-05 0.00103087 0.000986179
0.00100794 2.23649e-05 0.0010303 0.000985574
0.00100687 2.23756e-05 0.00102925 0.000984495
0.00100765 2.23756e-05 0.00103002 0.00098527
0.00100687 2.23756e-05 0.00102925 0.000984495
0.00100687 2.23756e-05 0.00102925 0.000984495
0.00100765 2.23756e-05 0.00103002 0.00098527
0.00100658 2.23863e-05 0.00102896 0.00098419
0.00100658 2.23863e-05 0.00102896 0.00098419
0.00100599 2.24077e-05 0.00102839 0.000983579
0.00100539 2.24291e-05 0.00102782 0.000982964
0.00100665 2.24398e-05 0.00102909 0.000984211
0.00100558 2.24505e-05 0.00102803 0.000983125
0.00100605 2.24612e-05 0.00102852 0.000983593
0.00100749 2.24933e-05 0.00102999 0.000984999
0.00100659 2.25254e-05 0.00102911 0.000984064
0.00100568 2.25575e-05 0.00102824 0.000983122
0.00100602 2.26003e-05 0.00102862 0.000983422
0.00100541 2.26217e-05 0.00102803 0.000982786
0.00100636 2.26431e-05 0.001029 0.000983716
0.00100652 2.26645e-05 0.00102919 0.00098386
0.00100669 2.26859e-05 0.00102938 0.000984003
0.00100685 2.27073e-05 0.00102956 0.000984145
0.00100701 2.27287e-05 0.00102974 0.000984285
0.0010067 2.27394e-05 0.00102944 0.000983961
0.00100765 2.27608e-05 0.00103041 0.000984887
0.00100702 2.27822e-05 0.0010298 0.000984235
0.00100717 2.28036e-05 0.00102998 0.000984369
0.00100654 2.2825e-05 0.00102936 0.000983712
0.00100622 2.28357e-05 0.00102905 0.000983382
0.00100716 2.28571e-05 0.00103002 0.000984304
0.00100576 2.28792e-05 0.00102864 0.000982879
0.00100623 2.28899e-05 0.00102912 0.000983338
0.00100764 2.2922e-05 0.00103056 0.000984718
0.00100587 2.29541e-05 0.00102882 0.000982916
0.00100648 2.29862e-05 0.00102947 0.000983495
0.00100662 2.30076e-05 0.00102963 0.000983613
0.00100596 2.3029e-05 0.00102899 0.000982933
0.0010069 2.30504e-05 0.00102995 0.000983846
0.00100497 2.30611e-05 0.00102803 0.000981906
0.0010059 2.30825e-05 0.00102898 0.000982818
0.00100637 2.30932e-05 0.00102946 0.000983273
0.00100443 2.31039e-05 0.00102754 0.000981328
0.00100616 2.31253e-05 0.00102929 0.000983038
0.00100503 2.31361e-05 0.00102816 0.00098189
0.00100392 2.31475e-05 0.00102707 0.000980771
0.00100519 2.31582e-05 0.00102834 0.000982027
0.00100451 2.31796e-05 0.00102769 0.000981329
0.00100417 2.31903e-05 0.00102736 0.000980978
0.00100463 2.3201e-05 0.00102783 0.000981431
0.00100395 2.32224e-05 0.00102717 0.000980728
0.00100315 2.32224e-05 0.00102637 0.000979923
0.00100361 2.32331e-05 0.00102684 0.000980375
0.00100326 2.32438e-05 0.00102651 0.000980021
0.00100373 2.32545e-05 0.00102698 0.000980472
0.00100419 2.32652e-05 0.00102745 0.000980924
0.00100396 2.32973e-05 0.00102726 0.000980663
0.00100477 2.32973e-05 0.00102806 0.00098147
0.00100281 2.3308e-05 0.00102611 0.000979499
0.00100327 2.33187e-05 0.00102659 0.000979948
0.00100257 2.33401e-05 0.00102591 0.000979231
0.00100268 2.33615e-05 0.00102604 0.00097932
0.00100349 2.33615e-05 0.00102685 0.000980129
0.00100349 2.33615e-05 0.00102685 0.000980129
0.00100314 2.33722e-05 0.00102651 0.000979768
0.00100325 2.33936e-05 0.00102664 0.000979855
0.00100336 2.3415e-05 0.00102677 0.00097994
0.00100381 2.34257e-05 0.00102724 0.000980388
0.00100427 2.34364e-05 0.00102771 0.000980836
0.00100356 2.34578e-05 0.00102702 0.000980107
0.00100331 2.34899e-05 0.0010268 0.000979821
0.00100224 2.3522e-05 0.00102576 0.000978715
0.00100315 2.35434e-05 0.00102669 0.000979606
0.00100442 2.35541e-05 0.00102798 0.000980867
0.00100324 2.35648e-05 0.00102681 0.00097968
0.00100416 2.35862e-05 0.00102774 0.00098057
0.00100507 2.36076e-05 0.00102868 0.00098146
0.00100307 2.36183e-05 0.00102669 0.00097945
0.00100398 2.36398e-05 0.00102762 0.000980338
0.00100361 2.36505e-05 0.00102726 0.000979962
0.00100206 2.36719e-05 0.00102573 0.000978389
0.00100333 2.36826e-05 0.00102702 0.000979652
0.0010026 2.3704e-05 0.0010263 0.000978895
0.00100271 2.37261e-05 0.00102644 0.000978988
0.00100325 2.37582e-05 0.00102701 0.000979489
0.0010025 2.37796e-05 0.00102628 0.000978724
0.00100258 2.3801e-05 0.00102638 0.000978781
0.00100266 2.38224e-05 0.00102648 0.000978836
0.00100191 2.38438e-05 0.00102575 0.000978063
0.00100281 2.38652e-05 0.00102667 0.000978941
0.00100326 2.38759e-05 0.00102713 0.00097938
0.00100205 2.38866e-05 0.00102594 0.000978164
0.00100295 2.3908e-05 0.00102686 0.000979041
0.00100008 2.39187e-05 0.001024 0.000976165
0.00100098 2.39401e-05 0.00102492 0.000977038
0.0010027 2.39616e-05 0.00102666 0.000978742
0.00100066 2.39723e-05 0.00102463 0.000976688
0.00100194 2.3983e-05 0.00102592 0.000977954
0.00100072 2.39937e-05 0.00102472 0.000976729
0.00100034 2.40044e-05 0.00102434 0.000976333
0.00100078 2.40151e-05 0.0010248 0.000976768
0.00100001 2.40365e-05 0.00102405 0.000975973
0.00100045 2.40472e-05 0.0010245 0.000976408
0.00100007 2.40579e-05 0.00102412 0.000976009
0.000999678 2.40686e-05 0.00102375 0.000975609
0.00100012 2.40793e-05 0.0010242 0.000976043
0.00100018 2.41007e-05 0.00102428 0.000976076
0.000999393 2.41221e-05 0.00102352 0.000975271
0.00100028 2.41435e-05 0.00102442 0.000976137
0.000999493 2.41649e-05 0.00102366 0.000975328
0.00099954 2.41863e-05 0.00102373 0.000975354
0.000999983 2.4197e-05 0.00102418 0.000975786
0.000998748 2.42077e-05 0.00102296 0.00097454
0.00100003 2.42184e-05 0.00102425 0.00097581
0.000999631 2.42291e-05 0.00102386 0.000975402
0.000998791 2.42291e-05 0.00102302 0.000974562
0.000999631 2.42291e-05 0.00102386 0.000975402
0.000998393 2.42398e-05 0.00102263 0.000974153
0.000998834 2.42505e-05 0.00102308 0.000974583
0.000999274 2.42612e-05 0.00102354 0.000975013
0.000998034 2.42719e-05 0.00102231 0.000973762
0.000999315 2.42826e-05 0.0010236 0.000975032
0.000998474 2.42826e-05 0.00102276 0.000974191
0.000998072 2.42933e-05 0.00102237 0.000973779
0.000999354 2.4304e-05 0.00102366 0.00097505
0.000998109 2.43147e-05 0.00102242 0.000973795
0.000998988 2.43361e-05 0.00102332 0.000974652
0.000999867 2.43575e-05 0.00102422 0.000975509
0.000999088 2.43797e-05 0.00102347 0.000974708
0.000999558 2.44118e-05 0.00102397 0.000975146
0.000999588 2.44332e-05 0.00102402 0.000975154
0.000999616 2.44546e-05 0.00102407 0.000975162
0.00100005 2.44653e-05 0.00102452 0.000975588
0.000999232 2.44867e-05 0.00102372 0.000974745
0.00100011 2.45081e-05 0.00102461 0.000975597
0.000999693 2.45188e-05 0.00102421 0.000975174
0.00099843 2.45295e-05 0.00102296 0.0009739
0.00099928 2.45295e-05 0.00102381 0.00097475
0.000999716 2.45402e-05 0.00102426 0.000975175
0.000998451 2.45509e-05 0.001023 0.0009739
0.000998886 2.45616e-05 0.00102345 0.000974324
0.000999321 2.45723e-05 0.00102389 0.000974749
0.000998905 2.4583e-05 0.00102349 0.000974322
0.00099934 2.45937e-05 0.00102393 0.000974746
0.000998922 2.46044e-05 0.00102353 0.000974318
0.00100021 2.46151e-05 0.00102482 0.000975594
0.000999791 2.46258e-05 0.00102442 0.000975165
0.000997678 2.46579e-05 0.00102234 0.00097302
0.000999864 2.46908e-05 0.00102455 0.000975173
0.000998595 2.47229e-05 0.00102332 0.000973872
0.000999459 2.47443e-05 0.0010242 0.000974715
0.000999034 2.4755e-05 0.00102379 0.000974279
0.00099775 2.47658e-05 0.00102252 0.000972984
0.000997323 2.47765e-05 0.0010221 0.000972547
0.000998185 2.47979e-05 0.00102298 0.000973387
0.000997327 2.48193e-05 0.00102215 0.000972507
0.000998187 2.48407e-05 0.00102303 0.000973346
0.000997756 2.48514e-05 0.00102261 0.000972905
0.000997754 2.48728e-05 0.00102263 0.000972881
0.00099775 2.48942e-05 0.00102264 0.000972856
0.000995583 2.49263e-05 0.00102051 0.000970657
0.000996428 2.49691e-05 0.0010214 0.000971459
0.000997282 2.49905e-05 0.00102227 0.000972292
0.000996843 2.50012e-05 0.00102184 0.000971842
0.000996843 2.50012e-05 0.00102184 0.000971842
0.000996843 2.50012e-05 0.00102184 0.000971842
0.000996404 2.50119e-05 0.00102142 0.000971392
0.00099683 2.50226e-05 0.00102185 0.000971807
0.00099683 2.50226e-05 0.00102185 0.000971807
0.000996815 2.5044e-05 0.00102186 0.000971771
0.000997241 2.50547e-05 0.0010223 0.000972186
0.000997224 2.50761e-05 0.0010223 0.000972148
0.000996337 2.50975e-05 0.00102143 0.000971239
0.000997187 2.51189e-05 0.00102231 0.000972068
0.00099759 2.5151e-05 0.00102274 0.000972439
0.000998014 2.51617e-05 0.00102318 0.000972853
0.000997567 2.51724e-05 0.00102274 0.000972395
0.000997093 2.52046e-05 0.0010223 0.000971889
0.000995741 2.52367e-05 0.00102098 0.000970504
0.000995678 2.52795e-05 0.00102096 0.000970399
0.000996943 2.53116e-05 0.00102225 0.000971631
0.000998629 2.53544e-05 0.00102398 0.000973275
0.000998556 2.53972e-05 0.00102395 0.000973159
0.000998517 2.54186e-05 0.00102394 0.000973098
0.000997133 2.54507e-05 0.00102258 0.000971683
0.000997553 2.54614e-05 0.00102301 0.000972091
0.000998391 2.54828e-05 0.00102387 0.000972908
0.000997044 2.54935e-05 0.00102254 0.000971551
0.000996579 2.55042e-05 0.00102208 0.000971075
0.000997416 2.55256e-05 0.00102294 0.00097189
0.0009969 2.55577e-05 0.00102246 0.000971342
0.000996848 2.55791e-05 0.00102243 0.000971269
0.000996796 2.56006e-05 0.0010224 0.000971195
0.000996325 2.56113e-05 0.00102194 0.000970714
0.000997213 2.56113e-05 0.00102282 0.000971601
0.00099627 2.56327e-05 0.0010219 0.000970637
0.000995325 2.56541e-05 0.00102098 0.000969671
0.000996986 2.56969e-05 0.00102268 0.000971289
0.00099508 2.57397e-05 0.00102082 0.00096934
0.000995015 2.57611e-05 0.00102078 0.000969254
0.000994056 2.57825e-05 0.00101984 0.000968273
0.000993987 2.58039e-05 0.00101979 0.000968183
0.000994399 2.58146e-05 0.00102021 0.000968585
0.000993917 2.58253e-05 0.00101974 0.000968092
0.000993917 2.58253e-05 0.00101974 0.000968092
0.000994329 2.5836e-05 0.00102016 0.000968493
0.000993434 2.5836e-05 0.00101927 0.000967598
0.000995153 2.58574e-05 0.00102101 0.000969295
0.000994668 2.58681e-05 0.00102054 0.0009688
0.000994184 2.58788e-05 0.00102006 0.000968305
0.000993698 2.58895e-05 0.00101959 0.000967808
0.000993211 2.59002e-05 0.00101911 0.000967311
0.000994032 2.59216e-05 0.00101995 0.000968111
0.000993954 2.5943e-05 0.0010199 0.000968011
0.000992976 2.59644e-05 0.00101894 0.000967011
0.000993303 2.59965e-05 0.0010193 0.000967306
0.000993628 2.60287e-05 0.00101966 0.0009676
0.00099264 2.60501e-05 0.00101869 0.00096659
0.000992057 2.60822e-05 0.00101814 0.000965975
0.000992374 2.61143e-05 0.00101849 0.000966259
0.000991875 2.6125e-05 0.001018 0.00096575
0.000992282 2.61357e-05 0.00101842 0.000966146
0.000991782 2.61464e-05 0.00101793 0.000965636
0.000991782 2.61464e-05 0.00101793 0.000965636
0.000991782 2.61464e-05 0.00101793 0.000965636
0.000991782 2.61464e-05 0.00101793 0.000965636
0.000991282 2.61571e-05 0.00101744 0.000965125
0.000991186 2.61785e-05 0.00101736 0.000965008
0.00099156 2.61884e-05 0.00101775 0.000965372
0.000992371 2.62098e-05 0.00101858 0.000966161
0.000991768 2.62419e-05 0.00101801 0.000965527
0.000993082 2.62526e-05 0.00101933 0.00096683
0.000993386 2.62847e-05 0.00101967 0.000967102
0.000992776 2.63168e-05 0.00101909 0.00096646
0.00099318 2.63275e-05 0.00101951 0.000966853
0.00099318 2.63275e-05 0.00101951 0.000966853
0.00099318 2.63275e-05 0.00101951 0.000966853
0.00099318 2.63275e-05 0.00101951 0.000966853
0.000992776 2.63168e-05 0.00101909 0.00096646
0.000992776 2.63168e-05 0.00101909 0.00096646
0.000992776 2.63168e-05 0.00101909 0.00096646
0.000991865 2.63168e-05 0.00101818 0.000965548
0.000992268 2.63275e-05 0.0010186 0.000965941
0.000992162 2.63489e-05 0.00101851 0.000965813
0.000992055 2.63703e-05 0.00101842 0.000965684
0.000992317 2.64016e-05 0.00101872 0.000965915
0.000992094 2.64444e-05 0.00101854 0.000965649
0.000991579 2.64551e-05 0.00101803 0.000965124
0.00099198 2.64658e-05 0.00101845 0.000965514
0.000990029 2.64872e-05 0.00101652 0.000963542
0.000990829 2.65086e-05 0.00101734 0.000964321
0.000991629 2.653e-05 0.00101816 0.000965099
0.000990989 2.65621e-05 0.00101755 0.000964427
0.000991388 2.65728e-05 0.00101796 0.000964816
0.000990867 2.65835e-05 0.00101745 0.000964283
0.000991266 2.65942e-05 0.00101786 0.000964672
0.000991665 2.66049e-05 0.00101827 0.00096506
0.000990743 2.66049e-05 0.00101735 0.000964138
0.00099022 2.66156e-05 0.00101684 0.000963604
0.000990618 2.66263e-05 0.00101724 0.000963991
0.000990618 2.66263e-05 0.00101724 0.000963991
0.00099022 2.66156e-05 0.00101684 0.000963604
0.000990618 2.66263e-05 0.00101724 0.000963991
0.000990491 2.66477e-05 0.00101714 0.000963843
0.000990363 2.66691e-05 0.00101703 0.000963694
0.000989176 2.67119e-05 0.00101589 0.000962464
0.000990231 2.67654e-05 0.001017 0.000963465
0.000989957 2.68083e-05 0.00101677 0.000963149
0.000989283 2.68404e-05 0.00101612 0.000962443
0.000989536 2.68725e-05 0.00101641 0.000962663
0.000989392 2.68939e-05 0.00101629 0.000962498
0.000989247 2.69153e-05 0.00101616 0.000962332
0.000990148 2.69144e-05 0.00101706 0.000963234
0.000988315 2.69153e-05 0.00101523 0.000961399
0.000988677 2.69251e-05 0.0010156 0.000961752
0.000989463 2.69465e-05 0.00101641 0.000962516
0.000987596 2.69465e-05 0.00101454 0.000960649
0.000988922 2.69572e-05 0.00101588 0.000961964
0.000989314 2.69679e-05 0.00101628 0.000962346
0.000989314 2.69679e-05 0.00101628 0.000962346
0.00098838 2.69679e-05 0.00101535 0.000961412
0.000988772 2.69786e-05 0.00101575 0.000961794
0.00098823 2.69893e-05 0.00101522 0.00096124
0.000988621 2.7e-05 0.00101562 0.000961621
0.000989013 2.70107e-05 0.00101602 0.000962003
0.000987924 2.70321e-05 0.00101496 0.000960892
0.000986442 2.70428e-05 0.00101348 0.000959399
0.000986675 2.7075e-05 0.00101375 0.0009596
0.000988075 2.71392e-05 0.00101521 0.000960935
0.000987031 2.72141e-05 0.00101425 0.000959817
0.000988195 2.72462e-05 0.00101544 0.000960949
0.000988972 2.72676e-05 0.00101624 0.000961704
0.000988415 2.72783e-05 0.00101569 0.000961137
0.000987299 2.72997e-05 0.0010146 0.000959999
0.00098902 2.73211e-05 0.00101634 0.000961698
0.0009879 2.73425e-05 0.00101524 0.000960558
0.000988673 2.73639e-05 0.00101604 0.000961309
0.000989447 2.73853e-05 0.00101683 0.000962061
0.000988321 2.74067e-05 0.00101573 0.000960914
0.000989479 2.74388e-05 0.00101692 0.00096204
0.000988348 2.74602e-05 0.00101581 0.000960888
0.000988733 2.74709e-05 0.0010162 0.000961262
0.000989889 2.7503e-05 0.00101739 0.000962386
0.000988752 2.75244e-05 0.00101628 0.000961228
0.000989906 2.75565e-05 0.00101746 0.000962349
0.000988764 2.75779e-05 0.00101634 0.000961186
0.000987808 2.75779e-05 0.00101539 0.000960231
0.000988575 2.75993e-05 0.00101617 0.000960976
0.000987428 2.76207e-05 0.00101505 0.000959807
0.000987618 2.76528e-05 0.00101527 0.000959965
0.000987805 2.76849e-05 0.00101549 0.000960121
0.00098665 2.77063e-05 0.00101436 0.000958943
0.000987991 2.7717e-05 0.00101571 0.000960274
0.000987793 2.77384e-05 0.00101553 0.000960054
0.000987012 2.77706e-05 0.00101478 0.000959242
0.000986779 2.77911e-05 0.00101457 0.000958988
0.000986576 2.78125e-05 0.00101439 0.000958763
0.000987335 2.78339e-05 0.00101517 0.000959501
0.000987129 2.78553e-05 0.00101498 0.000959274
0.000985369 2.78874e-05 0.00101326 0.000957481
0.000986125 2.79088e-05 0.00101403 0.000958216
0.000987259 2.79409e-05 0.0010152 0.000959318
0.000986078 2.79623e-05 0.00101404 0.000958116
0.00098624 2.79944e-05 0.00101423 0.000958246
0.000984677 2.80051e-05 0.00101268 0.000956672
0.000985053 2.80158e-05 0.00101307 0.000957038
0.00098543 2.80265e-05 0.00101346 0.000957403
0.000984239 2.80479e-05 0.00101229 0.000956191
0.000984393 2.808e-05 0.00101247 0.000956313
0.000983196 2.81014e-05 0.0010113 0.000955095
0.000983345 2.81335e-05 0.00101148 0.000955211
0.000984093 2.81549e-05 0.00101225 0.000955938
0.000983865 2.81763e-05 0.00101204 0.000955689
0.000984612 2.81977e-05 0.00101281 0.000956415
0.00098536 2.82191e-05 0.00101358 0.000957141
0.000985129 2.82405e-05 0.00101337 0.000956888
0.000984896 2.82619e-05 0.00101316 0.000956634
0.000984662 2.82833e-05 0.00101295 0.000956379
0.000983683 2.82833e-05 0.00101197 0.000955399
0.000984662 2.82833e-05 0.00101295 0.000956379
0.000983075 2.8294e-05 0.00101137 0.000954781
0.000982837 2.83154e-05 0.00101115 0.000954522
0.00098358 2.83368e-05 0.00101192 0.000955243
0.000983341 2.83582e-05 0.0010117 0.000954983
0.0009831 2.83797e-05 0.00101148 0.00095472
0.000983841 2.84011e-05 0.00101224 0.00095544
0.000984339 2.84439e-05 0.00101278 0.000955895
0.00098545 2.8476e-05 0.00101393 0.000956974
0.000983846 2.84867e-05 0.00101233 0.00095536
0.000984586 2.85081e-05 0.00101309 0.000956078
0.000985325 2.85295e-05 0.00101385 0.000956795
0.000984706 2.85402e-05 0.00101325 0.000956166
0.000985444 2.85616e-05 0.00101401 0.000956883
0.000986183 2.8583e-05 0.00101477 0.0009576
0.000983948 2.86044e-05 0.00101255 0.000955344
0.000985676 2.86258e-05 0.0010143 0.00095705
0.000985421 2.86472e-05 0.00101407 0.000956774
0.000985164 2.86686e-05 0.00101383 0.000956495
0.000985899 2.869e-05 0.00101459 0.000957209
0.000984279 2.87007e-05 0.00101298 0.000955578
0.000984646 2.87114e-05 0.00101336 0.000955934
0.000984646 2.87114e-05 0.00101336 0.000955934
0.000984415 2.87337e-05 0.00101315 0.000955682
0.000984782 2.87444e-05 0.00101353 0.000956038
0.000983888 2.87765e-05 0.00101266 0.000955112
0.000983355 2.88193e-05 0.00101217 0.000954536
0.000982816 2.88621e-05 0.00101168 0.000953954
0.000983636 2.89156e-05 0.00101255 0.000954721
0.000983086 2.89584e-05 0.00101204 0.000954128
0.000983172 2.89905e-05 0.00101216 0.000954181
0.000982893 2.90119e-05 0.0010119 0.000953881
0.000982974 2.9044e-05 0.00101202 0.00095393
0.000982046 2.90761e-05 0.00101112 0.00095297
0.000982484 2.9119e-05 0.0010116 0.000953365
0.000983206 2.91404e-05 0.00101235 0.000954065
0.000982918 2.91618e-05 0.00101208 0.000953756
0.000981257 2.91725e-05 0.00101043 0.000952085
0.000981977 2.91939e-05 0.00101117 0.000952783
0.000981032 2.9226e-05 0.00101026 0.000951806
0.000980083 2.92581e-05 0.00100934 0.000950825
0.000979785 2.92795e-05 0.00100906 0.000950506
0.000979487 2.93009e-05 0.00100879 0.000950186
0.000979844 2.93116e-05 0.00100916 0.000950533
0.000978829 2.93116e-05 0.00100814 0.000949517
0.000980202 2.93223e-05 0.00100952 0.00095088
0.00098056 2.9333e-05 0.00100989 0.000951227
0.000981275 2.93544e-05 0.00101063 0.000951921
0.000980973 2.93758e-05 0.00101035 0.000951597
0.000981027 2.94079e-05 0.00101043 0.000951619
0.000980414 2.94507e-05 0.00100986 0.000950964
0.000979085 2.94721e-05 0.00100856 0.000949613
0.000979796 2.94935e-05 0.00100929 0.000950302
0.000980195 2.95363e-05 0.00100973 0.000950658
0.000979212 2.95684e-05 0.00100878 0.000949643
0.00097787 2.95898e-05 0.00100746 0.000948281
0.000978578 2.96112e-05 0.00100819 0.000948966
0.000979957 2.96219e-05 0.00100958 0.000950336
0.000979639 2.96433e-05 0.00100928 0.000949995
0.000979992 2.9654e-05 0.00100965 0.000950338
0.000980025 2.96861e-05 0.00100971 0.000950339
0.000980378 2.96968e-05 0.00101008 0.000950681
0.000981085 2.97182e-05 0.0010108 0.000951367
0.000980084 2.97503e-05 0.00100983 0.000950333
0.000980436 2.9761e-05 0.0010102 0.000950675
0.000981141 2.97824e-05 0.00101092 0.000951359
0.000980814 2.98039e-05 0.00101062 0.00095101
0.000980837 2.9836e-05 0.00101067 0.000951001
0.000980858 2.98681e-05 0.00101073 0.00095099
0.000980876 2.99002e-05 0.00101078 0.000950976
0.000981929 2.99323e-05 0.00101186 0.000951997
0.000980907 2.99644e-05 0.00101087 0.000950942
0.000980918 2.99965e-05 0.00101091 0.000950922
0.000981968 3.00286e-05 0.001012 0.00095194
0.000979894 3.00607e-05 0.00100995 0.000949833
0.000980941 3.00928e-05 0.00101103 0.000950848
0.000979204 3.01356e-05 0.00100934 0.000949069
0.000978504 3.01784e-05 0.00100868 0.000948326
0.000978145 3.02319e-05 0.00100838 0.000947913
0.000979183 3.0264e-05 0.00100945 0.000948919
0.000978827 3.02854e-05 0.00100911 0.000948541
0.000978814 3.03175e-05 0.00100913 0.000948497
0.000979145 3.03603e-05 0.0010095 0.000948784
0.000979835 3.03817e-05 0.00101022 0.000949453
0.000977709 3.04138e-05 0.00100812 0.000947296
0.000977343 3.04352e-05 0.00100778 0.000946908
0.000976975 3.04566e-05 0.00100743 0.000946519
0.000977319 3.04673e-05 0.00100779 0.000946851
0.000977662 3.0478e-05 0.00100814 0.000947184
0.000978005 3.04888e-05 0.00100849 0.000947517
0.000976236 3.04995e-05 0.00100673 0.000945736
0.000976578 3.05102e-05 0.00100709 0.000946068
0.000977263 3.05316e-05 0.00100779 0.000946732
0.00097689 3.0553e-05 0.00100744 0.000946337
0.000976173 3.05637e-05 0.00100674 0.00094561
0.000976857 3.05851e-05 0.00100744 0.000946272
0.000976139 3.05958e-05 0.00100673 0.000945543
0.00097648 3.06065e-05 0.00100709 0.000945874
0.000975761 3.06172e-05 0.00100638 0.000945144
0.000976102 3.06279e-05 0.00100673 0.000945474
0.000976443 3.06386e-05 0.00100708 0.000945805
0.000975722 3.06493e-05 0.00100637 0.000945073
0.000975341 3.06707e-05 0.00100601 0.000944671
0.000975682 3.06814e-05 0.00100636 0.000945
0.000974959 3.06921e-05 0.00100565 0.000944267
0.000976362 3.07028e-05 0.00100707 0.00094566
0.000975299 3.07028e-05 0.001006 0.000944596
0.000975639 3.07135e-05 0.00100635 0.000944925
0.000975979 3.07242e-05 0.0010067 0.000945254
0.000974914 3.07242e-05 0.00100564 0.00094419
0.000975254 3.07349e-05 0.00100599 0.000944519
0.000974528 3.07456e-05 0.00100527 0.000943783
0.000974868 3.07563e-05 0.00100562 0.000944111
0.000975546 3.07777e-05 0.00100632 0.000944768
0.000975157 3.07991e-05 0.00100596 0.000944358
0.000974429 3.08098e-05 0.00100524 0.000943619
0.000975444 3.08419e-05 0.00100629 0.000944603
0.000974321 3.0874e-05 0.00100519 0.000943447
0.000974263 3.09061e-05 0.00100517 0.000943357
0.000974938 3.09275e-05 0.00100587 0.000944011
0.000975613 3.09489e-05 0.00100656 0.000944664
0.000975215 3.09703e-05 0.00100618 0.000944244
0.000974815 3.09917e-05 0.00100581 0.000943823
0.000975152 3.10024e-05 0.00100615 0.000944149
0.000975825 3.10238e-05 0.00100685 0.000944801
0.000974683 3.10559e-05 0.00100574 0.000943627
0.000974949 3.10987e-05 0.00100605 0.00094385
0.000975956 3.11308e-05 0.00100709 0.000944825
0.000974468 3.11522e-05 0.00100562 0.000943316
0.000975138 3.11737e-05 0.00100631 0.000943964
0.000974392 3.11844e-05 0.00100558 0.000943208
0.000975061 3.12058e-05 0.00100627 0.000943855
0.00097573 3.12272e-05 0.00100696 0.000944503
0.000974982 3.12379e-05 0.00100622 0.000943744
0.000975316 3.12486e-05 0.00100656 0.000944068
0.000975984 3.127e-05 0.00100725 0.000944714
0.000962653 3.08428e-05 0.000993496 0.00093181
0.000962718 3.08107e-05 0.000993528 0.000931907
0.000962383 3.08e-05 0.000993183 0.000931583
0.000965584 3.08e-05 0.000996384 0.000934784
0.000965584 3.08e-05 0.000996384 0.000934784
0.000961441 3.07358e-05 0.000992177 0.000930705
0.000962672 3.06394e-05 0.000993312 0.000932033
0.000967348 3.05859e-05 0.000997934 0.000936762
0.000966671 3.05645e-05 0.000997235 0.000936106
0.000967051 3.05431e-05 0.000997594 0.000936508
0.000966073 3.04788e-05 0.000996552 0.000935595
0.000967198 3.04146e-05 0.000997613 0.000936784
0.000964104 3.03504e-05 0.000994455 0.000933754
0.000956445 3.03076e-05 0.000986752 0.000926137
0.000961384 3.02647e-05 0.000991648 0.000931119
0.000962092 3.0254e-05 0.000992346 0.000931838
0.000959656 3.02433e-05 0.000989899 0.000929413
0.000961776 3.02112e-05 0.000991988 0.000931565
0.000961799 3.01791e-05 0.000991978 0.00093162
0.000954171 3.01363e-05 0.000984307 0.000924035
0.000956675 3.00837e-05 0.000986758 0.000926591
0.000955292 3.0073e-05 0.000985365 0.000925219
0.000955994 3.00623e-05 0.000986056 0.000925931
0.000957053 3.00302e-05 0.000987083 0.000927023
0.000954649 2.99873e-05 0.000984637 0.000924662
0.000958824 2.99231e-05 0.000988747 0.000928901
0.000960213 2.98696e-05 0.000990082 0.000930343
0.000959524 2.98482e-05 0.000989373 0.000929676
0.000959525 2.9816e-05 0.000989341 0.000929709
0.000960555 2.97839e-05 0.000990339 0.000930771
0.000961234 2.97411e-05 0.000990975 0.000931493
0.000961908 2.96983e-05 0.000991606 0.000932209
0.000961201 2.96447e-05 0.000990845 0.000931556
0.000961533 2.96233e-05 0.000991156 0.000931909
0.000957761 2.96019e-05 0.000987363 0.000928159
0.000958076 2.95484e-05 0.000987625 0.000928528
0.000960428 2.94949e-05 0.000989923 0.000930933
0.000958685 2.94413e-05 0.000988126 0.000929243
0.000959676 2.94092e-05 0.000989086 0.000930267
0.000961681 2.93771e-05 0.000991058 0.000932304
0.000960279 2.93343e-05 0.000989614 0.000930945
0.00096157 2.92807e-05 0.000990851 0.000932289
0.000963156 2.92058e-05 0.000992362 0.00093395
0.000961694 2.91309e-05 0.000990824 0.000932563
0.000961233 2.90559e-05 0.000990288 0.000932177
0.000961826 2.90131e-05 0.000990839 0.000932813
0.000962769 2.8981e-05 0.00099175 0.000933788
0.000964064 2.89596e-05 0.000993024 0.000935105
0.000962349 2.89381e-05 0.000991287 0.000933411
0.000964642 2.89167e-05 0.000993559 0.000935725
0.000964929 2.88953e-05 0.000993824 0.000936033
0.000963213 2.88739e-05 0.000992087 0.000934339
0.000964498 2.88525e-05 0.000993351 0.000935646
0.000963782 2.88311e-05 0.000992613 0.000934951
0.000965062 2.88097e-05 0.000993872 0.000936253
0.00096598 2.87776e-05 0.000994758 0.000937203
0.000964983 2.87776e-05 0.000993761 0.000936206
0.000965262 2.87561e-05 0.000994018 0.000936505
0.000966808 2.87133e-05 0.000995521 0.000938095
0.000965727 2.86812e-05 0.000994408 0.000937045
0.000967714 2.86812e-05 0.000996395 0.000939033
0.00096672 2.86812e-05 0.000995401 0.000938039
0.000965727 2.86812e-05 0.000994408 0.000937045
0.00096672 2.86812e-05 0.000995401 0.000938039
0.00096663 2.86491e-05 0.000995279 0.000937981
0.000966709 2.85634e-05 0.000995272 0.000938145
0.00096786 2.85099e-05 0.00099637 0.00093935
0.000966406 2.84671e-05 0.000994873 0.000937939
0.000967286 2.8435e-05 0.000995721 0.000938851
0.000967177 2.84028e-05 0.00099558 0.000938774
0.000966448 2.83814e-05 0.000994829 0.000938067
0.000967066 2.83707e-05 0.000995437 0.000938696
0.000965971 2.83386e-05 0.00099431 0.000937633
0.000964877 2.83065e-05 0.000993183 0.00093657
0.000966472 2.82958e-05 0.000994768 0.000938176
0.000965741 2.82744e-05 0.000994015 0.000937466
0.000965988 2.8253e-05 0.000994241 0.000937735
0.000967579 2.82423e-05 0.000995821 0.000939337
0.000965622 2.82423e-05 0.000993864 0.00093738
0.000967579 2.82423e-05 0.000995821 0.000939337
0.000967946 2.8253e-05 0.000996199 0.000939693
0.000967946 2.8253e-05 0.000996199 0.000939693
0.000969291 2.82637e-05 0.000997555 0.000941028
0.000967333 2.82637e-05 0.000995597 0.00093907
0.000968557 2.82423e-05 0.000996799 0.000940315
0.000968433 2.82101e-05 0.000996643 0.000940223
0.00096733 2.8178e-05 0.000995508 0.000939152
0.000967939 2.81673e-05 0.000996106 0.000939771
0.000967809 2.81352e-05 0.000995945 0.000939674
0.00096838 2.80388e-05 0.000996419 0.000940341
0.000967729 2.79639e-05 0.000995693 0.000939765
0.000966247 2.79211e-05 0.000994168 0.000938326
0.000966844 2.79104e-05 0.000994754 0.000938933
0.000968777 2.79104e-05 0.000996688 0.000940867
0.000966844 2.79104e-05 0.000994754 0.000938933
0.000968182 2.79211e-05 0.000996103 0.000940261
0.000969149 2.79211e-05 0.00099707 0.000941228
0.000969149 2.79211e-05 0.00099707 0.000941228
0.000971899 2.7889e-05 0.000999788 0.00094401
0.000971429 2.77926e-05 0.000999222 0.000943636
0.000972066 2.77284e-05 0.000999794 0.000944337
0.0009744 2.76856e-05 0.00100209 0.000946715
0.000970602 2.7632e-05 0.000998234 0.00094297
0.000973876 2.75892e-05 0.00100147 0.000946287
0.000974273 2.75464e-05 0.00100182 0.000946727
0.00097409 2.75143e-05 0.0010016 0.000946576
0.000975809 2.74821e-05 0.00100329 0.000948327
0.00097562 2.745e-05 0.00100307 0.00094817
0.000975997 2.74072e-05 0.0010034 0.000948589
0.000975801 2.73751e-05 0.00100318 0.000948426
0.000975038 2.73537e-05 0.00100239 0.000947684
0.000976933 2.73537e-05 0.00100429 0.000949579
0.000977881 2.73537e-05 0.00100523 0.000950527
0.000976168 2.73323e-05 0.0010035 0.000948836
0.000975584 2.72894e-05 0.00100287 0.000948295
0.000974819 2.7268e-05 0.00100209 0.000947551
0.000975941 2.72466e-05 0.00100319 0.000948694
0.000977445 2.72359e-05 0.00100468 0.000950209
0.000975733 2.72145e-05 0.00100295 0.000948519
0.00097685 2.71931e-05 0.00100404 0.000949657
0.000977022 2.71717e-05 0.00100419 0.00094985
0.000976252 2.71503e-05 0.0010034 0.000949102
0.000976807 2.71395e-05 0.00100395 0.000949667
0.000976036 2.71181e-05 0.00100315 0.000948918
0.000975266 2.70967e-05 0.00100236 0.000948169
0.000975985 2.70646e-05 0.00100305 0.00094892
0.000974276 2.70432e-05 0.00100132 0.000947233
0.000975377 2.70218e-05 0.0010024 0.000948355
0.000975926 2.70111e-05 0.00100294 0.000948915
0.000974217 2.69897e-05 0.00100121 0.000947228
0.0009757 2.6979e-05 0.00100268 0.000948721
0.000975829 2.69567e-05 0.00100279 0.000948872
0.000975054 2.69353e-05 0.00100199 0.000948118
0.000975599 2.69246e-05 0.00100252 0.000948674
0.000975755 2.69032e-05 0.00100266 0.000948852
0.000974823 2.69032e-05 0.00100173 0.00094792
0.000981347 2.69032e-05 0.00100825 0.000954444
0.000974978 2.68818e-05 0.00100186 0.000948097
0.000974355 2.68389e-05 0.00100119 0.000947516
0.000977684 2.68282e-05 0.00100451 0.000950856
0.000976513 2.67961e-05 0.00100331 0.000949717
0.000974953 2.67533e-05 0.00100171 0.0009482
0.000971005 2.67212e-05 0.000997727 0.000944284
0.00097407 2.66784e-05 0.00100075 0.000947392
0.00097659 2.66462e-05 0.00100324 0.000949944
0.000975413 2.66141e-05 0.00100203 0.000948799
0.000976605 2.65713e-05 0.00100318 0.000950033
0.000977263 2.65392e-05 0.0010038 0.000950724
0.000975686 2.64964e-05 0.00100218 0.00094919
0.000977649 2.64749e-05 0.00100412 0.000951174
0.000976463 2.64428e-05 0.00100291 0.00095002
0.000976192 2.64107e-05 0.0010026 0.000949781
0.000976436 2.63679e-05 0.0010028 0.000950068
0.00097473 2.63465e-05 0.00100108 0.000948384
0.000976159 2.63358e-05 0.00100249 0.000949823
0.000976277 2.63144e-05 0.00100259 0.000949962
0.000974968 2.63037e-05 0.00100127 0.000948665
0.000975996 2.62822e-05 0.00100228 0.000949713
0.000974405 2.62394e-05 0.00100064 0.000948166
0.000974121 2.62073e-05 0.00100033 0.000947913
0.000975647 2.61752e-05 0.00100182 0.000949472
0.000971623 2.61645e-05 0.000997787 0.000945458
0.00097445 2.61431e-05 0.00100059 0.000948307
0.000975462 2.61217e-05 0.00100158 0.00094934
0.000974157 2.6111e-05 0.00100027 0.000948046
0.000974662 2.61003e-05 0.00100076 0.000948562
0.000974262 2.60895e-05 0.00100035 0.000948173
0.000973966 2.60574e-05 0.00100002 0.000947908
0.000974969 2.6036e-05 0.00100101 0.000948933
0.000973266 2.60146e-05 0.000999281 0.000947252
0.000974137 2.60138e-05 0.00100015 0.000948123
0.000975166 2.59932e-05 0.00100116 0.000949173
0.000973433 2.5971e-05 0.000999404 0.000947462
0.000972757 2.5929e-05 0.000998686 0.000946828
0.000973315 2.5896e-05 0.000999211 0.000947419
0.000973407 2.58746e-05 0.000999282 0.000947532
0.0009752 2.58746e-05 0.00100107 0.000949325
0.000974303 2.58746e-05 0.00100018 0.000948429
0.0009752 2.58746e-05 0.00100107 0.000949325
0.000976184 2.58532e-05 0.00100204 0.000950331
0.000974163 2.57997e-05 0.000999962 0.000948363
0.000974735 2.57676e-05 0.0010005 0.000948968
0.000976115 2.57569e-05 0.00100187 0.000950358
0.000975383 2.5714e-05 0.0010011 0.000949669
0.000975944 2.56819e-05 0.00100163 0.000950262
0.000974723 2.56498e-05 0.00100037 0.000949074
0.000975685 2.56284e-05 0.00100131 0.000950057
0.000977531 2.5607e-05 0.00100314 0.000951924
0.000975349 2.55963e-05 0.00100095 0.000949753
0.000976305 2.55749e-05 0.00100188 0.000950731
0.000977258 2.55535e-05 0.00100281 0.000951705
0.000976914 2.55213e-05 0.00100244 0.000951393
0.000978806 2.54785e-05 0.00100428 0.000953327
0.00097763 2.5425e-05 0.00100306 0.000952205
0.00097733 2.53715e-05 0.0010027 0.000951958
0.000977899 2.53179e-05 0.00100322 0.000952581
0.000977121 2.52751e-05 0.0010024 0.000951845
0.000978042 2.52537e-05 0.0010033 0.000952789
0.00097942 2.52216e-05 0.00100464 0.000954198
0.000978173 2.51895e-05 0.00100336 0.000952983
0.000979957 2.51681e-05 0.00100512 0.000954789
0.000979123 2.51467e-05 0.00100427 0.000953976
0.000979577 2.5136e-05 0.00100471 0.000954441
0.000981771 2.51253e-05 0.0010069 0.000956646
0.000980065 2.51038e-05 0.00100517 0.000954961
0.000980967 2.50824e-05 0.00100605 0.000955884
0.000980997 2.5061e-05 0.00100606 0.000955936
0.00097971 2.50503e-05 0.00100476 0.00095466
0.000981894 2.50396e-05 0.00100693 0.000956854
0.000981921 2.50182e-05 0.00100694 0.000956903
0.000980635 2.50075e-05 0.00100564 0.000955627
0.000982392 2.49861e-05 0.00100738 0.000957406
0.00098155 2.49647e-05 0.00100651 0.000956585
0.000981129 2.4954e-05 0.00100608 0.000956175
0.000982014 2.49326e-05 0.00100695 0.000957082
0.000980308 2.49111e-05 0.00100522 0.000955397
0.000982052 2.48897e-05 0.00100694 0.000957163
0.000982069 2.48683e-05 0.00100694 0.000957201
0.000980801 2.48362e-05 0.00100564 0.000955965
0.000981262 2.47827e-05 0.00100605 0.00095648
0.000980839 2.4772e-05 0.00100561 0.000956067
0.000981706 2.47506e-05 0.00100646 0.000956955
0.000983857 2.47185e-05 0.00100858 0.000959138
0.000980438 2.4697e-05 0.00100514 0.000955741
0.000982581 2.46649e-05 0.00100725 0.000957916
0.000984289 2.46435e-05 0.00100893 0.000959645
0.000983039 2.46336e-05 0.00100767 0.000958405
0.000983037 2.46122e-05 0.00100765 0.000958425
0.000982609 2.46015e-05 0.00100721 0.000958008
0.000983462 2.46015e-05 0.00100806 0.00095886
0.000984737 2.45908e-05 0.00100933 0.000960147
0.000983886 2.45908e-05 0.00100848 0.000959295
0.00098388 2.45694e-05 0.00100845 0.000959311
0.000986003 2.45586e-05 0.00101056 0.000961445
0.000983444 2.45372e-05 0.00100798 0.000958907
0.000985133 2.45158e-05 0.00100965 0.000960618
0.000984703 2.45051e-05 0.00100921 0.000960198
0.000983843 2.44837e-05 0.00100833 0.000959359
0.00098594 2.44516e-05 0.00101039 0.000961489
0.000983368 2.44088e-05 0.00100778 0.000958959
0.000985472 2.43981e-05 0.00100987 0.000961074
0.00098673 2.43874e-05 0.00101112 0.000962342
0.00098673 2.43874e-05 0.00101112 0.000962342
0.000987551 2.43659e-05 0.00101192 0.000963185
0.000986632 2.43017e-05 0.00101093 0.00096233
0.000986169 2.42696e-05 0.00101044 0.000961899
0.000985703 2.42375e-05 0.00100994 0.000961466
0.00098651 2.42161e-05 0.00101073 0.000962294
0.000985235 2.42054e-05 0.00100944 0.00096103
0.000983123 2.41947e-05 0.00100732 0.000958929
0.000981044 2.41847e-05 0.00100523 0.000956859
0.00098436 2.41633e-05 0.00100852 0.000960197
0.000985161 2.41419e-05 0.0010093 0.000961019
0.000984287 2.41205e-05 0.00100841 0.000960166
0.00098552 2.41098e-05 0.00100963 0.000961411
0.000984685 2.41098e-05 0.0010088 0.000960576
0.000984248 2.40991e-05 0.00100835 0.000960149
0.000985876 2.40777e-05 0.00100995 0.000961798
0.000984166 2.40562e-05 0.00100822 0.000960109
0.000984516 2.40241e-05 0.00100854 0.000960492
0.000984862 2.3992e-05 0.00100885 0.00096087
0.000983153 2.39706e-05 0.00100712 0.000959182
0.000984814 2.39706e-05 0.00100878 0.000960843
0.000985204 2.39599e-05 0.00100916 0.000961244
0.000985432 2.38849e-05 0.00100932 0.000961547
0.000986526 2.38314e-05 0.00101036 0.000962694
0.000985196 2.37993e-05 0.001009 0.000961397
0.000986401 2.37886e-05 0.00101019 0.000962612
0.000987225 2.37886e-05 0.00101101 0.000963436
0.000985577 2.37886e-05 0.00100937 0.000961788
0.000987604 2.37779e-05 0.00101138 0.000963826
0.00098716 2.37672e-05 0.00101093 0.000963393
0.00098627 2.37458e-05 0.00101002 0.000962525
0.000986955 2.37029e-05 0.00101066 0.000963252
0.000985618 2.36708e-05 0.00100929 0.000961947
0.00098629 2.3628e-05 0.00100992 0.000962662
0.000988298 2.36173e-05 0.00101191 0.00096468
0.000987032 2.36066e-05 0.00101064 0.000963425
0.000988588 2.35852e-05 0.00101217 0.000965002
0.000988455 2.35431e-05 0.001012 0.000964912
0.000987921 2.3511e-05 0.00101143 0.00096441
0.00098856 2.34682e-05 0.00101203 0.000965092
0.000988379 2.34253e-05 0.0010118 0.000964954
0.000988645 2.33932e-05 0.00101204 0.000965251
0.000990622 2.33825e-05 0.001014 0.00096724
0.000988096 2.33611e-05 0.00101146 0.000964735
0.000988808 2.33397e-05 0.00101215 0.000965468
0.000990324 2.33183e-05 0.00101364 0.000967006
0.000988153 2.32861e-05 0.00101144 0.000964867
0.000988401 2.3254e-05 0.00101166 0.000965147
0.000987841 2.32219e-05 0.00101106 0.000964619
0.00098693 2.32005e-05 0.00101013 0.000963729
0.000988774 2.31684e-05 0.00101194 0.000965605
0.000986366 2.31684e-05 0.00100953 0.000963198
0.000987971 2.31684e-05 0.00101114 0.000964803
0.000989576 2.31684e-05 0.00101274 0.000966408
0.000988774 2.31684e-05 0.00101194 0.000965605
0.000989006 2.31363e-05 0.00101214 0.00096587
0.0009874 2.30613e-05 0.00101046 0.000964339
0.000988877 2.30399e-05 0.00101192 0.000965838
0.000990811 2.30292e-05 0.00101384 0.000967782
0.000988756 2.30185e-05 0.00101177 0.000965737
0.000989429 2.29971e-05 0.00101243 0.000966432
0.000990927 2.29764e-05 0.0010139 0.000967951
0.000988874 2.29657e-05 0.00101184 0.000965908
0.000990336 2.29443e-05 0.00101328 0.000967392
0.000990206 2.29229e-05 0.00101313 0.000967283
0.000989744 2.29121e-05 0.00101266 0.000966832
0.000990734 2.288e-05 0.00101361 0.000967854
0.000989807 2.28586e-05 0.00101267 0.000966948
0.000989997 2.28265e-05 0.00101282 0.000967171
0.000992229 2.28051e-05 0.00101503 0.000969424
0.000990042 2.2773e-05 0.00101282 0.000967269
0.000991507 2.27523e-05 0.00101426 0.000968755
0.000992149 2.27308e-05 0.00101488 0.000969418
0.00098996 2.26987e-05 0.00101266 0.000967262
0.000991232 2.26559e-05 0.00101389 0.000968576
0.00099061 2.26238e-05 0.00101323 0.000967986
0.000991082 2.2581e-05 0.00101366 0.000968501
0.000991234 2.25488e-05 0.00101378 0.000968685
0.000989512 2.25274e-05 0.00101204 0.000966985
0.000990911 2.2506e-05 0.00101342 0.000968405
0.00099247 2.2506e-05 0.00101498 0.000969964
0.000990275 2.24739e-05 0.00101275 0.000967801
0.000991665 2.24525e-05 0.00101412 0.000969212
0.000990246 2.24203e-05 0.00101267 0.000967826
0.000990549 2.24096e-05 0.00101296 0.00096814
0.000992102 2.24096e-05 0.00101451 0.000969692
0.000990378 2.23882e-05 0.00101277 0.00096799
0.000991455 2.23775e-05 0.00101383 0.000969078
0.00099253 2.23668e-05 0.0010149 0.000970164
0.00099158 2.23454e-05 0.00101393 0.000969235
0.00099295 2.2324e-05 0.00101527 0.000970626
0.000992474 2.23133e-05 0.00101479 0.00097016
0.000990749 2.22919e-05 0.00101304 0.000968457
0.000992112 2.22704e-05 0.00101438 0.000969841
0.000991928 2.2249e-05 0.00101418 0.000969679
0.000993575 2.22169e-05 0.00101579 0.000971358
0.000994444 2.21848e-05 0.00101663 0.000972259
0.000991788 2.21427e-05 0.00101393 0.000969646
0.000992647 2.21105e-05 0.00101476 0.000970537
0.000993216 2.20891e-05 0.00101531 0.000971127
0.000992536 2.2057e-05 0.00101459 0.000970479
0.000994626 2.20356e-05 0.00101666 0.00097259
0.000993379 2.20249e-05 0.0010154 0.000971355
0.000993454 2.19928e-05 0.00101545 0.000971462
0.000995322 2.19499e-05 0.00101727 0.000973372
0.000994138 2.19071e-05 0.00101605 0.000972231
0.000995169 2.18964e-05 0.00101707 0.000973273
0.000996199 2.18857e-05 0.00101808 0.000974313
0.000996957 2.18857e-05 0.00101884 0.000975072
0.000997227 2.1875e-05 0.0010191 0.000975352
0.000995982 2.18643e-05 0.00101785 0.000974117
0.00099652 2.18429e-05 0.00101836 0.000974677
0.000996565 2.18107e-05 0.00101838 0.000974754
0.000995362 2.17679e-05 0.00101713 0.000973594
0.000994383 2.17465e-05 0.00101613 0.000972637
0.000992123 2.17465e-05 0.00101387 0.000970377
0.00099137 2.17465e-05 0.00101312 0.000969623
0.000994383 2.17465e-05 0.00101613 0.000972637
0.000993893 2.17358e-05 0.00101563 0.000972158
0.000993404 2.17251e-05 0.00101513 0.000971679
0.000995432 2.17037e-05 0.00101714 0.000973728
0.00099546 2.16715e-05 0.00101713 0.000973789
0.000993985 2.16394e-05 0.00101562 0.000972345
0.000996506 2.15966e-05 0.0010181 0.00097491
0.000993769 2.15859e-05 0.00101535 0.000972183
0.000995549 2.15759e-05 0.00101713 0.000973974
0.000995055 2.15651e-05 0.00101662 0.00097349
0.00099556 2.15437e-05 0.0010171 0.000974016
0.000996306 2.15437e-05 0.00101785 0.000974762
0.00099457 2.15223e-05 0.00101609 0.000973048
0.00099656 2.15009e-05 0.00101806 0.000975059
0.000995319 2.14902e-05 0.00101681 0.000973829
0.000996063 2.14902e-05 0.00101755 0.000974573
0.000994823 2.14795e-05 0.0010163 0.000973344
0.000996558 2.14688e-05 0.00101803 0.00097509
0.000995564 2.14474e-05 0.00101701 0.000974117
0.000996552 2.14367e-05 0.00101799 0.000975116
0.000996299 2.14152e-05 0.00101771 0.000974883
0.000995801 2.14045e-05 0.00101721 0.000974396
0.000997526 2.13938e-05 0.00101892 0.000976132
0.000996286 2.13831e-05 0.00101767 0.000974903
0.000997767 2.13831e-05 0.00101915 0.000976384
0.000998248 2.13617e-05 0.00101961 0.000976886
0.000997486 2.13296e-05 0.00101882 0.000976156
0.000998667 2.1276e-05 0.00101994 0.000977391
0.000997895 2.12439e-05 0.00101914 0.000976651
0.000997624 2.12225e-05 0.00101885 0.000976402
0.000998087 2.12011e-05 0.00101929 0.000976885
0.000996345 2.11797e-05 0.00101752 0.000975165
0.000997308 2.1169e-05 0.00101848 0.000976139
0.000997536 2.11583e-05 0.00101869 0.000976378
0.000996299 2.11475e-05 0.00101745 0.000975151
0.000996022 2.11261e-05 0.00101715 0.000974895
0.00099698 2.11154e-05 0.0010181 0.000975864
0.000996474 2.11047e-05 0.00101758 0.000975369
0.000998384 2.10833e-05 0.00101947 0.000977301
0.000996417 2.10726e-05 0.00101749 0.000975345
0.00099737 2.10619e-05 0.00101843 0.000976308
0.000998322 2.10512e-05 0.00101937 0.00097727
0.000996578 2.10298e-05 0.00101761 0.000975548
0.000996798 2.10191e-05 0.00101782 0.000975779
0.000997018 2.10084e-05 0.00101803 0.00097601
0.000997237 2.09976e-05 0.00101824 0.00097624
0.000997674 2.09762e-05 0.00101865 0.000976697
0.000997597 2.09441e-05 0.00101854 0.000976653
0.000997516 2.0912e-05 0.00101843 0.000976604
0.000998453 2.09013e-05 0.00101935 0.000977552
0.000997218 2.08906e-05 0.00101811 0.000976327
0.000998153 2.08799e-05 0.00101903 0.000977273
0.000997641 2.08692e-05 0.00101851 0.000976772
0.000997641 2.08692e-05 0.00101851 0.000976772
0.000999297 2.08584e-05 0.00102016 0.000978439
0.000998784 2.08477e-05 0.00101963 0.000977936
0.00099848 2.08263e-05 0.00101931 0.000977653
0.000999615 2.08049e-05 0.00102042 0.00097881
0.00099766 2.07942e-05 0.00101845 0.000976866
0.000999101 2.07942e-05 0.00101989 0.000978306
0.00100003 2.07835e-05 0.00102081 0.000979243
0.000998791 2.07728e-05 0.00101956 0.000978018
0.000999715 2.07621e-05 0.00102048 0.000978953
0.00100012 2.07407e-05 0.00102086 0.00097938
0.00100012 2.07407e-05 0.00102086 0.00097938
0.00100124 2.07192e-05 0.00102196 0.000980522
0.000999489 2.06978e-05 0.00102019 0.000978792
0.00100041 2.06871e-05 0.00102109 0.000979718
0.0010008 2.06657e-05 0.00102147 0.000980136
0.000999765 2.06443e-05 0.00102041 0.00097912
0.00100016 2.06229e-05 0.00102078 0.000979533
0.00100002 2.05908e-05 0.00102062 0.000979434
0.000998985 2.05693e-05 0.00101955 0.000978416
0.00100079 2.05479e-05 0.00102134 0.000980244
0.000999038 2.05265e-05 0.00101956 0.000978511
0.000999938 2.05158e-05 0.00102045 0.000979422
0.00100084 2.05051e-05 0.00102134 0.000980332
0.000998372 2.04837e-05 0.00101886 0.000977889
0.000999455 2.04623e-05 0.00101992 0.000978993
0.000998932 2.04516e-05 0.00101938 0.000978481
0.000999641 2.04516e-05 0.00102009 0.000979189
0.00100053 2.04408e-05 0.00102097 0.000980093
0.000999117 2.04408e-05 0.00101956 0.000978676
0.000999302 2.04301e-05 0.00101973 0.000978872
0.00100019 2.04194e-05 0.00102061 0.000979773
0.000998961 2.04087e-05 0.00101937 0.000978552
0.00100003 2.03873e-05 0.00102042 0.000979644
0.00100092 2.03766e-05 0.00102129 0.000980542
0.000999506 2.03766e-05 0.00101988 0.00097913
0.000999866 2.03552e-05 0.00102022 0.000979511
0.000999696 2.03231e-05 0.00102002 0.000979373
0.000999873 2.03124e-05 0.00102019 0.000979561
0.00100075 2.03016e-05 0.00102105 0.000980451
0.000999169 2.02695e-05 0.00101944 0.0009789
0.000999516 2.02481e-05 0.00101976 0.000979268
0.00100109 2.02374e-05 0.00102133 0.000980854
0.000999689 2.02374e-05 0.00101993 0.000979451
0.00100143 2.0216e-05 0.00102165 0.000981216
0.00100283 2.0216e-05 0.00102305 0.000982617
0.001003 2.02053e-05 0.00102321 0.000982796
0.00100317 2.01946e-05 0.00102336 0.000982975
0.0010028 2.01732e-05 0.00102298 0.000982631
0.00100314 2.01517e-05 0.00102329 0.000982985
0.0010033 2.0141e-05 0.00102344 0.00098316
0.00100346 2.01303e-05 0.0010236 0.000983335
0.0010017 2.01089e-05 0.00102181 0.000981592
0.000998382 2.00982e-05 0.00101848 0.000978284
0.0010008 2.00768e-05 0.00102087 0.000980719
0.00100251 2.00554e-05 0.00102256 0.000982452
0.00100213 2.0034e-05 0.00102217 0.000982097
0.00100245 2.00125e-05 0.00102246 0.000982434
0.00100383 2.00125e-05 0.00102385 0.00098382
0.00100175 2.00125e-05 0.00102177 0.000981741
0.00100276 1.99911e-05 0.00102275 0.000982768
0.00100376 1.99697e-05 0.00102373 0.00098379
0.00100199 1.99483e-05 0.00102194 0.000982044
0.00100368 1.99269e-05 0.0010236 0.000983751
0.0010026 1.99055e-05 0.0010225 0.000982694
0.0010029 1.98841e-05 0.00102278 0.000983014
0.00100442 1.98733e-05 0.0010243 0.00098455
0.00100197 1.98519e-05 0.00102182 0.000982114
0.00100349 1.98412e-05 0.00102333 0.000983646
0.00100363 1.98305e-05 0.00102346 0.000983802
0.00100309 1.98198e-05 0.00102291 0.000983271
0.00100446 1.98198e-05 0.00102428 0.000984644
0.00100392 1.98091e-05 0.00102373 0.000984112
0.00100215 1.97877e-05 0.00102194 0.000982363
0.0010038 1.97663e-05 0.00102357 0.000984038
0.00100203 1.97449e-05 0.00102178 0.000982288
0.00100272 1.97449e-05 0.00102246 0.000982972
0.00100395 1.97556e-05 0.0010237 0.00098419
0.00100272 1.97449e-05 0.00102246 0.000982972
0.0010034 1.97449e-05 0.00102315 0.000983656
0.0010034 1.97449e-05 0.00102315 0.000983656
0.0010034 1.97449e-05 0.00102315 0.000983656
0.00100354 1.97341e-05 0.00102327 0.000983806
0.001003 1.97234e-05 0.00102272 0.000983273
0.00100341 1.96913e-05 0.0010231 0.000983718
0.00100371 1.96705e-05 0.00102338 0.000984041
0.00100275 1.96384e-05 0.00102239 0.000983115
0.00100438 1.9617e-05 0.00102399 0.000984761
0.00100396 1.95956e-05 0.00102356 0.000984365
0.00100409 1.95849e-05 0.00102367 0.000984505
0.00100558 1.95741e-05 0.00102515 0.000986001
0.00100435 1.95634e-05 0.00102391 0.000984784
0.00100528 1.9542e-05 0.00102482 0.000985737
0.00100688 1.95206e-05 0.0010264 0.000987361
0.00100522 1.94885e-05 0.00102471 0.000985737
0.00100785 1.94349e-05 0.00102728 0.000988414
0.00100764 1.93921e-05 0.00102704 0.000988251
0.00100732 1.936e-05 0.00102668 0.000987956
0.0010081 1.93493e-05 0.00102745 0.00098875
0.00100765 1.93279e-05 0.00102698 0.000988325
0.00100776 1.93172e-05 0.00102708 0.000988447
0.00100921 1.93064e-05 0.00102852 0.000989905
0.00100798 1.92957e-05 0.00102728 0.000988688
0.00100809 1.9285e-05 0.00102738 0.000988807
0.00100887 1.92743e-05 0.00102814 0.000989593
0.00100841 1.92529e-05 0.00102767 0.000989161
0.00100852 1.92422e-05 0.00102776 0.000989277
0.00100862 1.92315e-05 0.00102786 0.000989393
0.00100817 1.92101e-05 0.00102738 0.000988956
0.00100851 1.91786e-05 0.00102768 0.000989327
0.00100804 1.91571e-05 0.0010272 0.000988886
0.00100824 1.91357e-05 0.00102738 0.000989106
0.00100844 1.91143e-05 0.00102755 0.000989323
0.00100731 1.90929e-05 0.0010264 0.000988215
0.00100816 1.90715e-05 0.00102723 0.000989088
0.00100891 1.90608e-05 0.00102797 0.000989853
0.00100844 1.90393e-05 0.00102748 0.000989401
0.00100994 1.90179e-05 0.00102896 0.000990923
0.00100994 1.90179e-05 0.00102896 0.000990923
0.00101069 1.90072e-05 0.0010297 0.000991682
0.00101135 1.90072e-05 0.00103035 0.00099234
0.00101078 1.89965e-05 0.00102977 0.000991781
0.00101144 1.89965e-05 0.00103043 0.000992439
0.00101218 1.89858e-05 0.00103117 0.000993195
0.0010117 1.89644e-05 0.00103066 0.000992732
0.00101261 1.89323e-05 0.00103154 0.000993674
0.00101497 1.88787e-05 0.00103385 0.000996095
0.00101521 1.88466e-05 0.00103405 0.000996359
0.00101478 1.88145e-05 0.00103359 0.000995964
0.00101362 1.87931e-05 0.00103242 0.00099483
0.00101377 1.87716e-05 0.00103254 0.000994997
0.00101384 1.87609e-05 0.0010326 0.000995079
0.00101326 1.87502e-05 0.00103201 0.000994511
0.00101275 1.87288e-05 0.00103148 0.000994024
0.00101231 1.86967e-05 0.00103101 0.000993615
0.00101187 1.86646e-05 0.00103053 0.0009932
0.00101341 1.86217e-05 0.00103204 0.000994792
0.00101418 1.86003e-05 0.00103278 0.000995581
0.0010143 1.85789e-05 0.00103288 0.000995721
0.00101565 1.85682e-05 0.00103421 0.000997077
0.0010157 1.85575e-05 0.00103426 0.000997145
0.00101581 1.85361e-05 0.00103435 0.000997278
0.00101715 1.85253e-05 0.00103568 0.000998628
0.00101662 1.85039e-05 0.00103512 0.000998114
0.00101731 1.84932e-05 0.0010358 0.000998818
0.00101677 1.84718e-05 0.00103524 0.000998301
0.00101746 1.84611e-05 0.00103592 0.000999001
0.00101815 1.84504e-05 0.0010366 0.0009997
0.00101818 1.8451e-05 0.00103663 0.000999731
0.00101887 1.84403e-05 0.00103731 0.00100043
0.00101896 1.84188e-05 0.00103738 0.00100054
0.00101901 1.84081e-05 0.00103742 0.0010006
0.00101973 1.83867e-05 0.00103812 0.00100135
0.00101982 1.83653e-05 0.00103818 0.00100145
0.00101986 1.83546e-05 0.00103821 0.0010015
0.0010199 1.83439e-05 0.00103824 0.00100155
0.00101994 1.83332e-05 0.00103827 0.0010016
0.00102061 1.83225e-05 0.00103893 0.00100229
0.00102005 1.8301e-05 0.00103835 0.00100175
0.00101949 1.82796e-05 0.00103777 0.00100121
0.00101956 1.82582e-05 0.00103782 0.0010013
0.00101896 1.82475e-05 0.00103721 0.00100072
0.00101903 1.82261e-05 0.00103726 0.00100081
0.0010185 1.8194e-05 0.00103669 0.0010003
0.00101853 1.81833e-05 0.00103671 0.00100034
0.00101796 1.81618e-05 0.00103612 0.000999794
0.00101861 1.81511e-05 0.00103676 0.00100046
0.00101864 1.81404e-05 0.00103678 0.0010005
0.0010193 1.81297e-05 0.00103742 0.00100117
0.00101932 1.8119e-05 0.00103744 0.0010012
0.00101997 1.81083e-05 0.00103808 0.00100186
0.00102002 1.80869e-05 0.00103811 0.00100193
0.00102006 1.80655e-05 0.00103813 0.001002
0.00102008 1.80548e-05 0.00103814 0.00100203
0.0010201 1.8044e-05 0.00103815 0.00100206
0.00102012 1.80333e-05 0.00103816 0.00100209
0.00102014 1.80226e-05 0.00103816 0.00100212
0.00102016 1.80119e-05 0.00103817 0.00100215
0.0010208 1.80012e-05 0.0010388 0.0010028
0.00102144 1.79905e-05 0.00103943 0.00100345
0.00102145 1.79798e-05 0.00103943 0.00100347
0.00102145 1.79798e-05 0.00103943 0.00100347
0.00102147 1.79691e-05 0.00103944 0.0010035
0.00102148 1.79584e-05 0.00103944 0.00100352
0.00102212 1.79477e-05 0.00104006 0.00100417
0.00102213 1.7937e-05 0.00104006 0.00100419
0.00102215 1.79155e-05 0.00104006 0.00100423
0.00102218 1.78727e-05 0.00104005 0.00100431
0.00102158 1.78406e-05 0.00103942 0.00100374
0.00102159 1.78192e-05 0.00103941 0.00100377
0.00102159 1.78085e-05 0.0010394 0.00100378
0.00102159 1.77977e-05 0.00103939 0.0010038
0.00102098 1.77763e-05 0.00103876 0.0010032
0.00102098 1.77549e-05 0.00103873 0.00100322
0.00102098 1.77442e-05 0.00103872 0.00100323
0.00102097 1.77228e-05 0.0010387 0.00100325
0.00102035 1.77014e-05 0.00103805 0.00100265
0.00102034 1.76799e-05 0.00103802 0.00100266
0.00102094 1.76585e-05 0.0010386 0.00100328
0.00102094 1.76478e-05 0.00103858 0.00100329
0.00102093 1.76371e-05 0.00103856 0.00100329
0.00102153 1.76264e-05 0.00103915 0.0010039
0.00102091 1.76157e-05 0.00103852 0.00100329
0.00102213 1.76157e-05 0.00103974 0.00100451
0.00102212 1.7605e-05 0.00103972 0.00100451
0.0010221 1.75943e-05 0.0010397 0.00100451
0.0010227 1.75836e-05 0.00104028 0.00100512
0.00102208 1.75729e-05 0.00103965 0.0010045
0.00102267 1.75622e-05 0.00104023 0.00100511
0.00102326 1.75514e-05 0.00104082 0.00100571
0.00102264 1.75407e-05 0.00104018 0.0010051
0.00102323 1.753e-05 0.00104076 0.0010057
0.00102384 1.753e-05 0.00104137 0.00100631
0.00102321 1.75193e-05 0.00104073 0.00100569
0.00102382 1.75193e-05 0.00104134 0.0010063
0.0010238 1.75086e-05 0.00104131 0.00100629
0.00102378 1.74979e-05 0.00104128 0.00100628
0.00102436 1.74872e-05 0.00104185 0.00100688
0.00102374 1.74765e-05 0.00104121 0.00100626
0.00102492 1.74658e-05 0.00104239 0.00100746
0.00102425 1.74337e-05 0.00104168 0.00100681
0.00102422 1.74229e-05 0.00104164 0.0010068
0.0010248 1.74122e-05 0.00104221 0.00100739
0.00102414 1.73908e-05 0.00104153 0.00100675
0.00102471 1.73801e-05 0.00104209 0.00100733
0.00102405 1.73587e-05 0.00104141 0.00100669
0.00102405 1.73587e-05 0.00104141 0.00100669
0.00102402 1.7348e-05 0.00104137 0.00100667
0.00102399 1.73373e-05 0.00104133 0.00100665
0.00102336 1.73266e-05 0.00104068 0.00100603
0.00102396 1.73266e-05 0.00104128 0.00100663
0.00102392 1.73159e-05 0.00104124 0.00100661
0.00102392 1.73159e-05 0.00104124 0.00100661
0.00102329 1.73051e-05 0.0010406 0.00100599
0.00102326 1.72944e-05 0.00104055 0.00100596
0.00102322 1.72837e-05 0.00104051 0.00100594
0.00102379 1.7273e-05 0.00104106 0.00100651
0.00102315 1.72623e-05 0.00104041 0.00100589
0.00102371 1.72516e-05 0.00104096 0.00100646
0.00102359 1.72195e-05 0.00104081 0.00100637
0.00102355 1.72088e-05 0.00104076 0.00100635
0.00102411 1.71981e-05 0.00104131 0.00100691
0.00102402 1.71766e-05 0.0010412 0.00100685
0.00102453 1.71552e-05 0.00104168 0.00100737
0.00102508 1.71445e-05 0.00104222 0.00100793
0.00102439 1.71231e-05 0.00104151 0.00100727
0.00102424 1.7091e-05 0.00104134 0.00100715
0.00102473 1.70696e-05 0.0010418 0.00100767
0.00102463 1.70481e-05 0.00104168 0.00100758
0.00102565 1.7016e-05 0.00104266 0.00100863
0.00102548 1.69839e-05 0.00104246 0.00100849
0.00102536 1.69625e-05 0.00104232 0.00100839
0.00102582 1.69411e-05 0.00104276 0.00100888
0.00102505 1.69089e-05 0.00104196 0.00100814
0.00102434 1.68875e-05 0.00104122 0.00100745
0.00102486 1.68768e-05 0.00104173 0.00100798
0.00102421 1.68661e-05 0.00104107 0.00100734
0.00102479 1.68661e-05 0.00104166 0.00100792
0.00102479 1.68661e-05 0.00104166 0.00100792
0.00102479 1.68661e-05 0.00104166 0.00100792
0.00102472 1.68554e-05 0.00104158 0.00100787
0.00102531 1.68554e-05 0.00104216 0.00100845
0.00102524 1.68447e-05 0.00104208 0.00100839
0.00102452 1.68233e-05 0.00104134 0.00100769
0.00102503 1.68126e-05 0.00104184 0.00100822
0.00102496 1.68018e-05 0.00104176 0.00100816
0.00102547 1.67911e-05 0.00104226 0.00100868
0.00102598 1.67804e-05 0.00104276 0.0010092
0.00102525 1.6759e-05 0.00104201 0.00100849
0.00102517 1.67483e-05 0.00104192 0.00100843
0.00102502 1.67269e-05 0.00104175 0.0010083
0.0010261 1.67162e-05 0.00104282 0.00100939
0.0010266 1.67055e-05 0.00104331 0.0010099
0.00102652 1.66948e-05 0.00104322 0.00100983
0.00102644 1.6684e-05 0.00104313 0.00100976
0.00102578 1.66733e-05 0.00104246 0.00100911
0.00102694 1.66733e-05 0.00104361 0.00101027
0.00102628 1.66626e-05 0.00104294 0.00100962
0.00102686 1.66626e-05 0.00104352 0.00101019
0.00102735 1.66519e-05 0.001044 0.0010107
0.00102784 1.66412e-05 0.00104448 0.0010112
0.00102767 1.66198e-05 0.00104429 0.00101105
0.00102874 1.66091e-05 0.00104534 0.00101213
0.00102798 1.65877e-05 0.00104457 0.0010114
0.00102838 1.65663e-05 0.00104494 0.00101181
0.00102829 1.65555e-05 0.00104484 0.00101173
0.00102819 1.65448e-05 0.00104474 0.00101165
0.00102801 1.65234e-05 0.00104453 0.00101149
0.00102849 1.65127e-05 0.001045 0.00101197
0.00102772 1.64913e-05 0.00104422 0.00101123
0.00102753 1.64699e-05 0.001044 0.00101106
0.00102686 1.64592e-05 0.00104332 0.0010104
0.00102743 1.64592e-05 0.00104389 0.00101097
0.00102676 1.64485e-05 0.00104321 0.00101032
0.00102666 1.64377e-05 0.0010431 0.00101023
0.00102713 1.6427e-05 0.00104356 0.00101071
0.00102693 1.64056e-05 0.00104334 0.00101053
0.00102683 1.63949e-05 0.00104322 0.00101043
0.00102729 1.63842e-05 0.00104368 0.00101091
0.00102719 1.63735e-05 0.00104356 0.00101082
0.00102754 1.63521e-05 0.0010439 0.00101119
0.001028 1.63414e-05 0.00104435 0.00101166
0.0010279 1.63307e-05 0.00104423 0.00101157
0.00102846 1.63307e-05 0.00104479 0.00101213
0.00102835 1.632e-05 0.00104467 0.00101203
0.00102813 1.62985e-05 0.00104443 0.00101183
0.00102847 1.62771e-05 0.00104475 0.0010122
0.00102836 1.62664e-05 0.00104463 0.00101209
0.00102881 1.62557e-05 0.00104506 0.00101255
0.00102926 1.6245e-05 0.0010455 0.00101301
0.00102914 1.62343e-05 0.00104538 0.00101291
0.00102959 1.62236e-05 0.00104581 0.00101336
0.00102959 1.62236e-05 0.00104581 0.00101336
0.00102959 1.62236e-05 0.00104581 0.00101336
0.00103015 1.62236e-05 0.00104637 0.00101392
0.00103015 1.62236e-05 0.00104637 0.00101392
0.00103015 1.62236e-05 0.00104637 0.00101392
0.00103059 1.62129e-05 0.0010468 0.00101438
0.00103047 1.62022e-05 0.00104667 0.00101427
0.00103023 1.61807e-05 0.00104641 0.00101405
0.00103011 1.617e-05 0.00104628 0.00101394
0.00102999 1.61593e-05 0.00104615 0.00101383
0.00102974 1.61379e-05 0.00104588 0.0010136
0.00102961 1.61272e-05 0.00104574 0.00101349
0.00102936 1.61058e-05 0.00104547 0.00101326
0.00102979 1.60951e-05 0.00104589 0.0010137
0.00102911 1.60844e-05 0.00104519 0.00101302
0.00102898 1.60737e-05 0.00104505 0.00101291
0.00102885 1.60629e-05 0.00104491 0.00101279
0.00102872 1.60522e-05 0.00104477 0.00101267
0.00102902 1.60308e-05 0.00104505 0.00101298
0.00102902 1.60308e-05 0.00104505 0.00101298
0.00102902 1.60308e-05 0.00104505 0.00101298
0.00102944 1.60201e-05 0.00104546 0.00101342
0.00102862 1.59987e-05 0.00104461 0.00101262
0.00102959 1.5988e-05 0.00104558 0.0010136
0.00103001 1.59773e-05 0.00104598 0.00101403
0.00102987 1.59666e-05 0.00104584 0.0010139
0.00103028 1.59559e-05 0.00104624 0.00101433
0.00103014 1.59452e-05 0.00104609 0.0010142
0.00103 1.59344e-05 0.00104594 0.00101407
0.00103111 1.59344e-05 0.00104704 0.00101517
0.00103042 1.59237e-05 0.00104634 0.00101449
0.00103082 1.5913e-05 0.00104674 0.00101491
0.00103109 1.58916e-05 0.00104698 0.0010152
0.00103094 1.58809e-05 0.00104683 0.00101506
0.00103135 1.58702e-05 0.00104722 0.00101548
0.0010323 1.58595e-05 0.00104816 0.00101644
0.00103146 1.58381e-05 0.00104729 0.00101562
0.0010324 1.58274e-05 0.00104823 0.00101658
0.0010321 1.58059e-05 0.00104791 0.0010163
0.00103195 1.57952e-05 0.00104774 0.00101615
0.00103234 1.57845e-05 0.00104813 0.00101656
0.00103219 1.57738e-05 0.00104796 0.00101642
0.00103242 1.57524e-05 0.00104818 0.00101667
0.00103141 1.57203e-05 0.00104713 0.00101569
0.00103125 1.57096e-05 0.00104696 0.00101554
0.00103109 1.56989e-05 0.00104679 0.00101539
0.00103163 1.56989e-05 0.00104733 0.00101594
0.00103147 1.56881e-05 0.00104716 0.00101579
0.00103202 1.56881e-05 0.00104771 0.00101633
0.00103131 1.56774e-05 0.00104699 0.00101564
0.00103115 1.56667e-05 0.00104682 0.00101548
0.00103153 1.5656e-05 0.00104719 0.00101588
0.00103083 1.56453e-05 0.00104647 0.00101518
0.00103137 1.56453e-05 0.00104701 0.00101572
0.00103174 1.56346e-05 0.00104738 0.00101611
0.00103158 1.56239e-05 0.0010472 0.00101596
0.00103179 1.56025e-05 0.00104739 0.00101618
0.00103216 1.55918e-05 0.00104775 0.00101657
0.00103307 1.55811e-05 0.00104865 0.00101749
0.00103273 1.55596e-05 0.00104829 0.00101717
0.00103309 1.55489e-05 0.00104864 0.00101754
0.00103292 1.55382e-05 0.00104846 0.00101738
0.00103382 1.55275e-05 0.00104935 0.00101829
0.0010335 1.55066e-05 0.00104901 0.001018
0.00103404 1.55066e-05 0.00104955 0.00101853
0.00103279 1.54959e-05 0.00104829 0.00101729
0.00103315 1.54852e-05 0.00104863 0.00101766
0.00103386 1.54637e-05 0.00104933 0.0010184
0.00103385 1.54316e-05 0.00104928 0.00101842
0.0010342 1.54209e-05 0.00104962 0.00101878
0.00103474 1.54209e-05 0.00105016 0.00101932
0.00103402 1.54102e-05 0.00104943 0.00101861
0.00103437 1.53995e-05 0.00104977 0.00101897
0.00103418 1.53888e-05 0.00104957 0.00101879
0.00103399 1.53781e-05 0.00104937 0.00101862
0.00103434 1.53674e-05 0.00104971 0.00101897
0.00103362 1.53567e-05 0.00104897 0.00101826
0.00103324 1.53352e-05 0.00104857 0.0010179
0.00103286 1.53138e-05 0.00104817 0.00101754
0.00103286 1.53138e-05 0.00104817 0.00101754
0.00103266 1.53031e-05 0.00104797 0.00101736
0.00103392 1.53138e-05 0.00104923 0.0010186
0.00103392 1.53138e-05 0.00104923 0.0010186
0.00103372 1.53031e-05 0.00104903 0.00101842
0.00103353 1.52924e-05 0.00104882 0.00101824
0.00103406 1.52924e-05 0.00104935 0.00101877
0.0010342 1.5271e-05 0.00104947 0.00101893
0.00103381 1.52496e-05 0.00104906 0.00101856
0.0010347 1.52393e-05 0.00104994 0.00101946
0.00103502 1.52286e-05 0.00105025 0.0010198
0.00103482 1.52179e-05 0.00105004 0.00101961
0.00103515 1.52072e-05 0.00105036 0.00101994
0.00103568 1.52072e-05 0.00105088 0.00102047
0.00103547 1.51965e-05 0.00105067 0.00102028
0.00103579 1.51858e-05 0.00105098 0.00102061
0.00103559 1.51751e-05 0.00105077 0.00102042
0.00103538 1.51644e-05 0.00105055 0.00102022
0.0010357 1.51537e-05 0.00105086 0.00102055
0.0010357 1.51537e-05 0.00105086 0.00102055
0.00103655 1.5143e-05 0.00105169 0.0010214
0.00103665 1.51215e-05 0.00105177 0.00102153
0.00103602 1.50894e-05 0.00105111 0.00102093
0.00103633 1.50787e-05 0.0010514 0.00102125
0.00103611 1.5068e-05 0.00105118 0.00102104
0.00103663 1.5068e-05 0.0010517 0.00102157
0.00103642 1.50573e-05 0.00105148 0.00102136
0.0010362 1.50466e-05 0.00105125 0.00102116
0.00103672 1.50466e-05 0.00105177 0.00102168
0.00103599 1.50359e-05 0.00105102 0.00102095
0.00103577 1.50252e-05 0.00105079 0.00102074
0.00103607 1.50144e-05 0.00105108 0.00102106
0.00103511 1.4993e-05 0.0010501 0.00102012
0.00103541 1.49823e-05 0.00105039 0.00102043
0.00103497 1.49609e-05 0.00104993 0.00102001
0.00103548 1.49609e-05 0.00105045 0.00102052
