0.1 0.000962653 3.08428e-05 0.000993496 0.00093181
0.2 0.000962718 3.08107e-05 0.000993528 0.000931907
0.3 0.000962383 3.08e-05 0.000993183 0.000931583
0.4 0.000965584 3.08e-05 0.000996384 0.000934784
0.5 0.000965584 3.08e-05 0.000996384 0.000934784
0.6 0.000961441 3.07358e-05 0.000992177 0.000930705
0.7 0.000962672 3.06394e-05 0.000993312 0.000932033
0.8 0.000967348 3.05859e-05 0.000997934 0.000936762
0.9 0.000966671 3.05645e-05 0.000997235 0.000936106
1 0.000967051 3.05431e-05 0.000997594 0.000936508
1.1 0.000966073 3.04788e-05 0.000996552 0.000935595
1.2 0.000967198 3.04146e-05 0.000997613 0.000936784
1.3 0.000964104 3.03504e-05 0.000994455 0.000933754
1.4 0.000956445 3.03076e-05 0.000986752 0.000926137
1.5 0.000961384 3.02647e-05 0.000991648 0.000931119
1.6 0.000962092 3.0254e-05 0.000992346 0.000931838
1.7 0.000959656 3.02433e-05 0.000989899 0.000929413
1.8 0.000961776 3.02112e-05 0.000991988 0.000931565
1.9 0.000961799 3.01791e-05 0.000991978 0.00093162
2 0.000954171 3.01363e-05 0.000984307 0.000924035
2.1 0.000956675 3.00837e-05 0.000986758 0.000926591
2.2 0.000955292 3.0073e-05 0.000985365 0.000925219
2.3 0.000955994 3.00623e-05 0.000986056 0.000925931
2.4 0.000957053 3.00302e-05 0.000987083 0.000927023
2.5 0.000954649 2.99873e-05 0.000984637 0.000924662
2.6 0.000958824 2.99231e-05 0.000988747 0.000928901
2.7 0.000960213 2.98696e-05 0.000990082 0.000930343
2.8 0.000959524 2.98482e-05 0.000989373 0.000929676
2.9 0.000959525 2.9816e-05 0.000989341 0.000929709
3 0.000960555 2.97839e-05 0.000990339 0.000930771
3.1 0.000961234 2.97411e-05 0.000990975 0.000931493
3.2 0.000961908 2.96983e-05 0.000991606 0.000932209
3.3 0.000961201 2.96447e-05 0.000990845 0.000931556
3.4 0.000961533 2.96233e-05 0.000991156 0.000931909
3.5 0.000957761 2.96019e-05 0.000987363 0.000928159
3.6 0.000958076 2.95484e-05 0.000987625 0.000928528
3.7 0.000960428 2.94949e-05 0.000989923 0.000930933
3.8 0.000958685 2.94413e-05 0.000988126 0.000929243
3.9 0.000959676 2.94092e-05 0.000989086 0.000930267
4 0.000961681 2.93771e-05 0.000991058 0.000932304
4.1 0.000960279 2.93343e-05 0.000989614 0.000930945
4.2 0.00096157 2.92807e-05 0.000990851 0.000932289
4.3 0.000963156 2.92058e-05 0.000992362 0.00093395
4.4 0.000961694 2.91309e-05 0.000990824 0.000932563
4.5 0.000961233 2.90559e-05 0.000990288 0.000932177
4.6 0.000961826 2.90131e-05 0.000990839 0.000932813
4.7 0.000962769 2.8981e-05 0.00099175 0.000933788
4.8 0.000964064 2.89596e-05 0.000993024 0.000935105
4.9 0.000962349 2.89381e-05 0.000991287 0.000933411
5 0.000964642 2.89167e-05 0.000993559 0.000935725
5.1 0.000964929 2.88953e-05 0.000993824 0.000936033
5.2 0.000963213 2.88739e-05 0.000992087 0.000934339
5.3 0.000964498 2.88525e-05 0.000993351 0.000935646
5.4 0.000963782 2.88311e-05 0.000992613 0.000934951
5.5 0.000965062 2.88097e-05 0.000993872 0.000936253
5.6 0.00096598 2.87776e-05 0.000994758 0.000937203
5.7 0.000964983 2.87776e-05 0.000993761 0.000936206
5.8 0.000965262 2.87561e-05 0.000994018 0.000936505
5.9 0.000966808 2.87133e-05 0.000995521 0.000938095
6 0.000965727 2.86812e-05 0.000994408 0.000937045
6.1 0.000967714 2.86812e-05 0.000996395 0.000939033
6.2 0.00096672 2.86812e-05 0.000995401 0.000938039
6.3 0.000965727 2.86812e-05 0.000994408 0.000937045
6.4 0.00096672 2.86812e-05 0.000995401 0.000938039
6.5 0.00096663 2.86491e-05 0.000995279 0.000937981
6.6 0.000966709 2.85634e-05 0.000995272 0.000938145
6.7 0.00096786 2.85099e-05 0.00099637 0.00093935
6.8 0.000966406 2.84671e-05 0.000994873 0.000937939
6.9 0.000967286 2.8435e-05 0.000995721 0.000938851
7 0.000967177 2.84028e-05 0.00099558 0.000938774
7.1 0.000966448 2.83814e-05 0.000994829 0.000938067
7.2 0.000967066 2.83707e-05 0.000995437 0.000938696
7.3 0.000965971 2.83386e-05 0.00099431 0.000937633
7.4 0.000964877 2.83065e-05 0.000993183 0.00093657
7.5 0.000966472 2.82958e-05 0.000994768 0.000938176
7.6 0.000965741 2.82744e-05 0.000994015 0.000937466
7.7 0.000965988 2.8253e-05 0.000994241 0.000937735
7.8 0.000967579 2.82423e-05 0.000995821 0.000939337
7.9 0.000965622 2.82423e-05 0.000993864 0.00093738
8 0.000967579 2.82423e-05 0.000995821 0.000939337
8.1 0.000967946 2.8253e-05 0.000996199 0.000939693
8.2 0.000967946 2.8253e-05 0.000996199 0.000939693
8.3 0.000969291 2.82637e-05 0.000997555 0.000941028
8.4 0.000967333 2.82637e-05 0.000995597 0.00093907
8.5 0.000968557 2.82423e-05 0.000996799 0.000940315
8.6 0.000968433 2.82101e-05 0.000996643 0.000940223
8.7 0.00096733 2.8178e-05 0.000995508 0.000939152
8.8 0.000967939 2.81673e-05 0.000996106 0.000939771
8.9 0.000967809 2.81352e-05 0.000995945 0.000939674
9 0.00096838 2.80388e-05 0.000996419 0.000940341
9.1 0.000967729 2.79639e-05 0.000995693 0.000939765
9.2 0.000966247 2.79211e-05 0.000994168 0.000938326
9.3 0.000966844 2.79104e-05 0.000994754 0.000938933
9.4 0.000968777 2.79104e-05 0.000996688 0.000940867
9.5 0.000966844 2.79104e-05 0.000994754 0.000938933
9.6 0.000968182 2.79211e-05 0.000996103 0.000940261
9.7 0.000969149 2.79211e-05 0.00099707 0.000941228
9.8 0.000969149 2.79211e-05 0.00099707 0.000941228
9.9 0.000971899 2.7889e-05 0.000999788 0.00094401
10 0.000971429 2.77926e-05 0.000999222 0.000943636
10.1 0.000972066 2.77284e-05 0.000999794 0.000944337
10.2 0.0009744 2.76856e-05 0.00100209 0.000946715
10.3 0.000970602 2.7632e-05 0.000998234 0.00094297
10.4 0.000973876 2.75892e-05 0.00100147 0.000946287
10.5 0.000974273 2.75464e-05 0.00100182 0.000946727
10.6 0.00097409 2.75143e-05 0.0010016 0.000946576
10.7 0.000975809 2.74821e-05 0.00100329 0.000948327
10.8 0.00097562 2.745e-05 0.00100307 0.00094817
10.9 0.000975997 2.74072e-05 0.0010034 0.000948589
11 0.000975801 2.73751e-05 0.00100318 0.000948426
11.1 0.000975038 2.73537e-05 0.00100239 0.000947684
11.2 0.000976933 2.73537e-05 0.00100429 0.000949579
11.3 0.000977881 2.73537e-05 0.00100523 0.000950527
11.4 0.000976168 2.73323e-05 0.0010035 0.000948836
11.5 0.000975584 2.72894e-05 0.00100287 0.000948295
11.6 0.000974819 2.7268e-05 0.00100209 0.000947551
11.7 0.000975941 2.72466e-05 0.00100319 0.000948694
11.8 0.000977445 2.72359e-05 0.00100468 0.000950209
11.9 0.000975733 2.72145e-05 0.00100295 0.000948519
12 0.00097685 2.71931e-05 0.00100404 0.000949657
12.1 0.000977022 2.71717e-05 0.00100419 0.00094985
12.2 0.000976252 2.71503e-05 0.0010034 0.000949102
12.3 0.000976807 2.71395e-05 0.00100395 0.000949667
12.4 0.000976036 2.71181e-05 0.00100315 0.000948918
12.5 0.000975266 2.70967e-05 0.00100236 0.000948169
12.6 0.000975985 2.70646e-05 0.00100305 0.00094892
12.7 0.000974276 2.70432e-05 0.00100132 0.000947233
12.8 0.000975377 2.70218e-05 0.0010024 0.000948355
12.9 0.000975926 2.70111e-05 0.00100294 0.000948915
13 0.000974217 2.69897e-05 0.00100121 0.000947228
13.1 0.0009757 2.6979e-05 0.00100268 0.000948721
13.2 0.000975829 2.69567e-05 0.00100279 0.000948872
13.3 0.000975054 2.69353e-05 0.00100199 0.000948118
13.4 0.000975599 2.69246e-05 0.00100252 0.000948674
13.5 0.000975755 2.69032e-05 0.00100266 0.000948852
13.6 0.000974823 2.69032e-05 0.00100173 0.00094792
13.7 0.000981347 2.69032e-05 0.00100825 0.000954444
13.8 0.000974978 2.68818e-05 0.00100186 0.000948097
13.9 0.000974355 2.68389e-05 0.00100119 0.000947516
14 0.000977684 2.68282e-05 0.00100451 0.000950856
14.1 0.000976513 2.67961e-05 0.00100331 0.000949717
14.2 0.000974953 2.67533e-05 0.00100171 0.0009482
14.3 0.000971005 2.67212e-05 0.000997727 0.000944284
14.4 0.00097407 2.66784e-05 0.00100075 0.000947392
14.5 0.00097659 2.66462e-05 0.00100324 0.000949944
14.6 0.000975413 2.66141e-05 0.00100203 0.000948799
14.7 0.000976605 2.65713e-05 0.00100318 0.000950033
14.8 0.000977263 2.65392e-05 0.0010038 0.000950724
14.9 0.000975686 2.64964e-05 0.00100218 0.00094919
15 0.000977649 2.64749e-05 0.00100412 0.000951174
15.1 0.000976463 2.64428e-05 0.00100291 0.00095002
15.2 0.000976192 2.64107e-05 0.0010026 0.000949781
15.3 0.000976436 2.63679e-05 0.0010028 0.000950068
15.4 0.00097473 2.63465e-05 0.00100108 0.000948384
15.5 0.000976159 2.63358e-05 0.00100249 0.000949823
15.6 0.000976277 2.63144e-05 0.00100259 0.000949962
15.7 0.000974968 2.63037e-05 0.00100127 0.000948665
15.8 0.000975996 2.62822e-05 0.00100228 0.000949713
15.9 0.000974405 2.62394e-05 0.00100064 0.000948166
16 0.000974121 2.62073e-05 0.00100033 0.000947913
16.1 0.000975647 2.61752e-05 0.00100182 0.000949472
16.2 0.000971623 2.61645e-05 0.000997787 0.000945458
16.3 0.00097445 2.61431e-05 0.00100059 0.000948307
16.4 0.000975462 2.61217e-05 0.00100158 0.00094934
16.5 0.000974157 2.6111e-05 0.00100027 0.000948046
16.6 0.000974662 2.61003e-05 0.00100076 0.000948562
16.7 0.000974262 2.60895e-05 0.00100035 0.000948173
16.8 0.000973966 2.60574e-05 0.00100002 0.000947908
16.9 0.000974969 2.6036e-05 0.00100101 0.000948933
17 0.000973266 2.60146e-05 0.000999281 0.000947252
17.1 0.000974137 2.60138e-05 0.00100015 0.000948123
17.2 0.000975166 2.59932e-05 0.00100116 0.000949173
17.3 0.000973433 2.5971e-05 0.000999404 0.000947462
17.4 0.000972757 2.5929e-05 0.000998686 0.000946828
17.5 0.000973315 2.5896e-05 0.000999211 0.000947419
17.6 0.000973407 2.58746e-05 0.000999282 0.000947532
17.7 0.0009752 2.58746e-05 0.00100107 0.000949325
17.8 0.000974303 2.58746e-05 0.00100018 0.000948429
17.9 0.0009752 2.58746e-05 0.00100107 0.000949325
18 0.000976184 2.58532e-05 0.00100204 0.000950331
18.1 0.000974163 2.57997e-05 0.000999962 0.000948363
18.2 0.000974735 2.57676e-05 0.0010005 0.000948968
18.3 0.000976115 2.57569e-05 0.00100187 0.000950358
18.4 0.000975383 2.5714e-05 0.0010011 0.000949669
18.5 0.000975944 2.56819e-05 0.00100163 0.000950262
18.6 0.000974723 2.56498e-05 0.00100037 0.000949074
18.7 0.000975685 2.56284e-05 0.00100131 0.000950057
18.8 0.000977531 2.5607e-05 0.00100314 0.000951924
18.9 0.000975349 2.55963e-05 0.00100095 0.000949753
19 0.000976305 2.55749e-05 0.00100188 0.000950731
19.1 0.000977258 2.55535e-05 0.00100281 0.000951705
19.2 0.000976914 2.55213e-05 0.00100244 0.000951393
19.3 0.000978806 2.54785e-05 0.00100428 0.000953327
19.4 0.00097763 2.5425e-05 0.00100306 0.000952205
19.5 0.00097733 2.53715e-05 0.0010027 0.000951958
19.6 0.000977899 2.53179e-05 0.00100322 0.000952581
19.7 0.000977121 2.52751e-05 0.0010024 0.000951845
19.8 0.000978042 2.52537e-05 0.0010033 0.000952789
19.9 0.00097942 2.52216e-05 0.00100464 0.000954198
20 0.000978173 2.51895e-05 0.00100336 0.000952983
20.1 0.000979957 2.51681e-05 0.00100512 0.000954789
20.2 0.000979123 2.51467e-05 0.00100427 0.000953976
20.3 0.000979577 2.5136e-05 0.00100471 0.000954441
20.4 0.000981771 2.51253e-05 0.0010069 0.000956646
20.5 0.000980065 2.51038e-05 0.00100517 0.000954961
20.6 0.000980967 2.50824e-05 0.00100605 0.000955884
20.7 0.000980997 2.5061e-05 0.00100606 0.000955936
20.8 0.00097971 2.50503e-05 0.00100476 0.00095466
20.9 0.000981894 2.50396e-05 0.00100693 0.000956854
21 0.000981921 2.50182e-05 0.00100694 0.000956903
21.1 0.000980635 2.50075e-05 0.00100564 0.000955627
21.2 0.000982392 2.49861e-05 0.00100738 0.000957406
21.3 0.00098155 2.49647e-05 0.00100651 0.000956585
21.4 0.000981129 2.4954e-05 0.00100608 0.000956175
21.5 0.000982014 2.49326e-05 0.00100695 0.000957082
21.6 0.000980308 2.49111e-05 0.00100522 0.000955397
21.7 0.000982052 2.48897e-05 0.00100694 0.000957163
21.8 0.000982069 2.48683e-05 0.00100694 0.000957201
21.9 0.000980801 2.48362e-05 0.00100564 0.000955965
22 0.000981262 2.47827e-05 0.00100605 0.00095648
22.1 0.000980839 2.4772e-05 0.00100561 0.000956067
22.2 0.000981706 2.47506e-05 0.00100646 0.000956955
22.3 0.000983857 2.47185e-05 0.00100858 0.000959138
22.4 0.000980438 2.4697e-05 0.00100514 0.000955741
22.5 0.000982581 2.46649e-05 0.00100725 0.000957916
22.6 0.000984289 2.46435e-05 0.00100893 0.000959645
22.7 0.000983039 2.46336e-05 0.00100767 0.000958405
22.8 0.000983037 2.46122e-05 0.00100765 0.000958425
22.9 0.000982609 2.46015e-05 0.00100721 0.000958008
23 0.000983462 2.46015e-05 0.00100806 0.00095886
23.1 0.000984737 2.45908e-05 0.00100933 0.000960147
23.2 0.000983886 2.45908e-05 0.00100848 0.000959295
23.3 0.00098388 2.45694e-05 0.00100845 0.000959311
23.4 0.000986003 2.45586e-05 0.00101056 0.000961445
23.5 0.000983444 2.45372e-05 0.00100798 0.000958907
23.6 0.000985133 2.45158e-05 0.00100965 0.000960618
23.7 0.000984703 2.45051e-05 0.00100921 0.000960198
23.8 0.000983843 2.44837e-05 0.00100833 0.000959359
23.9 0.00098594 2.44516e-05 0.00101039 0.000961489
24 0.000983368 2.44088e-05 0.00100778 0.000958959
24.1 0.000985472 2.43981e-05 0.00100987 0.000961074
24.2 0.00098673 2.43874e-05 0.00101112 0.000962342
24.3 0.00098673 2.43874e-05 0.00101112 0.000962342
24.4 0.000987551 2.43659e-05 0.00101192 0.000963185
24.5 0.000986632 2.43017e-05 0.00101093 0.00096233
24.6 0.000986169 2.42696e-05 0.00101044 0.000961899
24.7 0.000985703 2.42375e-05 0.00100994 0.000961466
24.8 0.00098651 2.42161e-05 0.00101073 0.000962294
24.9 0.000985235 2.42054e-05 0.00100944 0.00096103
25 0.000983123 2.41947e-05 0.00100732 0.000958929
25.1 0.000981044 2.41847e-05 0.00100523 0.000956859
25.2 0.00098436 2.41633e-05 0.00100852 0.000960197
25.3 0.000985161 2.41419e-05 0.0010093 0.000961019
25.4 0.000984287 2.41205e-05 0.00100841 0.000960166
25.5 0.00098552 2.41098e-05 0.00100963 0.000961411
25.6 0.000984685 2.41098e-05 0.0010088 0.000960576
25.7 0.000984248 2.40991e-05 0.00100835 0.000960149
25.8 0.000985876 2.40777e-05 0.00100995 0.000961798
25.9 0.000984166 2.40562e-05 0.00100822 0.000960109
26 0.000984516 2.40241e-05 0.00100854 0.000960492
26.1 0.000984862 2.3992e-05 0.00100885 0.00096087
26.2 0.000983153 2.39706e-05 0.00100712 0.000959182
26.3 0.000984814 2.39706e-05 0.00100878 0.000960843
26.4 0.000985204 2.39599e-05 0.00100916 0.000961244
26.5 0.000985432 2.38849e-05 0.00100932 0.000961547
26.6 0.000986526 2.38314e-05 0.00101036 0.000962694
26.7 0.000985196 2.37993e-05 0.001009 0.000961397
26.8 0.000986401 2.37886e-05 0.00101019 0.000962612
26.9 0.000987225 2.37886e-05 0.00101101 0.000963436
27 0.000985577 2.37886e-05 0.00100937 0.000961788
27.1 0.000987604 2.37779e-05 0.00101138 0.000963826
27.2 0.00098716 2.37672e-05 0.00101093 0.000963393
27.3 0.00098627 2.37458e-05 0.00101002 0.000962525
27.4 0.000986955 2.37029e-05 0.00101066 0.000963252
27.5 0.000985618 2.36708e-05 0.00100929 0.000961947
27.6 0.00098629 2.3628e-05 0.00100992 0.000962662
27.7 0.000988298 2.36173e-05 0.00101191 0.00096468
27.8 0.000987032 2.36066e-05 0.00101064 0.000963425
27.9 0.000988588 2.35852e-05 0.00101217 0.000965002
28 0.000988455 2.35431e-05 0.001012 0.000964912
28.1 0.000987921 2.3511e-05 0.00101143 0.00096441
28.2 0.00098856 2.34682e-05 0.00101203 0.000965092
28.3 0.000988379 2.34253e-05 0.0010118 0.000964954
28.4 0.000988645 2.33932e-05 0.00101204 0.000965251
28.5 0.000990622 2.33825e-05 0.001014 0.00096724
28.6 0.000988096 2.33611e-05 0.00101146 0.000964735
28.7 0.000988808 2.33397e-05 0.00101215 0.000965468
28.8 0.000990324 2.33183e-05 0.00101364 0.000967006
28.9 0.000988153 2.32861e-05 0.00101144 0.000964867
29 0.000988401 2.3254e-05 0.00101166 0.000965147
29.1 0.000987841 2.32219e-05 0.00101106 0.000964619
29.2 0.00098693 2.32005e-05 0.00101013 0.000963729
29.3 0.000988774 2.31684e-05 0.00101194 0.000965605
29.4 0.000986366 2.31684e-05 0.00100953 0.000963198
29.5 0.000987971 2.31684e-05 0.00101114 0.000964803
29.6 0.000989576 2.31684e-05 0.00101274 0.000966408
29.7 0.000988774 2.31684e-05 0.00101194 0.000965605
29.8 0.000989006 2.31363e-05 0.00101214 0.00096587
29.9 0.0009874 2.30613e-05 0.00101046 0.000964339
30 0.000988877 2.30399e-05 0.00101192 0.000965838
30.1 0.000990811 2.30292e-05 0.00101384 0.000967782
30.2 0.000988756 2.30185e-05 0.00101177 0.000965737
30.3 0.000989429 2.29971e-05 0.00101243 0.000966432
30.4 0.000990927 2.29764e-05 0.0010139 0.000967951
30.5 0.000988874 2.29657e-05 0.00101184 0.000965908
30.6 0.000990336 2.29443e-05 0.00101328 0.000967392
30.7 0.000990206 2.29229e-05 0.00101313 0.000967283
30.8 0.000989744 2.29121e-05 0.00101266 0.000966832
30.9 0.000990734 2.288e-05 0.00101361 0.000967854
31 0.000989807 2.28586e-05 0.00101267 0.000966948
31.1 0.000989997 2.28265e-05 0.00101282 0.000967171
31.2 0.000992229 2.28051e-05 0.00101503 0.000969424
31.3 0.000990042 2.2773e-05 0.00101282 0.000967269
31.4 0.000991507 2.27523e-05 0.00101426 0.000968755
31.5 0.000992149 2.27308e-05 0.00101488 0.000969418
31.6 0.00098996 2.26987e-05 0.00101266 0.000967262
31.7 0.000991232 2.26559e-05 0.00101389 0.000968576
31.8 0.00099061 2.26238e-05 0.00101323 0.000967986
31.9 0.000991082 2.2581e-05 0.00101366 0.000968501
32 0.000991234 2.25488e-05 0.00101378 0.000968685
32.1 0.000989512 2.25274e-05 0.00101204 0.000966985
32.2 0.000990911 2.2506e-05 0.00101342 0.000968405
32.3 0.00099247 2.2506e-05 0.00101498 0.000969964
32.4 0.000990275 2.24739e-05 0.00101275 0.000967801
32.5 0.000991665 2.24525e-05 0.00101412 0.000969212
32.6 0.000990246 2.24203e-05 0.00101267 0.000967826
32.7 0.000990549 2.24096e-05 0.00101296 0.00096814
32.8 0.000992102 2.24096e-05 0.00101451 0.000969692
32.9 0.000990378 2.23882e-05 0.00101277 0.00096799
33 0.000991455 2.23775e-05 0.00101383 0.000969078
33.1 0.00099253 2.23668e-05 0.0010149 0.000970164
33.2 0.00099158 2.23454e-05 0.00101393 0.000969235
33.3 0.00099295 2.2324e-05 0.00101527 0.000970626
33.4 0.000992474 2.23133e-05 0.00101479 0.00097016
33.5 0.000990749 2.22919e-05 0.00101304 0.000968457
33.6 0.000992112 2.22704e-05 0.00101438 0.000969841
33.7 0.000991928 2.2249e-05 0.00101418 0.000969679
33.8 0.000993575 2.22169e-05 0.00101579 0.000971358
33.9 0.000994444 2.21848e-05 0.00101663 0.000972259
34 0.000991788 2.21427e-05 0.00101393 0.000969646
34.1 0.000992647 2.21105e-05 0.00101476 0.000970537
34.2 0.000993216 2.20891e-05 0.00101531 0.000971127
34.3 0.000992536 2.2057e-05 0.00101459 0.000970479
34.4 0.000994626 2.20356e-05 0.00101666 0.00097259
34.5 0.000993379 2.20249e-05 0.0010154 0.000971355
34.6 0.000993454 2.19928e-05 0.00101545 0.000971462
34.7 0.000995322 2.19499e-05 0.00101727 0.000973372
34.8 0.000994138 2.19071e-05 0.00101605 0.000972231
34.9 0.000995169 2.18964e-05 0.00101707 0.000973273
35 0.000996199 2.18857e-05 0.00101808 0.000974313
35.1 0.000996957 2.18857e-05 0.00101884 0.000975072
35.2 0.000997227 2.1875e-05 0.0010191 0.000975352
35.3 0.000995982 2.18643e-05 0.00101785 0.000974117
35.4 0.00099652 2.18429e-05 0.00101836 0.000974677
35.5 0.000996565 2.18107e-05 0.00101838 0.000974754
35.6 0.000995362 2.17679e-05 0.00101713 0.000973594
35.7 0.000994383 2.17465e-05 0.00101613 0.000972637
35.8 0.000992123 2.17465e-05 0.00101387 0.000970377
35.9 0.00099137 2.17465e-05 0.00101312 0.000969623
36 0.000994383 2.17465e-05 0.00101613 0.000972637
36.1 0.000993893 2.17358e-05 0.00101563 0.000972158
36.2 0.000993404 2.17251e-05 0.00101513 0.000971679
36.3 0.000995432 2.17037e-05 0.00101714 0.000973728
36.4 0.00099546 2.16715e-05 0.00101713 0.000973789
36.5 0.000993985 2.16394e-05 0.00101562 0.000972345
36.6 0.000996506 2.15966e-05 0.0010181 0.00097491
36.7 0.000993769 2.15859e-05 0.00101535 0.000972183
36.8 0.000995549 2.15759e-05 0.00101713 0.000973974
36.9 0.000995055 2.15651e-05 0.00101662 0.00097349
37 0.00099556 2.15437e-05 0.0010171 0.000974016
37.1 0.000996306 2.15437e-05 0.00101785 0.000974762
37.2 0.00099457 2.15223e-05 0.00101609 0.000973048
37.3 0.00099656 2.15009e-05 0.00101806 0.000975059
37.4 0.000995319 2.14902e-05 0.00101681 0.000973829
37.5 0.000996063 2.14902e-05 0.00101755 0.000974573
37.6 0.000994823 2.14795e-05 0.0010163 0.000973344
37.7 0.000996558 2.14688e-05 0.00101803 0.00097509
37.8 0.000995564 2.14474e-05 0.00101701 0.000974117
37.9 0.000996552 2.14367e-05 0.00101799 0.000975116
38 0.000996299 2.14152e-05 0.00101771 0.000974883
38.1 0.000995801 2.14045e-05 0.00101721 0.000974396
38.2 0.000997526 2.13938e-05 0.00101892 0.000976132
38.3 0.000996286 2.13831e-05 0.00101767 0.000974903
38.4 0.000997767 2.13831e-05 0.00101915 0.000976384
38.5 0.000998248 2.13617e-05 0.00101961 0.000976886
38.6 0.000997486 2.13296e-05 0.00101882 0.000976156
38.7 0.000998667 2.1276e-05 0.00101994 0.000977391
38.8 0.000997895 2.12439e-05 0.00101914 0.000976651
38.9 0.000997624 2.12225e-05 0.00101885 0.000976402
39 0.000998087 2.12011e-05 0.00101929 0.000976885
39.1 0.000996345 2.11797e-05 0.00101752 0.000975165
39.2 0.000997308 2.1169e-05 0.00101848 0.000976139
39.3 0.000997536 2.11583e-05 0.00101869 0.000976378
39.4 0.000996299 2.11475e-05 0.00101745 0.000975151
39.5 0.000996022 2.11261e-05 0.00101715 0.000974895
39.6 0.00099698 2.11154e-05 0.0010181 0.000975864
39.7 0.000996474 2.11047e-05 0.00101758 0.000975369
39.8 0.000998384 2.10833e-05 0.00101947 0.000977301
39.9 0.000996417 2.10726e-05 0.00101749 0.000975345
40 0.00099737 2.10619e-05 0.00101843 0.000976308
40.1 0.000998322 2.10512e-05 0.00101937 0.00097727
40.2 0.000996578 2.10298e-05 0.00101761 0.000975548
40.3 0.000996798 2.10191e-05 0.00101782 0.000975779
40.4 0.000997018 2.10084e-05 0.00101803 0.00097601
40.5 0.000997237 2.09976e-05 0.00101824 0.00097624
40.6 0.000997674 2.09762e-05 0.00101865 0.000976697
40.7 0.000997597 2.09441e-05 0.00101854 0.000976653
40.8 0.000997516 2.0912e-05 0.00101843 0.000976604
40.9 0.000998453 2.09013e-05 0.00101935 0.000977552
41 0.000997218 2.08906e-05 0.00101811 0.000976327
41.1 0.000998153 2.08799e-05 0.00101903 0.000977273
41.2 0.000997641 2.08692e-05 0.00101851 0.000976772
41.3 0.000997641 2.08692e-05 0.00101851 0.000976772
41.4 0.000999297 2.08584e-05 0.00102016 0.000978439
41.5 0.000998784 2.08477e-05 0.00101963 0.000977936
41.6 0.00099848 2.08263e-05 0.00101931 0.000977653
41.7 0.000999615 2.08049e-05 0.00102042 0.00097881
41.8 0.00099766 2.07942e-05 0.00101845 0.000976866
41.9 0.000999101 2.07942e-05 0.00101989 0.000978306
42 0.00100003 2.07835e-05 0.00102081 0.000979243
42.1 0.000998791 2.07728e-05 0.00101956 0.000978018
42.2 0.000999715 2.07621e-05 0.00102048 0.000978953
42.3 0.00100012 2.07407e-05 0.00102086 0.00097938
42.4 0.00100012 2.07407e-05 0.00102086 0.00097938
42.5 0.00100124 2.07192e-05 0.00102196 0.000980522
42.6 0.000999489 2.06978e-05 0.00102019 0.000978792
42.7 0.00100041 2.06871e-05 0.00102109 0.000979718
42.8 0.0010008 2.06657e-05 0.00102147 0.000980136
42.9 0.000999765 2.06443e-05 0.00102041 0.00097912
43 0.00100016 2.06229e-05 0.00102078 0.000979533
43.1 0.00100002 2.05908e-05 0.00102062 0.000979434
43.2 0.000998985 2.05693e-05 0.00101955 0.000978416
43.3 0.00100079 2.05479e-05 0.00102134 0.000980244
43.4 0.000999038 2.05265e-05 0.00101956 0.000978511
43.5 0.000999938 2.05158e-05 0.00102045 0.000979422
43.6 0.00100084 2.05051e-05 0.00102134 0.000980332
43.7 0.000998372 2.04837e-05 0.00101886 0.000977889
43.8 0.000999455 2.04623e-05 0.00101992 0.000978993
43.9 0.000998932 2.04516e-05 0.00101938 0.000978481
44 0.000999641 2.04516e-05 0.00102009 0.000979189
44.1 0.00100053 2.04408e-05 0.00102097 0.000980093
44.2 0.000999117 2.04408e-05 0.00101956 0.000978676
44.3 0.000999302 2.04301e-05 0.00101973 0.000978872
44.4 0.00100019 2.04194e-05 0.00102061 0.000979773
44.5 0.000998961 2.04087e-05 0.00101937 0.000978552
44.6 0.00100003 2.03873e-05 0.00102042 0.000979644
44.7 0.00100092 2.03766e-05 0.00102129 0.000980542
44.8 0.000999506 2.03766e-05 0.00101988 0.00097913
44.9 0.000999866 2.03552e-05 0.00102022 0.000979511
45 0.000999696 2.03231e-05 0.00102002 0.000979373
45.1 0.000999873 2.03124e-05 0.00102019 0.000979561
45.2 0.00100075 2.03016e-05 0.00102105 0.000980451
45.3 0.000999169 2.02695e-05 0.00101944 0.0009789
45.4 0.000999516 2.02481e-05 0.00101976 0.000979268
45.5 0.00100109 2.02374e-05 0.00102133 0.000980854
45.6 0.000999689 2.02374e-05 0.00101993 0.000979451
45.7 0.00100143 2.0216e-05 0.00102165 0.000981216
45.8 0.00100283 2.0216e-05 0.00102305 0.000982617
45.9 0.001003 2.02053e-05 0.00102321 0.000982796
46 0.00100317 2.01946e-05 0.00102336 0.000982975
46.1 0.0010028 2.01732e-05 0.00102298 0.000982631
46.2 0.00100314 2.01517e-05 0.00102329 0.000982985
46.3 0.0010033 2.0141e-05 0.00102344 0.00098316
46.4 0.00100346 2.01303e-05 0.0010236 0.000983335
46.5 0.0010017 2.01089e-05 0.00102181 0.000981592
46.6 0.000998382 2.00982e-05 0.00101848 0.000978284
46.7 0.0010008 2.00768e-05 0.00102087 0.000980719
46.8 0.00100251 2.00554e-05 0.00102256 0.000982452
46.9 0.00100213 2.0034e-05 0.00102217 0.000982097
47 0.00100245 2.00125e-05 0.00102246 0.000982434
47.1 0.00100383 2.00125e-05 0.00102385 0.00098382
47.2 0.00100175 2.00125e-05 0.00102177 0.000981741
47.3 0.00100276 1.99911e-05 0.00102275 0.000982768
47.4 0.00100376 1.99697e-05 0.00102373 0.00098379
47.5 0.00100199 1.99483e-05 0.00102194 0.000982044
47.6 0.00100368 1.99269e-05 0.0010236 0.000983751
47.7 0.0010026 1.99055e-05 0.0010225 0.000982694
47.8 0.0010029 1.98841e-05 0.00102278 0.000983014
47.9 0.00100442 1.98733e-05 0.0010243 0.00098455
48 0.00100197 1.98519e-05 0.00102182 0.000982114
48.1 0.00100349 1.98412e-05 0.00102333 0.000983646
48.2 0.00100363 1.98305e-05 0.00102346 0.000983802
48.3 0.00100309 1.98198e-05 0.00102291 0.000983271
48.4 0.00100446 1.98198e-05 0.00102428 0.000984644
48.5 0.00100392 1.98091e-05 0.00102373 0.000984112
48.6 0.00100215 1.97877e-05 0.00102194 0.000982363
48.7 0.0010038 1.97663e-05 0.00102357 0.000984038
48.8 0.00100203 1.97449e-05 0.00102178 0.000982288
48.9 0.00100272 1.97449e-05 0.00102246 0.000982972
49 0.00100395 1.97556e-05 0.0010237 0.00098419
49.1 0.00100272 1.97449e-05 0.00102246 0.000982972
49.2 0.0010034 1.97449e-05 0.00102315 0.000983656
49.3 0.0010034 1.97449e-05 0.00102315 0.000983656
49.4 0.0010034 1.97449e-05 0.00102315 0.000983656
49.5 0.00100354 1.97341e-05 0.00102327 0.000983806
49.6 0.001003 1.97234e-05 0.00102272 0.000983273
49.7 0.00100341 1.96913e-05 0.0010231 0.000983718
49.8 0.00100371 1.96705e-05 0.00102338 0.000984041
49.9 0.00100275 1.96384e-05 0.00102239 0.000983115
50 0.00100438 1.9617e-05 0.00102399 0.000984761
50.1 0.00100396 1.95956e-05 0.00102356 0.000984365
50.2 0.00100409 1.95849e-05 0.00102367 0.000984505
50.3 0.00100558 1.95741e-05 0.00102515 0.000986001
50.4 0.00100435 1.95634e-05 0.00102391 0.000984784
50.5 0.00100528 1.9542e-05 0.00102482 0.000985737
50.6 0.00100688 1.95206e-05 0.0010264 0.000987361
50.7 0.00100522 1.94885e-05 0.00102471 0.000985737
50.8 0.00100785 1.94349e-05 0.00102728 0.000988414
50.9 0.00100764 1.93921e-05 0.00102704 0.000988251
51 0.00100732 1.936e-05 0.00102668 0.000987956
51.1 0.0010081 1.93493e-05 0.00102745 0.00098875
51.2 0.00100765 1.93279e-05 0.00102698 0.000988325
51.3 0.00100776 1.93172e-05 0.00102708 0.000988447
51.4 0.00100921 1.93064e-05 0.00102852 0.000989905
51.5 0.00100798 1.92957e-05 0.00102728 0.000988688
51.6 0.00100809 1.9285e-05 0.00102738 0.000988807
51.7 0.00100887 1.92743e-05 0.00102814 0.000989593
51.8 0.00100841 1.92529e-05 0.00102767 0.000989161
51.9 0.00100852 1.92422e-05 0.00102776 0.000989277
52 0.00100862 1.92315e-05 0.00102786 0.000989393
52.1 0.00100817 1.92101e-05 0.00102738 0.000988956
52.2 0.00100851 1.91786e-05 0.00102768 0.000989327
52.3 0.00100804 1.91571e-05 0.0010272 0.000988886
52.4 0.00100824 1.91357e-05 0.00102738 0.000989106
52.5 0.00100844 1.91143e-05 0.00102755 0.000989323
52.6 0.00100731 1.90929e-05 0.0010264 0.000988215
52.7 0.00100816 1.90715e-05 0.00102723 0.000989088
52.8 0.00100891 1.90608e-05 0.00102797 0.000989853
52.9 0.00100844 1.90393e-05 0.00102748 0.000989401
53 0.00100994 1.90179e-05 0.00102896 0.000990923
53.1 0.00100994 1.90179e-05 0.00102896 0.000990923
53.2 0.00101069 1.90072e-05 0.0010297 0.000991682
53.3 0.00101135 1.90072e-05 0.00103035 0.00099234
53.4 0.00101078 1.89965e-05 0.00102977 0.000991781
53.5 0.00101144 1.89965e-05 0.00103043 0.000992439
53.6 0.00101218 1.89858e-05 0.00103117 0.000993195
53.7 0.0010117 1.89644e-05 0.00103066 0.000992732
53.8 0.00101261 1.89323e-05 0.00103154 0.000993674
53.9 0.00101497 1.88787e-05 0.00103385 0.000996095
54 0.00101521 1.88466e-05 0.00103405 0.000996359
54.1 0.00101478 1.88145e-05 0.00103359 0.000995964
54.2 0.00101362 1.87931e-05 0.00103242 0.00099483
54.3 0.00101377 1.87716e-05 0.00103254 0.000994997
54.4 0.00101384 1.87609e-05 0.0010326 0.000995079
54.5 0.00101326 1.87502e-05 0.00103201 0.000994511
54.6 0.00101275 1.87288e-05 0.00103148 0.000994024
54.7 0.00101231 1.86967e-05 0.00103101 0.000993615
54.8 0.00101187 1.86646e-05 0.00103053 0.0009932
54.9 0.00101341 1.86217e-05 0.00103204 0.000994792
55 0.00101418 1.86003e-05 0.00103278 0.000995581
55.1 0.0010143 1.85789e-05 0.00103288 0.000995721
55.2 0.00101565 1.85682e-05 0.00103421 0.000997077
55.3 0.0010157 1.85575e-05 0.00103426 0.000997145
55.4 0.00101581 1.85361e-05 0.00103435 0.000997278
55.5 0.00101715 1.85253e-05 0.00103568 0.000998628
55.6 0.00101662 1.85039e-05 0.00103512 0.000998114
55.7 0.00101731 1.84932e-05 0.0010358 0.000998818
55.8 0.00101677 1.84718e-05 0.00103524 0.000998301
55.9 0.00101746 1.84611e-05 0.00103592 0.000999001
56 0.00101815 1.84504e-05 0.0010366 0.0009997
56.1 0.00101818 1.8451e-05 0.00103663 0.000999731
56.2 0.00101887 1.84403e-05 0.00103731 0.00100043
56.3 0.00101896 1.84188e-05 0.00103738 0.00100054
56.4 0.00101901 1.84081e-05 0.00103742 0.0010006
56.5 0.00101973 1.83867e-05 0.00103812 0.00100135
56.6 0.00101982 1.83653e-05 0.00103818 0.00100145
56.7 0.00101986 1.83546e-05 0.00103821 0.0010015
56.8 0.0010199 1.83439e-05 0.00103824 0.00100155
56.9 0.00101994 1.83332e-05 0.00103827 0.0010016
57 0.00102061 1.83225e-05 0.00103893 0.00100229
57.1 0.00102005 1.8301e-05 0.00103835 0.00100175
57.2 0.00101949 1.82796e-05 0.00103777 0.00100121
57.3 0.00101956 1.82582e-05 0.00103782 0.0010013
57.4 0.00101896 1.82475e-05 0.00103721 0.00100072
57.5 0.00101903 1.82261e-05 0.00103726 0.00100081
57.6 0.0010185 1.8194e-05 0.00103669 0.0010003
57.7 0.00101853 1.81833e-05 0.00103671 0.00100034
57.8 0.00101796 1.81618e-05 0.00103612 0.000999794
57.9 0.00101861 1.81511e-05 0.00103676 0.00100046
58 0.00101864 1.81404e-05 0.00103678 0.0010005
58.1 0.0010193 1.81297e-05 0.00103742 0.00100117
58.2 0.00101932 1.8119e-05 0.00103744 0.0010012
58.3 0.00101997 1.81083e-05 0.00103808 0.00100186
58.4 0.00102002 1.80869e-05 0.00103811 0.00100193
58.5 0.00102006 1.80655e-05 0.00103813 0.001002
58.6 0.00102008 1.80548e-05 0.00103814 0.00100203
58.7 0.0010201 1.8044e-05 0.00103815 0.00100206
58.8 0.00102012 1.80333e-05 0.00103816 0.00100209
58.9 0.00102014 1.80226e-05 0.00103816 0.00100212
59 0.00102016 1.80119e-05 0.00103817 0.00100215
59.1 0.0010208 1.80012e-05 0.0010388 0.0010028
59.2 0.00102144 1.79905e-05 0.00103943 0.00100345
59.3 0.00102145 1.79798e-05 0.00103943 0.00100347
59.4 0.00102145 1.79798e-05 0.00103943 0.00100347
59.5 0.00102147 1.79691e-05 0.00103944 0.0010035
59.6 0.00102148 1.79584e-05 0.00103944 0.00100352
59.7 0.00102212 1.79477e-05 0.00104006 0.00100417
59.8 0.00102213 1.7937e-05 0.00104006 0.00100419
59.9 0.00102215 1.79155e-05 0.00104006 0.00100423
60 0.00102218 1.78727e-05 0.00104005 0.00100431
60.1 0.00102158 1.78406e-05 0.00103942 0.00100374
60.2 0.00102159 1.78192e-05 0.00103941 0.00100377
60.3 0.00102159 1.78085e-05 0.0010394 0.00100378
60.4 0.00102159 1.77977e-05 0.00103939 0.0010038
60.5 0.00102098 1.77763e-05 0.00103876 0.0010032
60.6 0.00102098 1.77549e-05 0.00103873 0.00100322
60.7 0.00102098 1.77442e-05 0.00103872 0.00100323
60.8 0.00102097 1.77228e-05 0.0010387 0.00100325
60.9 0.00102035 1.77014e-05 0.00103805 0.00100265
61 0.00102034 1.76799e-05 0.00103802 0.00100266
61.1 0.00102094 1.76585e-05 0.0010386 0.00100328
61.2 0.00102094 1.76478e-05 0.00103858 0.00100329
61.3 0.00102093 1.76371e-05 0.00103856 0.00100329
61.4 0.00102153 1.76264e-05 0.00103915 0.0010039
61.5 0.00102091 1.76157e-05 0.00103852 0.00100329
61.6 0.00102213 1.76157e-05 0.00103974 0.00100451
61.7 0.00102212 1.7605e-05 0.00103972 0.00100451
61.8 0.0010221 1.75943e-05 0.0010397 0.00100451
61.9 0.0010227 1.75836e-05 0.00104028 0.00100512
62 0.00102208 1.75729e-05 0.00103965 0.0010045
62.1 0.00102267 1.75622e-05 0.00104023 0.00100511
62.2 0.00102326 1.75514e-05 0.00104082 0.00100571
62.3 0.00102264 1.75407e-05 0.00104018 0.0010051
62.4 0.00102323 1.753e-05 0.00104076 0.0010057
62.5 0.00102384 1.753e-05 0.00104137 0.00100631
62.6 0.00102321 1.75193e-05 0.00104073 0.00100569
62.7 0.00102382 1.75193e-05 0.00104134 0.0010063
62.8 0.0010238 1.75086e-05 0.00104131 0.00100629
62.9 0.00102378 1.74979e-05 0.00104128 0.00100628
63 0.00102436 1.74872e-05 0.00104185 0.00100688
63.1 0.00102374 1.74765e-05 0.00104121 0.00100626
63.2 0.00102492 1.74658e-05 0.00104239 0.00100746
63.3 0.00102425 1.74337e-05 0.00104168 0.00100681
63.4 0.00102422 1.74229e-05 0.00104164 0.0010068
63.5 0.0010248 1.74122e-05 0.00104221 0.00100739
63.6 0.00102414 1.73908e-05 0.00104153 0.00100675
63.7 0.00102471 1.73801e-05 0.00104209 0.00100733
63.8 0.00102405 1.73587e-05 0.00104141 0.00100669
63.9 0.00102405 1.73587e-05 0.00104141 0.00100669
64 0.00102402 1.7348e-05 0.00104137 0.00100667
64.1 0.00102399 1.73373e-05 0.00104133 0.00100665
64.2 0.00102336 1.73266e-05 0.00104068 0.00100603
64.3 0.00102396 1.73266e-05 0.00104128 0.00100663
64.4 0.00102392 1.73159e-05 0.00104124 0.00100661
64.5 0.00102392 1.73159e-05 0.00104124 0.00100661
64.6 0.00102329 1.73051e-05 0.0010406 0.00100599
64.7 0.00102326 1.72944e-05 0.00104055 0.00100596
64.8 0.00102322 1.72837e-05 0.00104051 0.00100594
64.9 0.00102379 1.7273e-05 0.00104106 0.00100651
65 0.00102315 1.72623e-05 0.00104041 0.00100589
65.1 0.00102371 1.72516e-05 0.00104096 0.00100646
65.2 0.00102359 1.72195e-05 0.00104081 0.00100637
65.3 0.00102355 1.72088e-05 0.00104076 0.00100635
65.4 0.00102411 1.71981e-05 0.00104131 0.00100691
65.5 0.00102402 1.71766e-05 0.0010412 0.00100685
65.6 0.00102453 1.71552e-05 0.00104168 0.00100737
65.7 0.00102508 1.71445e-05 0.00104222 0.00100793
65.8 0.00102439 1.71231e-05 0.00104151 0.00100727
65.9 0.00102424 1.7091e-05 0.00104134 0.00100715
66 0.00102473 1.70696e-05 0.0010418 0.00100767
66.1 0.00102463 1.70481e-05 0.00104168 0.00100758
66.2 0.00102565 1.7016e-05 0.00104266 0.00100863
66.3 0.00102548 1.69839e-05 0.00104246 0.00100849
66.4 0.00102536 1.69625e-05 0.00104232 0.00100839
66.5 0.00102582 1.69411e-05 0.00104276 0.00100888
66.6 0.00102505 1.69089e-05 0.00104196 0.00100814
66.7 0.00102434 1.68875e-05 0.00104122 0.00100745
66.8 0.00102486 1.68768e-05 0.00104173 0.00100798
66.9 0.00102421 1.68661e-05 0.00104107 0.00100734
67 0.00102479 1.68661e-05 0.00104166 0.00100792
67.1 0.00102479 1.68661e-05 0.00104166 0.00100792
67.2 0.00102479 1.68661e-05 0.00104166 0.00100792
67.3 0.00102472 1.68554e-05 0.00104158 0.00100787
67.4 0.00102531 1.68554e-05 0.00104216 0.00100845
67.5 0.00102524 1.68447e-05 0.00104208 0.00100839
67.6 0.00102452 1.68233e-05 0.00104134 0.00100769
67.7 0.00102503 1.68126e-05 0.00104184 0.00100822
67.8 0.00102496 1.68018e-05 0.00104176 0.00100816
67.9 0.00102547 1.67911e-05 0.00104226 0.00100868
68 0.00102598 1.67804e-05 0.00104276 0.0010092
68.1 0.00102525 1.6759e-05 0.00104201 0.00100849
68.2 0.00102517 1.67483e-05 0.00104192 0.00100843
68.3 0.00102502 1.67269e-05 0.00104175 0.0010083
68.4 0.0010261 1.67162e-05 0.00104282 0.00100939
68.5 0.0010266 1.67055e-05 0.00104331 0.0010099
68.6 0.00102652 1.66948e-05 0.00104322 0.00100983
68.7 0.00102644 1.6684e-05 0.00104313 0.00100976
68.8 0.00102578 1.66733e-05 0.00104246 0.00100911
68.9 0.00102694 1.66733e-05 0.00104361 0.00101027
69 0.00102628 1.66626e-05 0.00104294 0.00100962
69.1 0.00102686 1.66626e-05 0.00104352 0.00101019
69.2 0.00102735 1.66519e-05 0.001044 0.0010107
69.3 0.00102784 1.66412e-05 0.00104448 0.0010112
69.4 0.00102767 1.66198e-05 0.00104429 0.00101105
69.5 0.00102874 1.66091e-05 0.00104534 0.00101213
69.6 0.00102798 1.65877e-05 0.00104457 0.0010114
69.7 0.00102838 1.65663e-05 0.00104494 0.00101181
69.8 0.00102829 1.65555e-05 0.00104484 0.00101173
69.9 0.00102819 1.65448e-05 0.00104474 0.00101165
70 0.00102801 1.65234e-05 0.00104453 0.00101149
70.1 0.00102849 1.65127e-05 0.001045 0.00101197
70.2 0.00102772 1.64913e-05 0.00104422 0.00101123
70.3 0.00102753 1.64699e-05 0.001044 0.00101106
70.4 0.00102686 1.64592e-05 0.00104332 0.0010104
70.5 0.00102743 1.64592e-05 0.00104389 0.00101097
70.6 0.00102676 1.64485e-05 0.00104321 0.00101032
70.7 0.00102666 1.64377e-05 0.0010431 0.00101023
70.8 0.00102713 1.6427e-05 0.00104356 0.00101071
70.9 0.00102693 1.64056e-05 0.00104334 0.00101053
71 0.00102683 1.63949e-05 0.00104322 0.00101043
71.1 0.00102729 1.63842e-05 0.00104368 0.00101091
71.2 0.00102719 1.63735e-05 0.00104356 0.00101082
71.3 0.00102754 1.63521e-05 0.0010439 0.00101119
71.4 0.001028 1.63414e-05 0.00104435 0.00101166
71.5 0.0010279 1.63307e-05 0.00104423 0.00101157
71.6 0.00102846 1.63307e-05 0.00104479 0.00101213
71.7 0.00102835 1.632e-05 0.00104467 0.00101203
71.8 0.00102813 1.62985e-05 0.00104443 0.00101183
71.9 0.00102847 1.62771e-05 0.00104475 0.0010122
72 0.00102836 1.62664e-05 0.00104463 0.00101209
72.1 0.00102881 1.62557e-05 0.00104506 0.00101255
72.2 0.00102926 1.6245e-05 0.0010455 0.00101301
72.3 0.00102914 1.62343e-05 0.00104538 0.00101291
72.4 0.00102959 1.62236e-05 0.00104581 0.00101336
72.5 0.00102959 1.62236e-05 0.00104581 0.00101336
72.6 0.00102959 1.62236e-05 0.00104581 0.00101336
72.7 0.00103015 1.62236e-05 0.00104637 0.00101392
72.8 0.00103015 1.62236e-05 0.00104637 0.00101392
72.9 0.00103015 1.62236e-05 0.00104637 0.00101392
73 0.00103059 1.62129e-05 0.0010468 0.00101438
73.1 0.00103047 1.62022e-05 0.00104667 0.00101427
73.2 0.00103023 1.61807e-05 0.00104641 0.00101405
73.3 0.00103011 1.617e-05 0.00104628 0.00101394
73.4 0.00102999 1.61593e-05 0.00104615 0.00101383
73.5 0.00102974 1.61379e-05 0.00104588 0.0010136
73.6 0.00102961 1.61272e-05 0.00104574 0.00101349
73.7 0.00102936 1.61058e-05 0.00104547 0.00101326
73.8 0.00102979 1.60951e-05 0.00104589 0.0010137
73.9 0.00102911 1.60844e-05 0.00104519 0.00101302
74 0.00102898 1.60737e-05 0.00104505 0.00101291
74.1 0.00102885 1.60629e-05 0.00104491 0.00101279
74.2 0.00102872 1.60522e-05 0.00104477 0.00101267
74.3 0.00102902 1.60308e-05 0.00104505 0.00101298
74.4 0.00102902 1.60308e-05 0.00104505 0.00101298
74.5 0.00102902 1.60308e-05 0.00104505 0.00101298
74.6 0.00102944 1.60201e-05 0.00104546 0.00101342
74.7 0.00102862 1.59987e-05 0.00104461 0.00101262
74.8 0.00102959 1.5988e-05 0.00104558 0.0010136
74.9 0.00103001 1.59773e-05 0.00104598 0.00101403
75 0.00102987 1.59666e-05 0.00104584 0.0010139
75.1 0.00103028 1.59559e-05 0.00104624 0.00101433
75.2 0.00103014 1.59452e-05 0.00104609 0.0010142
75.3 0.00103 1.59344e-05 0.00104594 0.00101407
75.4 0.00103111 1.59344e-05 0.00104704 0.00101517
75.5 0.00103042 1.59237e-05 0.00104634 0.00101449
75.6 0.00103082 1.5913e-05 0.00104674 0.00101491
75.7 0.00103109 1.58916e-05 0.00104698 0.0010152
75.8 0.00103094 1.58809e-05 0.00104683 0.00101506
75.9 0.00103135 1.58702e-05 0.00104722 0.00101548
76 0.0010323 1.58595e-05 0.00104816 0.00101644
76.1 0.00103146 1.58381e-05 0.00104729 0.00101562
76.2 0.0010324 1.58274e-05 0.00104823 0.00101658
76.3 0.0010321 1.58059e-05 0.00104791 0.0010163
76.4 0.00103195 1.57952e-05 0.00104774 0.00101615
76.5 0.00103234 1.57845e-05 0.00104813 0.00101656
76.6 0.00103219 1.57738e-05 0.00104796 0.00101642
76.7 0.00103242 1.57524e-05 0.00104818 0.00101667
76.8 0.00103141 1.57203e-05 0.00104713 0.00101569
76.9 0.00103125 1.57096e-05 0.00104696 0.00101554
77 0.00103109 1.56989e-05 0.00104679 0.00101539
77.1 0.00103163 1.56989e-05 0.00104733 0.00101594
77.2 0.00103147 1.56881e-05 0.00104716 0.00101579
77.3 0.00103202 1.56881e-05 0.00104771 0.00101633
77.4 0.00103131 1.56774e-05 0.00104699 0.00101564
77.5 0.00103115 1.56667e-05 0.00104682 0.00101548
77.6 0.00103153 1.5656e-05 0.00104719 0.00101588
77.7 0.00103083 1.56453e-05 0.00104647 0.00101518
77.8 0.00103137 1.56453e-05 0.00104701 0.00101572
77.9 0.00103174 1.56346e-05 0.00104738 0.00101611
78 0.00103158 1.56239e-05 0.0010472 0.00101596
78.1 0.00103179 1.56025e-05 0.00104739 0.00101618
78.2 0.00103216 1.55918e-05 0.00104775 0.00101657
78.3 0.00103307 1.55811e-05 0.00104865 0.00101749
78.4 0.00103273 1.55596e-05 0.00104829 0.00101717
78.5 0.00103309 1.55489e-05 0.00104864 0.00101754
78.6 0.00103292 1.55382e-05 0.00104846 0.00101738
78.7 0.00103382 1.55275e-05 0.00104935 0.00101829
78.8 0.0010335 1.55066e-05 0.00104901 0.001018
78.9 0.00103404 1.55066e-05 0.00104955 0.00101853
79 0.00103279 1.54959e-05 0.00104829 0.00101729
79.1 0.00103315 1.54852e-05 0.00104863 0.00101766
79.2 0.00103386 1.54637e-05 0.00104933 0.0010184
79.3 0.00103385 1.54316e-05 0.00104928 0.00101842
79.4 0.0010342 1.54209e-05 0.00104962 0.00101878
79.5 0.00103474 1.54209e-05 0.00105016 0.00101932
79.6 0.00103402 1.54102e-05 0.00104943 0.00101861
79.7 0.00103437 1.53995e-05 0.00104977 0.00101897
79.8 0.00103418 1.53888e-05 0.00104957 0.00101879
79.9 0.00103399 1.53781e-05 0.00104937 0.00101862
80 0.00103434 1.53674e-05 0.00104971 0.00101897
80.1 0.00103362 1.53567e-05 0.00104897 0.00101826
80.2 0.00103324 1.53352e-05 0.00104857 0.0010179
80.3 0.00103286 1.53138e-05 0.00104817 0.00101754
80.4 0.00103286 1.53138e-05 0.00104817 0.00101754
80.5 0.00103266 1.53031e-05 0.00104797 0.00101736
80.6 0.00103392 1.53138e-05 0.00104923 0.0010186
80.7 0.00103392 1.53138e-05 0.00104923 0.0010186
80.8 0.00103372 1.53031e-05 0.00104903 0.00101842
80.9 0.00103353 1.52924e-05 0.00104882 0.00101824
81 0.00103406 1.52924e-05 0.00104935 0.00101877
81.1 0.0010342 1.5271e-05 0.00104947 0.00101893
81.2 0.00103381 1.52496e-05 0.00104906 0.00101856
81.3 0.0010347 1.52393e-05 0.00104994 0.00101946
81.4 0.00103502 1.52286e-05 0.00105025 0.0010198
81.5 0.00103482 1.52179e-05 0.00105004 0.00101961
81.6 0.00103515 1.52072e-05 0.00105036 0.00101994
81.7 0.00103568 1.52072e-05 0.00105088 0.00102047
81.8 0.00103547 1.51965e-05 0.00105067 0.00102028
81.9 0.00103579 1.51858e-05 0.00105098 0.00102061
82 0.00103559 1.51751e-05 0.00105077 0.00102042
82.1 0.00103538 1.51644e-05 0.00105055 0.00102022
82.2 0.0010357 1.51537e-05 0.00105086 0.00102055
82.3 0.0010357 1.51537e-05 0.00105086 0.00102055
82.4 0.00103655 1.5143e-05 0.00105169 0.0010214
82.5 0.00103665 1.51215e-05 0.00105177 0.00102153
82.6 0.00103602 1.50894e-05 0.00105111 0.00102093
82.7 0.00103633 1.50787e-05 0.0010514 0.00102125
82.8 0.00103611 1.5068e-05 0.00105118 0.00102104
82.9 0.00103663 1.5068e-05 0.0010517 0.00102157
83 0.00103642 1.50573e-05 0.00105148 0.00102136
83.1 0.0010362 1.50466e-05 0.00105125 0.00102116
83.2 0.00103672 1.50466e-05 0.00105177 0.00102168
83.3 0.00103599 1.50359e-05 0.00105102 0.00102095
83.4 0.00103577 1.50252e-05 0.00105079 0.00102074
83.5 0.00103607 1.50144e-05 0.00105108 0.00102106
83.6 0.00103511 1.4993e-05 0.0010501 0.00102012
83.7 0.00103541 1.49823e-05 0.00105039 0.00102043
83.8 0.00103497 1.49609e-05 0.00104993 0.00102001
83.9 0.00103548 1.49609e-05 0.00105045 0.00102052
84 0.000894796 2.80767e-05 0.000922873 0.000866719
84.1 0.000897025 2.80248e-05 0.000925049 0.000869
84.2 0.000896997 2.79936e-05 0.000924991 0.000869004
84.3 0.000893295 2.76094e-05 0.000920904 0.000865685
84.4 0.000894197 2.75783e-05 0.000921776 0.000866619
84.5 0.000901369 2.75056e-05 0.000928875 0.000873863
84.6 0.000898037 2.74329e-05 0.00092547 0.000870604
84.7 0.000901155 2.74121e-05 0.000928567 0.000873743
84.8 0.000898842 2.73706e-05 0.000926212 0.000871471
84.9 0.000904105 2.73291e-05 0.000931434 0.000876776
85 0.000904364 2.73083e-05 0.000931672 0.000877055
85.1 0.000901869 2.73187e-05 0.000929187 0.00087455
85.2 0.000905998 2.73291e-05 0.000933327 0.000878669
85.3 0.000902211 2.73291e-05 0.00092954 0.000874882
85.4 0.000903501 2.73394e-05 0.000930841 0.000876162
85.5 0.000902897 2.73498e-05 0.000930247 0.000875547
85.6 0.000904708 2.73187e-05 0.000932026 0.000877389
85.7 0.000906328 2.72252e-05 0.000933554 0.000879103
85.8 0.000903407 2.71941e-05 0.000930601 0.000876213
85.9 0.000905097 2.71318e-05 0.000932229 0.000877965
86 0.000903263 2.70487e-05 0.000930312 0.000876214
86.1 0.000903853 2.70383e-05 0.000930891 0.000876815
86.2 0.000907251 2.70279e-05 0.000934279 0.000880223
86.3 0.000901876 2.70072e-05 0.000928883 0.000874869
86.4 0.000903529 2.69449e-05 0.000930474 0.000876584
86.5 0.000905046 2.68514e-05 0.000931898 0.000878195
86.6 0.000901209 2.68203e-05 0.00092803 0.000874389
86.7 0.000908162 2.67787e-05 0.000934941 0.000881384
86.8 0.000902824 2.6758e-05 0.000929582 0.000876066
86.9 0.00090455 2.67268e-05 0.000931277 0.000877823
87 0.000907195 2.66957e-05 0.000933891 0.000880499
87.1 0.000901518 2.66645e-05 0.000928182 0.000874853
87.2 0.000906136 2.66645e-05 0.000932801 0.000879472
87.3 0.000907413 2.66749e-05 0.000934088 0.000880738
87.4 0.000903717 2.66749e-05 0.000930392 0.000877042
87.5 0.000905918 2.66853e-05 0.000932603 0.000879232
87.6 0.000904069 2.66853e-05 0.000930754 0.000877384
87.7 0.000905345 2.66957e-05 0.000932041 0.00087865
87.8 0.00090812 2.66957e-05 0.000934815 0.000881424
87.9 0.000905697 2.67061e-05 0.000932404 0.000878991
88 0.000906623 2.67061e-05 0.000933329 0.000879917
88.1 0.00090752 2.67052e-05 0.000934225 0.000880815
88.2 0.000905697 2.67061e-05 0.000932404 0.000878991
88.3 0.000907766 2.66853e-05 0.000934452 0.000881081
88.4 0.000905185 2.66637e-05 0.000931849 0.000878521
88.5 0.000906569 2.6623e-05 0.000933192 0.000879946
88.6 0.000909404 2.65711e-05 0.000935975 0.000882833
88.7 0.000905225 2.65295e-05 0.000931755 0.000878696
88.8 0.000907478 2.6488e-05 0.000933966 0.00088099
88.9 0.000908804 2.64465e-05 0.00093525 0.000882357
89 0.000904835 2.63842e-05 0.000931219 0.000878451
89.1 0.000909019 2.6373e-05 0.000935392 0.000882646
89.2 0.000906663 2.63842e-05 0.000933047 0.000880279
89.3 0.000908491 2.63842e-05 0.000934875 0.000882107
89.4 0.000910319 2.63842e-05 0.000936703 0.000883935
89.5 0.00090702 2.63946e-05 0.000933414 0.000880625
89.6 0.000909405 2.63842e-05 0.000935789 0.000883021
89.7 0.000910186 2.63011e-05 0.000936487 0.000883885
89.8 0.000907311 2.6218e-05 0.000933529 0.000881093
89.9 0.00091023 2.61454e-05 0.000936376 0.000884085
90 0.000905713 2.60415e-05 0.000931755 0.000879672
90.1 0.000906766 2.59169e-05 0.000932683 0.00088085
90.2 0.000908864 2.58235e-05 0.000934688 0.000883041
90.3 0.000904887 2.57612e-05 0.000930648 0.000879126
90.4 0.000906625 2.57093e-05 0.000932335 0.000880916
90.5 0.000909085 2.56781e-05 0.000934763 0.000883407
90.6 0.00090605 2.56677e-05 0.000931718 0.000880382
90.7 0.000909085 2.56781e-05 0.000934763 0.000883407
90.8 0.000906783 2.56885e-05 0.000932472 0.000881095
90.9 0.000901808 2.56989e-05 0.000927507 0.000876109
91 0.000906259 2.56989e-05 0.000931958 0.00088056
91.1 0.000900391 2.57093e-05 0.000926101 0.000874682
91.2 0.000904844 2.57093e-05 0.000930554 0.000879135
91.3 0.000906101 2.57196e-05 0.00093182 0.000880381
91.4 0.000902537 2.57196e-05 0.000928257 0.000876817
91.5 0.000907358 2.573e-05 0.000933088 0.000881628
91.6 0.00090521 2.57196e-05 0.000930929 0.00087949
91.7 0.000903224 2.56885e-05 0.000928912 0.000877535
91.8 0.000907247 2.56262e-05 0.000932873 0.000881621
91.9 0.000900614 2.55639e-05 0.000926178 0.00087505
92 0.000903203 2.5512e-05 0.000928715 0.000877691
92.1 0.000905117 2.54912e-05 0.000930609 0.000879626
92.2 0.000902468 2.54912e-05 0.000927959 0.000876977
92.3 0.000904234 2.54912e-05 0.000929725 0.000878743
92.4 0.000902168 2.54081e-05 0.000927576 0.00087676
92.5 0.000903503 2.52732e-05 0.000928777 0.00087823
92.6 0.00090527 2.52005e-05 0.00093047 0.000880069
92.7 0.00090129 2.51382e-05 0.000926428 0.000876152
92.8 0.000905137 2.50759e-05 0.000930213 0.000880061
92.9 0.000904246 2.50032e-05 0.000929249 0.000879243
93 0.000901617 2.49305e-05 0.000926548 0.000876687
93.1 0.00090491 2.48786e-05 0.000929789 0.000880032
93.2 0.000902162 2.48267e-05 0.000926989 0.000877335
93.3 0.000904946 2.47851e-05 0.000929731 0.000880161
93.4 0.000908096 2.4754e-05 0.00093285 0.000883342
93.5 0.000901815 2.47228e-05 0.000926537 0.000877092
93.6 0.000904955 2.46917e-05 0.000929647 0.000880263
93.7 0.000905522 2.46605e-05 0.000930182 0.000880861
93.8 0.000904378 2.46294e-05 0.000929008 0.000879749
93.9 0.000907964 2.45879e-05 0.000932551 0.000883376
94 0.000912382 2.45463e-05 0.000936928 0.000887836
94.1 0.000911224 2.45152e-05 0.000935739 0.000886709
94.2 0.000912611 2.4484e-05 0.000937095 0.000888127
94.3 0.000912224 2.44736e-05 0.000936697 0.00088775
94.4 0.000913072 2.44736e-05 0.000937545 0.000888598
94.5 0.000913215 2.44321e-05 0.000937647 0.000888783
94.6 0.000913873 2.43594e-05 0.000938233 0.000889514
94.7 0.000908103 2.43179e-05 0.000932421 0.000883785
94.8 0.000897685 2.42867e-05 0.000921972 0.000873399
94.9 0.000902802 2.4266e-05 0.000927068 0.000878536
95 0.000907909 2.42452e-05 0.000932154 0.000883663
95.1 0.000905903 2.42141e-05 0.000930117 0.000881689
95.2 0.000908479 2.41933e-05 0.000932672 0.000884285
95.3 0.000911102 2.41518e-05 0.000935254 0.00088695
95.4 0.000906585 2.41206e-05 0.000930705 0.000882464
95.5 0.000909979 2.40998e-05 0.000934078 0.000885879
95.6 0.000906249 2.40895e-05 0.000930338 0.000882159
95.7 0.000907526 2.40791e-05 0.000931605 0.000883447
95.8 0.000911725 2.40798e-05 0.000935804 0.000887645
95.9 0.000906329 2.40694e-05 0.000930398 0.000882259
96 0.00091089 2.40798e-05 0.00093497 0.000886811
96.1 0.000912165 2.40694e-05 0.000936235 0.000888096
96.2 0.000907654 2.40383e-05 0.000931692 0.000883616
96.3 0.000910985 2.40383e-05 0.000935023 0.000886946
96.4 0.000908879 2.40487e-05 0.000932928 0.00088483
96.5 0.000909712 2.40487e-05 0.000933761 0.000885663
96.6 0.00091265 2.40383e-05 0.000936688 0.000888612
96.7 0.000906132 2.3976e-05 0.000930108 0.000882156
96.8 0.000909614 2.38929e-05 0.000933507 0.000885721
96.9 0.000913021 2.38306e-05 0.000936851 0.00088919
97 0.000909384 2.37787e-05 0.000933163 0.000885605
97.1 0.000911085 2.37371e-05 0.000934822 0.000887348
97.2 0.000910288 2.37164e-05 0.000934004 0.000886571
97.3 0.000910733 2.36852e-05 0.000934418 0.000887048
97.4 0.000915299 2.36548e-05 0.000938954 0.000891644
97.5 0.000909183 2.36236e-05 0.000932807 0.00088556
97.6 0.000912071 2.35925e-05 0.000935663 0.000888478
97.7 0.00091658 2.35613e-05 0.000940141 0.000893018
97.8 0.000911292 2.35302e-05 0.000934822 0.000887762
97.9 0.000915784 2.3499e-05 0.000939283 0.000892285
98 0.000913353 2.34575e-05 0.00093681 0.000889895
98.1 0.000913763 2.34263e-05 0.000937189 0.000890336
98.2 0.00091741 2.33952e-05 0.000940805 0.000894015
98.3 0.000911738 2.33744e-05 0.000935112 0.000888363
98.4 0.000914566 2.33433e-05 0.000937909 0.000891222
98.5 0.000917792 2.33225e-05 0.000941114 0.000894469
98.6 0.000911725 2.32914e-05 0.000935016 0.000888433
98.7 0.000916555 2.32706e-05 0.000939825 0.000893284
98.8 0.000914154 2.32505e-05 0.000937404 0.000890903
98.9 0.000913745 2.32401e-05 0.000936985 0.000890505
99 0.000918148 2.3209e-05 0.000941357 0.000894939
99.1 0.000910479 2.31571e-05 0.000933636 0.000887322
99.2 0.000915273 2.31363e-05 0.000938409 0.000892136
99.3 0.000918066 2.31259e-05 0.000941192 0.00089494
99.4 0.000914451 2.31155e-05 0.000937567 0.000891336
99.5 0.000916417 2.30844e-05 0.000939502 0.000893333
99.6 0.000915567 2.30428e-05 0.000938609 0.000892524
99.7 0.00091551 2.30013e-05 0.000938511 0.000892509
99.8 0.000917453 2.29701e-05 0.000940423 0.000894483
99.9 0.000914238 2.29494e-05 0.000937188 0.000891289
100 0.000916967 2.29182e-05 0.000939885 0.000894048
100.1 0.000919267 2.28767e-05 0.000942144 0.00089639
100.2 0.00091485 2.28455e-05 0.000937695 0.000892004
100.3 0.000917598 2.28352e-05 0.000940433 0.000894763
100.4 0.000917554 2.28144e-05 0.000940368 0.000894739
100.5 0.000917136 2.2804e-05 0.00093994 0.000894332
100.6 0.000919877 2.27936e-05 0.00094267 0.000897083
100.7 0.000915094 2.27728e-05 0.000937867 0.000892321
100.8 0.00091815 2.27313e-05 0.000940881 0.000895419
100.9 0.000921188 2.26898e-05 0.000943878 0.000898498
101 0.000917148 2.26482e-05 0.000939796 0.0008945
101.1 0.000919804 2.26171e-05 0.000942421 0.000897187
101.2 0.000918115 2.25755e-05 0.00094069 0.000895539
101.3 0.00091841 2.25444e-05 0.000940954 0.000895865
101.4 0.000920328 2.2534e-05 0.000942862 0.000897794
101.5 0.00091714 2.25132e-05 0.000939654 0.000894627
101.6 0.000917948 2.25139e-05 0.000940462 0.000895434
101.7 0.000922202 2.25035e-05 0.000944706 0.000899699
101.8 0.000920572 2.24828e-05 0.000943055 0.000898089
101.9 0.000918519 2.24516e-05 0.00094097 0.000896067
102 0.000922012 2.23478e-05 0.00094436 0.000899664
102.1 0.00092192 2.22335e-05 0.000944154 0.000899687
102.2 0.000923137 2.20784e-05 0.000945216 0.000901059
102.3 0.000924672 2.20057e-05 0.000946677 0.000902666
102.4 0.000928615 2.16533e-05 0.000950268 0.000906962
102.5 0.000929828 2.16118e-05 0.00095144 0.000908216
102.6 0.000930878 2.16014e-05 0.000952479 0.000909276
102.7 0.000929983 2.15806e-05 0.000951563 0.000908402
102.8 0.000929835 2.15598e-05 0.000951394 0.000908275
102.9 0.000930728 2.15287e-05 0.000952257 0.000909199
103 0.00096469 1.90611e-05 0.000983752 0.000945629
103.1 0.000966409 1.90299e-05 0.000985439 0.000947379
103.2 0.000971153 1.90195e-05 0.000990172 0.000952133
103.3 0.000967459 1.89987e-05 0.000986458 0.000948461
103.4 0.000970877 1.89884e-05 0.000989865 0.000951889
103.5 0.000972443 1.89676e-05 0.000991411 0.000953476
103.6 0.000971911 1.89572e-05 0.000990868 0.000952953
103.7 0.000977525 1.8926e-05 0.000996451 0.000958599
103.8 0.000975142 1.89053e-05 0.000994047 0.000956237
103.9 0.000978533 1.88949e-05 0.000997428 0.000959638
104 0.000982688 1.88741e-05 0.00100156 0.000963814
104.1 0.000978994 1.88533e-05 0.000997847 0.000960141
104.2 0.000983024 1.88429e-05 0.00100187 0.000964181
104.3 0.000983896 1.88222e-05 0.00100272 0.000965074
104.4 0.000983353 1.88118e-05 0.00100216 0.000964541
104.5 0.000986823 1.8791e-05 0.00100561 0.000968032
104.6 0.000985082 1.87702e-05 0.00100385 0.000966312
104.7 0.000985837 1.87598e-05 0.0010046 0.000967077
104.8 0.000987991 1.87391e-05 0.00100673 0.000969252
104.9 0.000986247 1.87183e-05 0.00100497 0.000967529
105 0.000989686 1.86975e-05 0.00100838 0.000970989
105.1 0.000991852 1.86773e-05 0.00101053 0.000973175
105.2 0.0009913 1.86669e-05 0.00100997 0.000972633
105.3 0.000997302 1.86461e-05 0.00101595 0.000978656
105.4 0.000999329 1.86357e-05 0.00101796 0.000980693
105.5 0.001002 1.86254e-05 0.00102062 0.000983372
105.6 0.00100686 1.82e-05 0.00102506 0.000988656
105.7 0.00100796 1.81065e-05 0.00102606 0.000989849
105.8 0.00100805 1.80857e-05 0.00102614 0.000989966
105.9 0.00100872 1.79195e-05 0.00102664 0.000990801
106 0.00101 1.79091e-05 0.00102791 0.000992087
106.1 0.00100948 1.7878e-05 0.00102736 0.0009916
106.2 0.00101013 1.78676e-05 0.001028 0.000992261
106.3 0.00101078 1.78572e-05 0.00102864 0.000992922
106.4 0.00101019 1.78468e-05 0.00102804 0.000992344
106.5 0.00101081 1.78468e-05 0.00102866 0.000992962
106.6 0.00101022 1.78364e-05 0.00102806 0.000992384
106.7 0.00100966 1.78157e-05 0.00102748 0.000991845
106.8 0.0010109 1.78157e-05 0.00102871 0.00099308
106.9 0.00100969 1.78053e-05 0.00102749 0.000991884
107 0.00100974 1.77845e-05 0.00102753 0.000991959
107.1 0.00100977 1.77741e-05 0.00102754 0.000991995
107.2 0.00100979 1.77637e-05 0.00102756 0.000992031
107.3 0.00100982 1.77533e-05 0.00102757 0.000992065
107.4 0.00100923 1.77429e-05 0.00102697 0.000991485
107.5 0.00100925 1.77325e-05 0.00102698 0.000991519
107.6 0.00100989 1.77222e-05 0.00102761 0.000992166
107.7 0.00100868 1.77118e-05 0.00102639 0.000990971
107.8 0.00100932 1.77014e-05 0.00102702 0.000991616
107.9 0.00100934 1.7691e-05 0.00102703 0.000991647
108 0.00100936 1.76806e-05 0.00102704 0.000991677
108.1 0.00100999 1.76702e-05 0.00102766 0.000992318
108.2 0.00100999 1.76702e-05 0.00102766 0.000992318
108.3 0.00101001 1.76598e-05 0.00102767 0.000992347
108.4 0.00101064 1.76494e-05 0.00102828 0.000992986
108.5 0.00100943 1.76391e-05 0.00102707 0.00099179
108.6 0.00101006 1.76287e-05 0.00102768 0.000992428
108.7 0.00101068 1.76183e-05 0.0010283 0.000993063
108.8 0.00100949 1.75975e-05 0.00102709 0.000991892
108.9 0.00101011 1.75871e-05 0.0010277 0.000992525
109 0.00101012 1.75767e-05 0.0010277 0.000992548
109.1 0.00101074 1.75663e-05 0.00102831 0.000993178
109.2 0.00101137 1.75456e-05 0.00102892 0.000993827
109.3 0.00101017 1.75352e-05 0.0010277 0.000992631
109.4 0.00101078 1.75248e-05 0.00102831 0.000993257
109.5 0.001012 1.75248e-05 0.00102952 0.000994471
109.6 0.0010114 1.75144e-05 0.00102891 0.000993882
109.7 0.00101201 1.7504e-05 0.00102951 0.000994505
109.8 0.00101201 1.74936e-05 0.00102951 0.000994521
109.9 0.00101202 1.74832e-05 0.0010295 0.000994536
110 0.00101263 1.74728e-05 0.0010301 0.000995156
110.1 0.00101082 1.74521e-05 0.00102827 0.000993368
110.2 0.00101203 1.74521e-05 0.00102948 0.000994577
110.3 0.00101264 1.74313e-05 0.00103007 0.000995204
110.4 0.00101083 1.74209e-05 0.00102825 0.000993404
110.5 0.00101203 1.74105e-05 0.00102944 0.000994621
110.6 0.00101143 1.74001e-05 0.00102883 0.000994028
110.7 0.00101143 1.73897e-05 0.00102882 0.000994037
110.8 0.00101263 1.73794e-05 0.00103001 0.000995249
110.9 0.00101142 1.7369e-05 0.00102879 0.000994053
111 0.00101202 1.7369e-05 0.00102939 0.000994654
111.1 0.00101262 1.73586e-05 0.00102998 0.000995262
111.2 0.00101141 1.73482e-05 0.00102876 0.000994065
111.3 0.00101201 1.73378e-05 0.00102935 0.000994671
111.4 0.001012 1.73274e-05 0.00102933 0.000994676
111.5 0.0010114 1.7317e-05 0.00102871 0.000994079
111.6 0.00101138 1.72962e-05 0.00102868 0.000994085
111.7 0.00101077 1.72859e-05 0.00102806 0.000993488
111.8 0.00101196 1.72755e-05 0.00102924 0.000994686
111.9 0.00101194 1.72547e-05 0.00102919 0.000994685
112 0.00101073 1.72443e-05 0.00102798 0.000993489
112.1 0.00101131 1.72235e-05 0.00102853 0.000994082
112.2 0.0010125 1.72235e-05 0.00102972 0.000995275
112.3 0.00101189 1.72131e-05 0.0010291 0.000994675
112.4 0.00101307 1.72028e-05 0.00103027 0.000995863
112.5 0.00101245 1.71924e-05 0.00102965 0.000995261
112.6 0.00101363 1.7182e-05 0.00103081 0.000996445
112.7 0.0010142 1.71716e-05 0.00103138 0.000997033
112.8 0.001013 1.71612e-05 0.00103016 0.000995835
112.9 0.00101417 1.71508e-05 0.00103132 0.000997015
113 0.00101353 1.713e-05 0.00103066 0.0009964
113.1 0.00101292 1.71196e-05 0.00103004 0.000995796
113.2 0.0010141 1.71196e-05 0.00103122 0.000996982
113.3 0.00101289 1.71093e-05 0.00103 0.000995784
113.4 0.00101346 1.70989e-05 0.00103056 0.000996364
113.5 0.00101403 1.70885e-05 0.00103112 0.000996943
113.6 0.00101282 1.70781e-05 0.0010299 0.000995745
113.7 0.00101339 1.70677e-05 0.00103046 0.000996322
113.8 0.00101398 1.70677e-05 0.00103105 0.000996913
113.9 0.00101395 1.70573e-05 0.00103101 0.000996898
114 0.00101449 1.70464e-05 0.00103153 0.000997441
114.1 0.00101387 1.7036e-05 0.00103091 0.000996833
114.2 0.00101443 1.70256e-05 0.00103146 0.000997405
114.3 0.00101437 1.70049e-05 0.00103138 0.000997366
114.4 0.00101316 1.69945e-05 0.00103016 0.000996168
114.5 0.00101372 1.69841e-05 0.0010307 0.000996736
114.6 0.00101428 1.69737e-05 0.00103125 0.000997302
114.7 0.00101369 1.69737e-05 0.00103066 0.000996714
114.8 0.00101483 1.69633e-05 0.00103179 0.000997867
114.9 0.00101362 1.69529e-05 0.00103057 0.000996669
115 0.00101359 1.69425e-05 0.00103053 0.000996645
115.1 0.00101473 1.69321e-05 0.00103166 0.000997794
115.2 0.00101352 1.69218e-05 0.00103044 0.000996595
115.3 0.00101348 1.69114e-05 0.00103039 0.000996569
115.4 0.00101344 1.6901e-05 0.00103034 0.000996543
115.5 0.00101286 1.6901e-05 0.00102976 0.000995957
115.6 0.00101399 1.68906e-05 0.00103088 0.0009971
115.7 0.00101391 1.68698e-05 0.00103078 0.000997043
115.8 0.00101387 1.68594e-05 0.00103073 0.000997013
115.9 0.00101379 1.68387e-05 0.00103063 0.000996951
116 0.00101375 1.68283e-05 0.00103058 0.000996919
116.1 0.00101366 1.68075e-05 0.00103047 0.000996852
116.2 0.00101357 1.67867e-05 0.00103036 0.000996783
116.3 0.00101469 1.67763e-05 0.00103146 0.00099791
116.4 0.00101464 1.67659e-05 0.0010314 0.000997873
116.5 0.00101166 1.6755e-05 0.00102841 0.000994902
116.6 0.00101272 1.67343e-05 0.00102946 0.000995988
116.7 0.00101441 1.67239e-05 0.00103113 0.000997687
116.8 0.00101315 1.67031e-05 0.00102985 0.000996447
116.9 0.00101426 1.66927e-05 0.00103095 0.000997562
117 0.00101536 1.66823e-05 0.00103204 0.000998675
117.1 0.00101409 1.66616e-05 0.00103075 0.000997432
117.2 0.00101577 1.66512e-05 0.00103242 0.000999117
117.3 0.00101508 1.66304e-05 0.00103171 0.000998447
117.4 0.00101496 1.66096e-05 0.00103157 0.00099835
117.5 0.00101605 1.65992e-05 0.00103265 0.000999451
117.6 0.00101478 1.65785e-05 0.00103136 0.0009982
117.7 0.00101586 1.65681e-05 0.00103243 0.000999296
117.8 0.00101637 1.65577e-05 0.00103293 0.000999817
117.9 0.00101574 1.65473e-05 0.00103228 0.00099919
118 0.00101624 1.65369e-05 0.00103278 0.000999708
118.1 0.00101503 1.65265e-05 0.00103156 0.000998508
118.2 0.00101497 1.65161e-05 0.00103148 0.000998452
118.3 0.00101668 1.65161e-05 0.0010332 0.00100017
118.4 0.00101547 1.65057e-05 0.00103198 0.000998968
118.5 0.00101598 1.64954e-05 0.00103247 0.000999482
118.6 0.00101648 1.6485e-05 0.00103296 0.000999995
118.7 0.00101474 1.64845e-05 0.00103122 0.000998251
118.8 0.00101588 1.64845e-05 0.00103236 0.000999393
118.9 0.00101581 1.64741e-05 0.00103228 0.000999334
119 0.00101517 1.64637e-05 0.00103163 0.000998704
119.1 0.00101567 1.64533e-05 0.00103212 0.000999214
119.2 0.00101503 1.64429e-05 0.00103147 0.000998583
119.3 0.00101545 1.64221e-05 0.00103187 0.000999028
119.4 0.00101708 1.64118e-05 0.00103349 0.00100067
119.5 0.00101572 1.63806e-05 0.0010321 0.000999337
119.6 0.0010167 1.63598e-05 0.00103306 0.00100034
119.7 0.00101718 1.63494e-05 0.00103353 0.00100083
119.8 0.00101589 1.63287e-05 0.00103222 0.000999563
119.9 0.00101694 1.63183e-05 0.00103326 0.00100062
120 0.00101629 1.63079e-05 0.0010326 0.000999986
120.1 0.00101734 1.62975e-05 0.00103364 0.00100104
120.2 0.00101773 1.62767e-05 0.00103401 0.00100146
120.3 0.00101709 1.62663e-05 0.00103335 0.00100082
120.4 0.00101804 1.62456e-05 0.00103428 0.00100179
120.5 0.00101842 1.62248e-05 0.00103465 0.0010022
120.6 0.00101824 1.6204e-05 0.00103444 0.00100204
120.7 0.00101852 1.61728e-05 0.0010347 0.00100235
120.8 0.00101712 1.61417e-05 0.00103326 0.00100098
120.9 0.00101749 1.61209e-05 0.00103361 0.00100137
121 0.00101729 1.61001e-05 0.00103339 0.00100119
121.1 0.00101608 1.60898e-05 0.00103217 0.000999987
121.2 0.00101709 1.60794e-05 0.00103317 0.00100101
121.3 0.00101689 1.60586e-05 0.00103295 0.00100083
121.4 0.00101679 1.60482e-05 0.00103284 0.00100074
121.5 0.00101724 1.60378e-05 0.00103328 0.0010012
121.6 0.00101658 1.60274e-05 0.00103261 0.00100056
121.7 0.00101648 1.6017e-05 0.0010325 0.00100046
121.8 0.00101748 1.60067e-05 0.00103349 0.00100148
121.9 0.00101693 1.60067e-05 0.00103294 0.00100092
122 0.00101793 1.59963e-05 0.00103393 0.00100193
122.1 0.00101893 1.59859e-05 0.00103492 0.00100295
122.2 0.00101827 1.59755e-05 0.00103424 0.00100229
122.3 0.00101927 1.59651e-05 0.00103523 0.0010033
122.4 0.00101805 1.59547e-05 0.00103401 0.0010021
122.5 0.00101916 1.59547e-05 0.00103511 0.0010032
122.6 0.0010196 1.59443e-05 0.00103554 0.00100365
122.7 0.00101849 1.59443e-05 0.00103444 0.00100255
122.8 0.00101948 1.59339e-05 0.00103542 0.00100355
122.9 0.00101992 1.59236e-05 0.00103585 0.001004
123 0.00101926 1.59132e-05 0.00103517 0.00100334
123.1 0.0010208 1.59028e-05 0.0010367 0.00100489
123.2 0.00102001 1.5882e-05 0.00103589 0.00100413
123.3 0.00102001 1.5882e-05 0.00103589 0.00100413
123.4 0.00102155 1.58716e-05 0.00103742 0.00100567
123.5 0.00102021 1.58508e-05 0.00103606 0.00100436
123.6 0.00102106 1.58301e-05 0.00103689 0.00100523
123.7 0.00102204 1.58197e-05 0.00103786 0.00100622
123.8 0.0010207 1.57989e-05 0.0010365 0.0010049
123.9 0.00102167 1.57885e-05 0.00103745 0.00100588
124 0.00102087 1.57677e-05 0.00103664 0.0010051
124.1 0.00102007 1.5747e-05 0.00103582 0.00100432
124.2 0.00102103 1.57366e-05 0.00103677 0.00100529
124.3 0.00101981 1.57262e-05 0.00103554 0.00100409
124.4 0.00102077 1.57158e-05 0.00103649 0.00100506
124.5 0.00102119 1.57054e-05 0.00103689 0.00100548
124.6 0.0010201 1.57054e-05 0.0010358 0.00100439
124.7 0.00102051 1.5695e-05 0.0010362 0.00100481
124.8 0.0010216 1.5695e-05 0.00103729 0.0010059
124.9 0.00102079 1.56743e-05 0.00103646 0.00100511
125 0.00102174 1.56639e-05 0.0010374 0.00100608
125.1 0.00102038 1.56431e-05 0.00103603 0.00100474
125.2 0.00102187 1.56327e-05 0.00103751 0.00100624
125.3 0.00102214 1.56119e-05 0.00103775 0.00100653
125.4 0.00102146 1.56016e-05 0.00103706 0.00100586
125.5 0.00102226 1.55808e-05 0.00103784 0.00100668
125.6 0.00102265 1.55704e-05 0.00103822 0.00100708
125.7 0.00102183 1.55496e-05 0.00103738 0.00100628
125.8 0.00102384 1.55392e-05 0.00103938 0.0010083
125.9 0.00102301 1.55185e-05 0.00103852 0.00100749
126 0.00102363 1.54873e-05 0.00103912 0.00100815
126.1 0.00102494 1.54665e-05 0.00104041 0.00100947
126.2 0.00102356 1.54457e-05 0.00103901 0.00100812
126.3 0.00102501 1.54354e-05 0.00104045 0.00100958
126.4 0.00102539 1.5425e-05 0.00104082 0.00100997
126.5 0.00102454 1.54042e-05 0.00103995 0.00100914
126.6 0.00102508 1.54042e-05 0.00104048 0.00100967
126.7 0.00102492 1.53938e-05 0.00104031 0.00100953
126.8 0.00102476 1.53834e-05 0.00104014 0.00100938
126.9 0.00102391 1.53626e-05 0.00103927 0.00100855
127 0.00102497 1.53626e-05 0.00104034 0.00100961
127.1 0.00102428 1.53523e-05 0.00103963 0.00100893
127.2 0.00102199 1.53419e-05 0.00103734 0.00100665
127.3 0.00102253 1.53419e-05 0.00103787 0.00100718
127.4 0.00102399 1.5332e-05 0.00103932 0.00100866
127.5 0.00102383 1.53216e-05 0.00103915 0.0010085
127.6 0.00102472 1.53112e-05 0.00104003 0.00100941
127.7 0.00102492 1.52904e-05 0.00104021 0.00100963
127.8 0.00102422 1.528e-05 0.0010395 0.00100894
127.9 0.00102512 1.52696e-05 0.00104039 0.00100985
128 0.00102653 1.52592e-05 0.00104179 0.00101127
128.1 0.00102531 1.52489e-05 0.00104055 0.00101006
128.2 0.00102672 1.52385e-05 0.00104196 0.00101148
128.3 0.00102585 1.52177e-05 0.00104106 0.00101063
128.4 0.0010255 1.51969e-05 0.0010407 0.0010103
128.5 0.0010269 1.51865e-05 0.00104209 0.00101172
128.6 0.0010262 1.51761e-05 0.00104138 0.00101102
128.7 0.00102742 1.51554e-05 0.00104257 0.00101226
128.8 0.00102758 1.51346e-05 0.00104272 0.00101245
128.9 0.0010267 1.51138e-05 0.00104181 0.00101158
129 0.00102756 1.51034e-05 0.00104266 0.00101246
129.1 0.00102738 1.5093e-05 0.00104247 0.00101228
129.2 0.00102701 1.50723e-05 0.00104208 0.00101193
129.3 0.0010279 1.50623e-05 0.00104296 0.00101283
129.4 0.00102596 1.50416e-05 0.001041 0.00101092
129.5 0.00102629 1.50312e-05 0.00104132 0.00101126
129.6 0.00102714 1.50208e-05 0.00104216 0.00101212
129.7 0.00102591 1.50104e-05 0.00104092 0.0010109
129.8 0.00102676 1.5e-05 0.00104176 0.00101176
129.9 0.00102709 1.49896e-05 0.00104208 0.0010121
130 0.00102689 1.49792e-05 0.00104187 0.00101192
130.1 0.00102774 1.49688e-05 0.00104271 0.00101277
130.2 0.00102651 1.49585e-05 0.00104147 0.00101155
130.3 0.00102858 1.49585e-05 0.00104354 0.00101362
130.4 0.00102819 1.49377e-05 0.00104312 0.00101325
130.5 0.00102819 1.49377e-05 0.00104312 0.00101325
130.6 0.00102902 1.49273e-05 0.00104395 0.0010141
130.7 0.00102882 1.49169e-05 0.00104374 0.00101391
130.8 0.00102862 1.49065e-05 0.00104353 0.00101372
130.9 0.00102894 1.48961e-05 0.00104383 0.00101404
131 0.00102822 1.48857e-05 0.00104311 0.00101333
131.1 0.0010298 1.48862e-05 0.00104469 0.00101491
131.2 0.00103011 1.48758e-05 0.00104499 0.00101524
