Test Chi Quadro Andamento sensibilità_____________________________________________
   x       y       y*      sy      Chi     
1  27.17   0.60    0.60    0.02    0.00    
2  46.97   0.74    0.74    0.02    0.00    
3  99.80   0.87    0.88    0.03    0.00    
4  220.21  0.93    0.93    0.03    0.00    
5  329.66  0.92    0.92    0.03    0.00    
6  389.51  0.91    0.91    0.03    0.01    
7  470.38  0.89    0.89    0.03    0.00    
8  560.44  0.87    0.87    0.03    0.01    
9  680.25  0.84    0.84    0.03    0.00    
10 746.67  0.82    0.82    0.02    0.01    
11 1004.30 0.77    0.76    0.02    0.00    
12 1212.40 0.73    0.72    0.02    0.03    
13 1497.80 0.67    0.67    0.02    0.00    
14 1799.40 0.62    0.62    0.02    0.00    
15 2200.90 0.57    0.57    0.02    0.01    
Chi Quadro = 0.07
Gradi Libertà = 11
Chi Quadro Ridotto = 0.01

