Test residui Andamento sensibilità_____________________________________________
   x       y       y*      res     s_res   
1  27.17   0.60    0.60    -0.00   0.00    
2  46.97   0.74    0.74    0.00    0.00    
3  99.80   0.87    0.88    -0.00   0.00    
4  220.21  0.93    0.93    0.00    0.00    
5  329.66  0.92    0.92    -0.00   0.00    
6  389.51  0.91    0.91    -0.00   0.00    
7  470.38  0.89    0.89    0.00    0.00    
8  560.44  0.87    0.87    0.00    0.00    
9  680.25  0.84    0.84    -0.00   0.00    
10 746.67  0.82    0.82    -0.00   0.00    
11 1004.30 0.77    0.76    0.00    0.00    
12 1212.40 0.73    0.72    0.00    0.00    
13 1497.80 0.67    0.67    -0.00   0.00    
14 1799.40 0.62    0.62    -0.00   0.00    
15 2200.90 0.57    0.57    -0.00   0.00    

Somma residui = 0.02
