Test Chi Quadro Sfasamento Linearizzato_____________________________________________
   x       y       y*      sy      Chi     
1  1000.00 0.19    0.17    0.23    0.01    
2  2000.00 0.40    0.34    0.51    0.01    
3  3000.00 0.63    0.51    0.93    0.02    
4  4000.00 0.94    0.68    1.67    0.02    
5  6000.00 2.13    1.02    7.35    0.02    
6  10000.001.58    1.71    0.77    0.03    
7  12000.002.13    2.05    1.47    0.00    
8  20000.005.24    3.42    12.65   0.02    
9  25000.006.31    4.27    22.69   0.01    
10 30000.003.89    5.13    10.78   0.01    
11 800.00  0.10    0.13    0.36    0.01    
12 600.00  0.15    0.10    0.27    0.04    
13 400.00  0.05    0.06    0.18    0.01    
14 200.00  0.03    0.03    0.09    0.00    
15 150.00  0.02    0.02    0.07    0.00    
16 100.00  0.01    0.01    0.04    0.00    
Chi Quadro = 0.22
Gradi Libertà = 14
Chi Quadro Ridotto = 0.02

