Test residui tan(Phi)_____________________________________________
   x       y       y*      res     s_res   
1  1000.00 0.19    0.17    0.02    0.23    
2  2000.00 0.40    0.34    0.06    0.51    
3  3000.00 0.63    0.51    0.13    0.93    
4  4000.00 0.94    0.68    0.26    1.67    
5  5000.00 0.73    0.85    -0.12   1.70    
6  6000.00 2.13    1.02    1.11    7.35    
7  7000.00 1.21    1.19    0.02    3.83    
8  8000.00 1.58    1.36    0.22    6.19    
9  10000.001.58    1.70    -0.13   0.77    
10 12000.002.13    2.04    0.08    1.47    
11 20000.005.24    3.41    1.84    12.65   
12 25000.006.31    4.26    2.05    22.69   
13 30000.003.89    5.11    -1.22   10.78   
14 800.00  0.10    0.13    -0.03   0.36    
15 600.00  0.15    0.10    0.05    0.27    
16 400.00  0.05    0.06    -0.01   0.18    
17 200.00  0.03    0.03    -0.00   0.09    
18 150.00  0.02    0.02    -0.00   0.07    
19 100.00  0.01    0.01    0.00    0.04    

Somma residui = 7.36
