2.592 9.01 15.33
2.578 9.02 15.33
2.575 9.02 15.33
2.573 9.04 15.33
2.570 9.05 15.33
2.565 9.06 15.33
2.561 9.11 15.33
2.560 9.13 15.33
2.559 9.11 15.33
2.557 9.12 15.33
2.556 9.12 15.33
2.555 9.11 15.33
2.554 9.14 15.33
2.552 9.11 15.33
2.551 9.12 15.33
2.550 9.16 15.33
2.548 9.13 15.33
2.546 9.16 15.33
2.545 9.14 15.33
2.544 9.13 15.33
2.543 9.17 15.33
2.542 9.16 15.33
2.540 9.18 15.33
2.537 9.17 15.33
2.535 9.16 15.33
2.534 9.20 15.33
2.534 9.21 15.33
2.534 9.17 15.33
2.534 9.19 15.33
2.534 9.18 15.33
2.531 9.20 15.33
2.528 9.24 15.33
2.528 9.18 15.33
2.528 9.21 15.33
2.528 9.23 15.33
2.527 9.18 15.33
2.520 9.22 15.33
2.514 9.23 15.33
2.510 9.27 15.33
2.507 9.26 15.33
2.504 9.25 15.33
2.502 9.28 15.33
2.500 9.31 15.33
2.499 9.30 15.33
2.497 9.32 15.33
2.495 9.35 15.33
2.494 9.32 15.33
2.492 9.36 15.33
2.490 9.37 15.33
2.489 9.36 15.33
2.489 9.37 15.33
2.489 9.37 15.33
2.488 9.38 15.33
2.486 9.41 15.33
2.485 9.36 15.33
2.483 9.39 15.33
2.482 9.38 15.33
2.481 9.39 15.33
2.481 9.42 15.33
2.478 9.38 15.33
2.478 9.37 15.33
2.478 9.39 15.33
2.478 9.34 15.33
2.478 9.39 15.33
2.477 9.38 15.33
2.477 9.43 15.33
2.475 9.38 15.33
2.474 9.39 15.33
2.473 9.43 15.33
2.471 9.43 15.33
2.470 9.46 15.33
2.468 9.52 15.33
2.467 9.49 15.33
2.465 9.42 15.33
2.464 9.49 15.33
2.462 9.49 15.33
2.458 9.55 15.33
2.454 9.53 15.33
2.448 9.59 15.33
2.444 9.66 15.33
2.441 9.66 15.33
2.439 9.65 15.33
2.436 9.59 15.33
2.434 9.58 15.33
2.431 9.54 15.33
2.430 9.72 15.33
2.428 9.67 15.33
2.425 9.55 15.33
2.421 9.55 15.33
2.416 9.67 15.33
2.410 9.73 15.33
2.404 9.75 15.33
2.400 9.63 15.33
2.397 9.65 15.33
2.395 9.64 15.33
2.393 9.75 15.33
2.392 9.76 15.33
2.390 9.74 15.33
2.389 9.81 15.33
2.386 9.87 15.33
2.381 9.90 15.33
2.378 9.89 15.33
2.376 9.82 15.33
2.375 9.78 15.33
2.374 9.83 15.33
2.372 9.84 15.33
2.373 9.84 15.33
2.372 9.85 15.33
2.368 9.86 15.33
2.363 9.92 15.33
2.358 9.91 15.33
2.353 9.93 15.33
2.347 10.02 15.33
2.340 9.95 15.33
2.335 10.02 15.33
2.330 10.06 15.33
2.329 10.08 15.33
2.329 10.07 15.33
2.328 10.07 15.33
2.326 10.04 15.33
2.325 10.00 15.33
2.322 10.07 15.33
2.321 10.06 15.33
2.320 10.10 15.33
2.318 10.08 15.33
2.318 10.05 15.33
2.317 10.06 15.33
2.315 10.07 15.33
2.313 10.16 15.33
2.311 10.07 15.33
2.307 10.12 15.33
2.305 10.20 15.33
2.305 10.17 15.33
2.304 10.16 15.33
2.303 10.22 15.33
2.300 10.16 15.33
2.299 10.18 15.33
2.297 10.22 15.33
2.296 10.28 15.33
2.295 10.28 15.33
2.295 10.25 15.33
2.294 10.15 15.33
2.294 10.31 15.33
2.293 10.34 15.33
2.291 10.23 15.33
2.290 10.34 15.33
2.289 10.19 15.33
2.287 10.32 15.33
2.286 10.25 15.33
2.286 10.24 15.33
2.285 10.37 15.33
2.284 10.25 15.33
2.284 10.35 15.33
2.283 10.27 15.33
2.283 10.24 15.33
2.283 10.40 15.33
2.283 10.28 15.33
2.283 10.18 15.33
2.283 10.24 15.33
2.283 10.38 15.33
2.282 10.39 15.33
2.281 10.33 15.33
2.280 10.30 15.33
2.279 10.26 15.33
2.279 10.27 15.33
2.277 10.31 15.33
2.276 10.36 15.33
2.276 10.36 15.33
2.274 10.38 15.33
2.266 10.45 15.33
2.258 10.48 15.33
2.253 10.53 15.33
2.250 10.38 15.33
2.248 10.49 15.33
2.247 10.48 15.34
2.245 10.44 15.33
2.243 10.58 15.33
2.241 10.42 15.33
2.239 10.44 15.33
2.238 10.59 15.34
2.237 10.48 15.33
2.236 10.49 15.34
2.234 10.41 15.34
2.231 10.51 15.34
2.229 10.61 15.33
2.227 10.47 15.34
2.226 10.60 15.34
2.223 10.54 15.34
2.222 10.65 15.34
2.222 10.57 15.34
2.222 10.65 15.34
2.222 10.59 15.34
2.221 10.62 15.34
2.218 10.64 15.34
2.215 10.69 15.34
2.211 10.66 15.34
2.207 10.62 15.34
2.204 10.54 15.34
2.202 10.60 15.34
2.200 10.67 15.34
2.198 10.63 15.34
2.196 10.66 15.34
2.194 10.69 15.34
2.193 10.67 15.34
2.191 10.72 15.34
2.190 10.71 15.34
2.190 10.71 15.34
2.189 10.72 15.34
2.189 10.69 15.34
2.189 10.71 15.34
2.189 10.72 15.34
2.186 10.70 15.34
2.183 10.73 15.34
2.183 10.76 15.34
2.183 10.74 15.34
2.181 10.75 15.34
2.178 10.78 15.34
2.175 10.77 15.34
2.172 10.83 15.34
2.171 10.78 15.34
2.169 10.82 15.34
2.167 10.86 15.34
2.164 10.84 15.34
2.160 10.90 15.34
2.157 10.90 15.34
2.154 10.87 15.34
2.152 10.93 15.34
2.151 10.89 15.34
2.149 10.94 15.34
2.149 10.94 15.34
2.147 10.90 15.34
2.146 10.93 15.34
2.142 10.95 15.34
2.139 10.95 15.34
2.137 10.99 15.34
2.135 10.97 15.34
2.134 10.97 15.34
2.132 11.01 15.34
2.130 10.98 15.34
2.130 11.03 15.34
2.131 11.07 15.34
2.131 11.00 15.34
2.131 11.05 15.34
2.131 11.03 15.34
2.131 11.00 15.34
2.131 11.07 15.34
2.131 11.03 15.34
2.132 11.06 15.34
2.132 11.08 15.34
2.132 11.01 15.34
2.130 11.05 15.34
2.129 11.09 15.34
2.127 11.03 15.34
2.126 11.06 15.34
2.123 11.09 15.34
2.120 11.21 15.34
2.118 11.25 15.34
2.118 10.99 15.34
2.117 11.07 15.34
2.116 11.20 15.34
2.115 11.14 15.34
2.114 11.16 15.34
2.113 11.19 15.34
2.110 11.18 15.34
2.106 11.11 15.34
2.105 11.21 15.34
2.103 11.35 15.34
2.102 11.22 15.34
2.102 11.17 15.34
2.101 11.20 15.34
2.099 11.27 15.34
2.098 11.26 15.34
2.096 11.26 15.34
2.093 11.25 15.34
2.092 11.30 15.34
2.091 11.30 15.34
2.088 11.29 15.34
2.087 11.36 15.34
2.085 11.37 15.34
2.086 11.30 15.34
2.086 11.32 15.34
2.086 11.30 15.34
2.086 11.29 15.34
2.085 11.40 15.34
2.080 11.39 15.34
2.077 11.44 15.34
2.075 11.45 15.34
2.074 11.47 15.34
2.073 11.40 15.34
2.071 11.34 15.34
2.069 11.39 15.34
2.067 11.40 15.34
2.067 11.40 15.34
2.067 11.48 15.34
2.066 11.49 15.34
2.061 11.50 15.34
2.059 11.41 15.34
2.058 11.55 15.34
2.057 11.52 15.34
2.055 11.56 15.34
2.053 11.50 15.34
2.051 11.54 15.34
2.049 11.57 15.34
2.047 11.64 15.34
2.046 11.65 15.34
2.043 11.60 15.34
2.041 11.55 15.34
2.039 11.64 15.34
2.037 11.64 15.34
2.036 11.58 15.34
2.035 11.61 15.34
2.035 11.75 15.34
2.033 11.69 15.34
2.032 11.68 15.34
2.030 11.64 15.34
2.027 11.69 15.34
2.024 11.72 15.34
2.022 11.71 15.34
2.022 11.75 15.34
2.021 11.77 15.34
2.018 11.73 15.34
2.015 11.81 15.34
2.013 11.79 15.34
2.010 11.77 15.34
2.006 11.85 15.34
2.004 11.85 15.34
2.001 11.90 15.34
1.999 11.92 15.34
1.997 11.83 15.34
1.996 11.86 15.34
1.996 11.90 15.34
1.995 11.88 15.34
1.994 11.94 15.34
1.992 11.87 15.34
1.992 11.94 15.34
1.991 11.93 15.34
1.987 11.89 15.34
1.984 11.95 15.34
1.983 11.97 15.34
1.982 11.97 15.34
1.982 12.00 15.34
1.982 11.93 15.34
1.983 11.98 15.34
1.983 12.02 15.34
1.981 12.00 15.34
1.979 12.02 15.34
1.977 12.04 15.34
1.976 11.99 15.34
1.975 12.03 15.34
1.974 12.02 15.34
1.973 12.01 15.34
1.973 12.11 15.34
1.971 12.04 15.34
1.970 12.07 15.34
1.969 12.11 15.34
1.967 12.04 15.34
1.966 12.10 15.34
1.965 12.11 15.34
1.965 12.08 15.34
1.964 12.11 15.34
1.963 12.10 15.34
1.962 12.13 15.34
1.962 12.15 15.34
1.962 12.10 15.34
1.960 12.17 15.34
1.957 12.17 15.34
1.955 12.25 15.34
1.953 12.09 15.34
1.952 12.25 15.34
1.949 12.27 15.34
1.946 12.25 15.34
1.944 12.18 15.34
1.942 12.26 15.34
1.941 12.26 15.34
1.940 12.28 15.34
1.939 12.38 15.34
1.937 12.35 15.34
1.936 12.34 15.34
1.935 12.30 15.34
1.934 12.26 15.34
1.933 12.33 15.34
1.932 12.37 15.34
1.932 12.30 15.34
1.930 12.38 15.34
1.930 12.27 15.34
1.930 12.37 15.34
1.930 12.35 15.34
1.930 12.31 15.34
1.930 12.32 15.34
1.930 12.35 15.34
1.928 12.30 15.34
1.927 12.34 15.34
1.927 12.38 15.34
1.927 12.34 15.34
1.926 12.40 15.34
1.925 12.39 15.34
1.923 12.31 15.34
1.921 12.40 15.34
1.921 12.34 15.34
1.920 12.34 15.34
1.918 12.42 15.34
1.915 12.41 15.34
1.914 12.44 15.34
1.913 12.45 15.34
1.912 12.37 15.34
1.912 12.50 15.34
1.912 12.54 15.34
1.911 12.53 15.34
1.911 12.55 15.34
1.910 12.54 15.34
1.909 12.59 15.34
1.908 12.56 15.34
1.907 12.59 15.34
1.906 12.56 15.34
1.906 12.47 15.34
1.905 12.51 15.34
1.904 12.57 15.34
1.903 12.54 15.34
1.903 12.54 15.34
1.902 12.58 15.34
1.901 12.50 15.34
1.900 12.56 15.34
1.900 12.59 15.34
1.899 12.52 15.34
1.899 12.59 15.34
1.898 12.57 15.34
1.897 12.58 15.34
1.894 12.59 15.34
1.894 12.56 15.34
1.894 12.62 15.34
1.893 12.59 15.34
1.893 12.61 15.34
1.893 12.63 15.34
1.893 12.58 15.34
1.893 12.63 15.34
1.893 12.62 15.34
1.893 12.60 15.34
1.893 12.62 15.34
1.893 12.66 15.34
1.892 12.59 15.34
1.892 12.58 15.34
1.891 12.68 15.34
1.891 12.71 15.34
1.891 12.72 15.34
1.890 12.66 15.34
1.890 12.66 15.34
1.890 12.69 15.34
1.889 12.61 15.34
1.887 12.61 15.34
1.884 12.65 15.34
1.882 12.73 15.34
1.880 12.74 15.34
1.878 12.74 15.34
1.877 12.70 15.34
1.876 12.71 15.34
1.875 12.73 15.34
1.873 12.78 15.34
1.872 12.74 15.34
1.871 12.67 15.34
1.870 12.78 15.34
1.869 12.78 15.34
1.869 12.72 15.34
1.868 12.76 15.34
1.867 12.83 15.34
1.866 12.84 15.34
1.865 12.86 15.34
1.864 12.80 15.34
1.862 12.87 15.34
1.860 12.90 15.34
1.858 12.88 15.34
1.856 12.93 15.34
1.855 12.91 15.34
1.854 12.93 15.34
1.853 12.97 15.34
1.852 12.94 15.34
1.851 12.96 15.34
1.851 12.99 15.34
1.850 12.94 15.34
1.849 13.00 15.34
1.849 13.00 15.34
1.848 13.00 15.34
1.847 13.02 15.34
1.847 12.98 15.34
1.846 13.01 15.34
1.845 13.06 15.34
1.844 13.02 15.34
1.843 13.04 15.34
1.842 13.07 15.34
1.840 13.04 15.34
1.840 13.07 15.34
1.839 13.07 15.34
1.838 13.08 15.34
1.837 13.12 15.34
1.835 13.09 15.34
1.833 13.13 15.34
1.832 13.16 15.34
1.832 13.12 15.34
1.830 13.17 15.34
1.829 13.17 15.34
1.827 13.17 15.34
1.826 13.22 15.34
1.824 13.21 15.34
1.823 13.21 15.34
1.822 13.24 15.34
1.821 13.21 15.34
1.820 13.25 15.34
1.818 13.26 15.34
1.817 13.26 15.34
1.816 13.28 15.34
1.816 13.24 15.34
1.815 13.22 15.34
1.815 13.24 15.34
1.814 13.26 15.34
1.813 13.27 15.34
1.812 13.27 15.34
1.812 13.29 15.34
1.812 13.30 15.34
1.812 13.26 15.34
1.811 13.27 15.34
1.810 13.30 15.34
1.809 13.30 15.34
1.807 13.27 15.34
1.804 13.23 15.34
1.803 13.20 15.34
1.802 13.23 15.34
1.801 13.31 15.34
1.799 13.27 15.34
1.797 13.29 15.34
1.795 13.33 15.34
1.794 13.33 15.34
1.793 13.36 15.34
1.793 13.33 15.34
1.792 13.32 15.34
1.791 13.33 15.34
1.791 13.32 15.34
1.790 13.35 15.34
1.789 13.36 15.34
1.789 13.39 15.34
1.788 13.44 15.34
1.787 13.40 15.34
1.786 13.37 15.34
1.785 13.47 15.34
1.784 13.39 15.34
1.783 13.41 15.34
1.783 13.44 15.34
1.782 13.43 15.34
1.781 13.48 15.34
1.780 13.48 15.34
1.780 13.47 15.34
1.779 13.50 15.34
1.778 13.47 15.34
1.777 13.48 15.34
1.777 13.54 15.34
1.775 13.46 15.34
1.772 13.54 15.34
1.770 13.60 15.34
1.768 13.56 15.34
1.766 13.64 15.34
1.765 13.59 15.34
1.764 13.64 15.34
1.762 13.64 15.34
1.761 13.60 15.34
1.760 13.59 15.34
1.759 13.64 15.34
1.758 13.62 15.34
1.757 13.66 15.34
1.757 13.68 15.34
1.755 13.68 15.34
1.754 13.72 15.34
1.753 13.64 15.34
1.752 13.66 15.34
1.751 13.69 15.34
1.749 13.66 15.34
1.747 13.72 15.34
1.746 13.74 15.34
1.746 13.70 15.34
1.745 13.72 15.34
1.743 13.73 15.34
1.742 13.76 15.34
1.741 13.80 15.34
1.739 13.76 15.34
1.738 13.80 15.34
1.737 13.80 15.34
1.736 13.78 15.34
1.736 13.83 15.34
1.735 13.83 15.34
1.734 13.77 15.34
1.734 13.87 15.34
1.733 13.84 15.34
1.733 13.84 15.34
1.732 13.88 15.34
1.730 13.85 15.34
1.730 13.90 15.34
1.729 13.93 15.34
1.728 13.96 15.34
1.727 13.89 15.34
1.726 13.92 15.34
1.725 14.05 15.34
1.724 13.97 15.34
1.724 14.04 15.34
1.722 14.00 15.34
1.721 14.03 15.34
1.721 14.00 15.34
1.719 14.02 15.34
1.717 13.95 15.34
1.712 14.14 15.34
1.711 14.03 15.34
1.708 14.10 15.34
1.707 14.03 15.34
1.705 14.14 15.34
1.704 14.12 15.34
1.703 14.13 15.34
1.703 14.17 15.34
1.702 14.09 15.34
1.700 14.14 15.34
1.699 14.16 15.34
1.698 14.11 15.34
1.698 14.18 15.34
1.697 14.20 15.34
1.695 14.20 15.34
1.691 14.23 15.34
1.688 14.24 15.34
1.686 14.28 15.34
1.685 14.30 15.34
1.684 14.31 15.34
1.683 14.30 15.34
1.677 14.33 15.34
1.676 14.33 15.34
1.676 14.38 15.34
1.674 14.41 15.34
1.674 14.35 15.34
1.674 14.42 15.34
1.673 14.46 15.34
1.672 14.38 15.34
1.672 14.45 15.34
1.670 14.47 15.34
1.667 14.50 15.34
1.665 14.58 15.34
1.663 14.57 15.34
1.662 14.60 15.34
1.660 14.65 15.34
1.659 14.63 15.34
1.657 14.65 15.34
1.655 14.69 15.34
1.652 14.69 15.34
1.651 14.72 15.34
1.650 14.72 15.34
1.650 14.71 15.34
1.648 14.75 15.34
1.645 14.74 15.34
1.643 14.77 15.34
1.641 14.84 15.34
1.640 14.81 15.34
1.638 14.86 15.34
1.637 14.86 15.34
1.635 14.87 15.34
1.634 14.94 15.34
1.632 14.94 15.34
1.630 14.96 15.34
1.629 15.02 15.34
1.628 14.99 15.34
1.628 15.03 15.34
1.628 15.05 15.34
1.628 15.00 15.34
1.627 15.07 15.34
1.627 15.07 15.34
1.625 15.08 15.34
1.623 15.14 15.34
1.620 15.16 15.34
1.617 15.22 15.34
1.614 15.28 15.34
1.611 15.28 15.34
1.608 15.35 15.34
1.606 15.38 15.34
1.603 15.40 15.34
1.600 15.47 15.34
1.597 15.48 15.34
1.595 15.50 15.34
1.592 15.56 15.34
1.591 15.56 15.34
1.590 15.58 15.34
1.589 15.59 15.34
1.588 15.62 15.34
1.587 15.65 15.34
1.586 15.66 15.34
1.586 15.66 15.34
1.585 15.68 15.34
1.584 15.69 15.34
1.583 15.71 15.34
1.582 15.74 15.34
1.581 15.73 15.34
1.580 15.76 15.34
1.580 15.77 15.34
1.579 15.78 15.34
1.579 15.79 15.34
1.578 15.79 15.34
1.577 15.81 15.34
1.576 15.82 15.34
1.575 15.83 15.34
1.576 15.83 15.34
1.576 15.84 15.34
1.575 15.85 15.34
1.574 15.87 15.34
1.573 15.87 15.34
1.572 15.89 15.34
1.571 15.91 15.34
1.570 15.91 15.34
1.569 15.92 15.34
1.568 15.95 15.34
1.567 15.95 15.34
1.565 15.97 15.34
1.564 15.98 15.34
1.563 15.99 15.34
1.562 16.01 15.34
1.561 16.01 15.34
1.560 16.02 15.34
1.560 16.03 15.34
1.560 16.02 15.34
1.560 16.03 15.34
1.559 16.04 15.34
1.558 16.03 15.34
1.557 16.05 15.34
1.555 16.05 15.34
1.553 16.06 15.34
1.552 16.08 15.34
1.551 16.09 15.34
1.551 16.09 15.34
1.550 16.11 15.34
1.550 16.11 15.34
1.549 16.11 15.34
1.548 16.12 15.34
1.548 16.13 15.34
1.547 16.14 15.34
1.546 16.12 15.34
1.545 16.14 15.34
1.545 16.17 15.34
1.544 16.16 15.34
1.544 16.18 15.34
1.543 16.19 15.34
1.543 16.18 15.34
1.542 16.20 15.34
1.541 16.21 15.34
1.541 16.22 15.34
1.540 16.24 15.34
1.539 16.24 15.34
1.539 16.24 15.34
1.539 16.26 15.34
1.538 16.25 15.34
1.538 16.26 15.34
1.538 16.26 15.34
1.538 16.25 15.34
1.537 16.26 15.34
1.537 16.27 15.34
1.537 16.27 15.34
1.536 16.28 15.34
1.536 16.28 15.34
1.534 16.32 15.34
1.533 16.33 15.34
1.533 16.32 15.34
1.533 16.33 15.34
1.532 16.35 15.34
1.532 16.34 15.34
1.532 16.35 15.34
1.531 16.35 15.34
1.531 16.36 15.34
1.530 16.37 15.34
1.530 16.36 15.34
1.529 16.38 15.34
1.529 16.39 15.34
1.528 16.39 15.34
1.526 16.41 15.34
1.525 16.43 15.34
1.524 16.43 15.34
1.523 16.45 15.34
1.522 16.44 15.34
1.522 16.46 15.34
1.521 16.47 15.34
1.520 16.47 15.34
1.519 16.48 15.34
1.518 16.49 15.34
1.518 16.48 15.34
1.517 16.49 15.34
1.517 16.49 15.34
1.515 16.50 15.34
1.514 16.51 15.34
1.511 16.52 15.34
1.509 16.54 15.34
1.509 16.55 15.34
1.509 16.55 15.34
1.508 16.56 15.34
1.506 16.58 15.34
1.505 16.59 15.34
1.504 16.61 15.34
1.503 16.61 15.34
1.502 16.63 15.34
1.502 16.65 15.34
1.501 16.65 15.34
1.501 16.66 15.34
1.500 16.67 15.34
1.500 16.67 15.34
1.499 16.69 15.34
1.499 16.69 15.34
1.498 16.69 15.34
1.498 16.71 15.34
1.497 16.71 15.34
1.496 16.73 15.34
1.496 16.74 15.34
1.494 16.75 15.34
1.493 16.78 15.34
1.492 16.79 15.34
1.491 16.80 15.34
1.491 16.82 15.34
1.490 16.82 15.34
1.490 16.82 15.34
1.490 16.83 15.34
1.490 16.82 15.34
1.490 16.83 15.34
1.490 16.84 15.34
1.490 16.83 15.34
1.490 16.84 15.34
1.489 16.84 15.34
1.489 16.84 15.34
1.489 16.85 15.34
1.488 16.85 15.34
1.487 16.87 15.34
1.486 16.88 15.34
1.484 16.89 15.34
1.483 16.91 15.34
1.482 16.93 15.34
1.481 16.93 15.34
1.480 16.95 15.34
1.479 16.95 15.34
1.477 16.96 15.34
1.476 16.97 15.34
1.476 16.98 15.34
1.475 16.99 15.34
1.473 17.00 15.34
1.471 17.02 15.34
1.470 17.04 15.34
1.469 17.05 15.34
1.468 17.06 15.34
1.466 17.07 15.34
1.464 17.06 15.34
1.463 17.10 15.34
1.462 17.13 15.34
1.461 17.14 15.34
1.461 17.15 15.34
1.461 17.16 15.34
1.461 17.15 15.34
1.461 17.17 15.34
1.460 17.17 15.34
1.459 17.18 15.34
1.459 17.20 15.34
1.458 17.19 15.34
1.457 17.21 15.34
1.456 17.23 15.34
1.455 17.22 15.34
1.454 17.24 15.34
1.454 17.24 15.34
1.454 17.26 15.34
1.452 17.28 15.34
1.451 17.29 15.34
1.449 17.31 15.34
1.448 17.34 15.34
1.447 17.34 15.34
1.446 17.36 15.34
1.445 17.38 15.34
1.444 17.38 15.34
1.443 17.40 15.34
1.441 17.41 15.34
1.440 17.41 15.34
1.439 17.42 15.34
1.439 17.41 15.34
1.439 17.42 15.34
1.439 17.43 15.34
1.439 17.41 15.34
1.439 17.44 15.34
1.437 17.44 15.34
1.435 17.45 15.34
1.433 17.49 15.34
1.432 17.48 15.34
1.431 17.50 15.34
1.430 17.52 15.34
1.430 17.51 15.34
1.429 17.53 15.34
1.428 17.55 15.34
1.427 17.55 15.34
1.426 17.58 15.34
1.425 17.59 15.34
1.424 17.61 15.34
1.423 17.64 15.34
1.422 17.64 15.34
1.421 17.66 15.34
1.421 17.68 15.34
1.420 17.67 15.34
1.418 17.70 15.34
1.417 17.73 15.34
1.416 17.73 15.34
1.415 17.75 15.34
1.415 17.77 15.34
1.415 17.77 15.34
1.414 17.78 15.34
1.413 17.78 15.34
1.412 17.81 15.34
1.411 17.83 15.34
1.410 17.83 15.34
1.409 17.85 15.34
1.408 17.85 15.34
1.408 17.86 15.34
1.407 17.90 15.34
1.407 17.87 15.34
1.406 17.90 15.34
1.406 17.92 15.34
1.406 17.86 15.34
1.406 17.89 15.34
1.405 17.92 15.34
1.405 17.92 15.34
1.404 17.92 15.34
1.404 17.93 15.34
1.403 17.91 15.34
1.401 17.94 15.34
1.399 17.94 15.34
1.399 17.95 15.34
1.399 17.95 15.34
1.398 17.95 15.34
1.397 17.98 15.34
1.396 17.99 15.34
1.394 17.99 15.34
1.393 18.03 15.34
1.393 18.04 15.34
1.392 18.05 15.34
1.391 18.05 15.34
1.391 18.05 15.34
1.390 18.09 15.34
1.389 18.11 15.34
1.388 18.11 15.34
1.387 18.12 15.34
1.386 18.13 15.34
1.386 18.14 15.34
1.385 18.16 15.34
1.385 18.16 15.34
1.384 18.16 15.34
1.383 18.20 15.34
1.382 18.21 15.34
1.381 18.23 15.34
1.379 18.26 15.34
1.378 18.28 15.34
1.376 18.30 15.34
1.374 18.33 15.34
1.372 18.35 15.34
1.371 18.35 15.34
1.370 18.32 15.34
1.370 18.35 15.34
1.370 18.37 15.34
1.369 18.36 15.34
1.366 18.38 15.34
1.365 18.41 15.34
1.364 18.41 15.34
1.364 18.44 15.34
1.364 18.43 15.34
1.364 18.43 15.34
1.363 18.45 15.34
1.362 18.44 15.34
1.361 18.46 15.34
1.359 18.49 15.34
1.358 18.50 15.34
1.357 18.53 15.34
1.356 18.55 15.34
1.355 18.55 15.34
1.355 18.59 15.34
1.354 18.57 15.34
1.354 18.60 15.34
1.353 18.61 15.34
1.352 18.60 15.34
1.352 18.63 15.34
1.352 18.65 15.34
1.351 18.66 15.34
1.349 18.68 15.34
1.348 18.69 15.34
1.347 18.72 15.34
1.346 18.75 15.34
1.345 18.75 15.34
1.343 18.77 15.34
1.342 18.81 15.34
1.341 18.80 15.34
1.339 18.83 15.34
1.338 18.86 15.34
1.337 18.86 15.34
1.336 18.86 15.34
1.336 18.85 15.34
1.336 18.87 15.34
1.336 18.88 15.34
1.336 18.85 15.34
1.336 18.89 15.34
1.334 18.91 15.34
1.332 18.92 15.34
1.330 18.93 15.34
1.329 18.96 15.34
1.328 18.98 15.34
1.327 19.00 15.34
1.326 18.98 15.34
1.326 19.00 15.34
1.326 19.03 15.34
1.326 19.01 15.34
1.325 19.02 15.34
1.325 19.03 15.34
1.325 19.03 15.34
1.324 19.07 15.34
1.323 19.08 15.34
1.322 19.09 15.34
1.322 19.09 15.34
1.321 19.10 15.34
1.321 19.13 15.34
1.319 19.16 15.34
1.317 19.16 15.34
1.316 19.19 15.34
1.315 19.22 15.34
1.313 19.24 15.34
1.312 19.27 15.34
1.310 19.28 15.34
1.308 19.32 15.34
1.306 19.34 15.34
1.306 19.33 15.34
1.306 19.33 15.34
1.305 19.35 15.34
1.303 19.36 15.34
1.301 19.39 15.34
1.300 19.40 15.34
1.299 19.42 15.34
1.298 19.44 15.34
1.297 19.45 15.34
1.296 19.47 15.34
1.296 19.50 15.34
1.295 19.50 15.34
1.294 19.54 15.34
1.293 19.55 15.34
1.293 19.54 15.34
1.293 19.56 15.34
1.292 19.57 15.34
1.292 19.58 15.34
1.292 19.59 15.34
1.292 19.58 15.34
1.291 19.60 15.34
1.291 19.61 15.34
1.290 19.62 15.34
1.289 19.65 15.34
1.288 19.66 15.34
1.286 19.69 15.34
1.284 19.73 15.34
1.283 19.73 15.34
1.282 19.76 15.34
1.281 19.78 15.34
1.280 19.80 15.34
1.279 19.80 15.34
1.279 19.82 15.34
1.278 19.83 15.34
1.277 19.84 15.34
1.276 19.85 15.34
1.277 19.85 15.34
1.276 19.84 15.34
1.276 19.81 15.34
1.275 19.84 15.34
1.273 19.88 15.34
1.271 19.90 15.34
1.270 19.92 15.34
1.269 19.94 15.34
1.268 19.95 15.34
1.267 19.99 15.34
