1.362 19.99 35.27
1.363 19.98 35.27
1.363 19.97 35.27
1.364 19.96 35.27
1.365 19.95 35.27
1.366 19.93 35.27
1.367 19.94 35.27
1.367 19.91 35.27
1.368 19.91 35.27
1.369 19.92 35.27
1.370 19.90 35.27
1.370 19.89 35.27
1.371 19.86 35.27
1.372 19.86 35.27
1.372 19.87 35.27
1.373 19.85 35.27
1.374 19.84 35.27
1.376 19.82 35.27
1.378 19.78 35.27
1.379 19.77 35.26
1.379 19.76 35.26
1.380 19.75 35.26
1.381 19.72 35.26
1.382 19.72 35.26
1.383 19.69 35.26
1.384 19.68 35.26
1.385 19.66 35.26
1.386 19.64 35.26
1.387 19.63 35.26
1.387 19.62 35.26
1.388 19.61 35.26
1.388 19.60 35.26
1.389 19.58 35.26
1.390 19.56 35.26
1.391 19.55 35.26
1.392 19.54 35.26
1.392 19.52 35.26
1.393 19.49 35.26
1.393 19.49 35.26
1.394 19.48 35.26
1.395 19.47 35.26
1.396 19.46 35.26
1.397 19.46 35.26
1.397 19.45 35.26
1.398 19.45 35.26
1.399 19.44 35.26
1.399 19.43 35.26
1.400 19.42 35.26
1.401 19.41 35.26
1.402 19.40 35.26
1.402 19.40 35.26
1.403 19.39 35.26
1.403 19.38 35.26
1.404 19.37 35.26
1.405 19.37 35.26
1.406 19.36 35.26
1.407 19.34 35.26
1.408 19.32 35.25
1.409 19.31 35.25
1.410 19.29 35.25
1.410 19.28 35.25
1.411 19.26 35.25
1.412 19.26 35.25
1.413 19.25 35.25
1.414 19.23 35.25
1.415 19.21 35.25
1.416 19.20 35.25
1.417 19.17 35.25
1.418 19.16 35.25
1.419 19.14 35.25
1.420 19.12 35.25
1.421 19.11 35.25
1.422 19.09 35.25
1.423 19.08 35.25
1.423 19.07 35.25
1.424 19.05 35.25
1.426 19.03 35.25
1.428 19.00 35.25
1.429 18.99 35.25
1.430 18.98 35.25
1.431 18.97 35.25
1.432 18.96 35.25
1.433 18.95 35.25
1.435 18.93 35.25
1.435 18.93 35.25
1.436 18.92 35.25
1.437 18.91 35.25
1.438 18.90 35.25
1.439 18.88 35.25
1.440 18.86 35.25
1.441 18.85 35.25
1.442 18.83 35.25
1.443 18.82 35.25
1.444 18.80 35.25
1.445 18.79 35.25
1.446 18.78 35.25
1.448 18.75 35.25
1.449 18.74 35.25
1.450 18.71 35.25
1.451 18.69 35.25
1.452 18.68 35.24
1.453 18.65 35.24
1.454 18.63 35.24
1.456 18.62 35.24
1.457 18.60 35.24
1.458 18.58 35.24
1.459 18.56 35.24
1.460 18.54 35.24
1.461 18.54 35.24
1.462 18.53 35.24
1.462 18.51 35.24
1.463 18.50 35.24
1.464 18.49 35.24
1.465 18.49 35.24
1.466 18.48 35.24
1.467 18.47 35.24
1.468 18.47 35.24
1.468 18.46 35.24
1.469 18.45 35.24
1.470 18.44 35.24
1.471 18.42 35.24
1.472 18.41 35.24
1.473 18.41 35.24
1.474 18.39 35.24
1.476 18.37 35.24
1.477 18.35 35.24
1.478 18.34 35.24
1.479 18.32 35.24
1.480 18.31 35.24
1.481 18.30 35.24
1.482 18.29 35.24
1.483 18.27 35.24
1.484 18.26 35.24
1.485 18.24 35.24
1.485 18.23 35.24
1.486 18.22 35.24
1.487 18.20 35.24
1.488 18.19 35.24
1.489 18.18 35.24
1.490 18.17 35.24
1.490 18.15 35.24
1.491 18.14 35.24
1.492 18.13 35.24
1.493 18.11 35.23
1.494 18.08 35.23
1.495 18.08 35.23
1.496 18.07 35.23
1.497 18.05 35.23
1.498 18.05 35.23
1.499 18.04 35.23
1.500 18.03 35.23
1.501 18.03 35.23
1.501 18.02 35.23
1.502 18.01 35.23
1.503 18.00 35.23
1.504 17.99 35.23
1.505 17.99 35.23
1.506 17.97 35.23
1.507 17.96 35.23
1.509 17.95 35.23
1.510 17.93 35.23
1.511 17.92 35.23
1.512 17.91 35.23
1.513 17.89 35.23
1.514 17.87 35.23
1.516 17.86 35.23
1.517 17.84 35.23
1.518 17.83 35.23
1.519 17.81 35.23
1.520 17.79 35.23
1.521 17.78 35.23
1.522 17.75 35.23
1.524 17.74 35.23
1.525 17.72 35.23
1.526 17.70 35.23
1.528 17.68 35.23
1.530 17.66 35.23
1.531 17.64 35.23
1.532 17.63 35.23
1.532 17.61 35.23
1.533 17.60 35.23
1.535 17.59 35.23
1.536 17.57 35.23
1.537 17.56 35.23
1.538 17.55 35.23
1.540 17.54 35.23
1.541 17.54 35.23
1.542 17.52 35.23
1.543 17.51 35.23
1.545 17.50 35.23
1.546 17.48 35.23
1.547 17.48 35.23
1.548 17.46 35.23
1.550 17.44 35.23
1.551 17.43 35.23
1.553 17.40 35.23
1.554 17.39 35.23
1.554 17.38 35.23
1.555 17.36 35.23
1.556 17.36 35.23
1.557 17.35 35.23
1.558 17.34 35.23
1.559 17.33 35.23
1.559 17.31 35.23
1.560 17.30 35.23
1.561 17.29 35.23
1.563 17.27 35.23
1.564 17.26 35.23
1.565 17.24 35.23
1.565 17.23 35.23
1.566 17.22 35.23
1.567 17.20 35.23
1.568 17.19 35.23
1.570 17.17 35.23
1.570 17.15 35.23
1.571 17.15 35.23
1.571 17.14 35.23
1.572 17.13 35.23
1.574 17.12 35.23
1.575 17.10 35.23
1.576 17.10 35.23
1.577 17.09 35.23
1.579 17.08 35.23
1.579 17.08 35.23
1.580 17.07 35.23
1.581 17.06 35.23
1.582 17.05 35.23
1.583 17.04 35.23
1.584 17.04 35.23
1.585 17.03 35.23
1.586 17.02 35.22
1.587 17.01 35.23
1.588 17.00 35.23
1.589 16.98 35.23
1.590 16.97 35.23
1.591 16.95 35.23
1.592 16.94 35.23
1.593 16.93 35.23
1.594 16.91 35.23
1.596 16.90 35.23
1.597 16.89 35.23
1.598 16.87 35.23
1.600 16.85 35.23
1.601 16.83 35.23
1.603 16.81 35.23
1.604 16.79 35.22
1.606 16.77 35.23
1.607 16.75 35.23
1.608 16.74 35.23
1.609 16.73 35.23
1.610 16.71 35.23
1.611 16.69 35.23
1.612 16.68 35.23
1.613 16.68 35.23
1.614 16.66 35.23
1.615 16.65 35.23
1.616 16.64 35.23
1.617 16.63 35.23
1.619 16.62 35.23
1.620 16.61 35.23
1.622 16.61 35.23
1.622 16.60 35.23
1.623 16.59 35.23
1.624 16.58 35.23
1.625 16.58 35.23
1.626 16.57 35.23
1.626 16.57 35.23
1.627 16.55 35.23
1.629 16.54 35.23
1.630 16.52 35.23
1.631 16.51 35.23
1.633 16.49 35.23
1.634 16.48 35.23
1.635 16.46 35.23
1.637 16.45 35.23
1.638 16.44 35.23
1.639 16.43 35.23
1.639 16.42 35.23
1.640 16.41 35.23
1.642 16.39 35.23
1.645 16.35 35.23
1.647 16.32 35.23
1.649 16.31 35.23
1.650 16.29 35.23
1.651 16.27 35.23
1.653 16.26 35.23
1.654 16.24 35.23
1.655 16.23 35.23
1.656 16.21 35.23
1.658 16.18 35.23
1.660 16.17 35.23
1.662 16.16 35.23
1.663 16.15 35.23
1.665 16.15 35.23
1.666 16.13 35.23
1.668 16.12 35.23
1.669 16.12 35.23
1.670 16.11 35.23
1.671 16.10 35.23
1.672 16.09 35.23
1.674 16.08 35.23
1.675 16.07 35.23
1.677 16.04 35.23
1.678 16.03 35.23
1.679 16.03 35.23
1.680 16.01 35.23
1.681 16.00 35.23
1.682 15.98 35.23
1.684 15.96 35.23
1.684 15.95 35.23
1.685 15.94 35.23
1.686 15.93 35.23
1.687 15.91 35.23
1.688 15.89 35.23
1.690 15.88 35.23
1.691 15.87 35.23
1.692 15.84 35.23
1.694 15.83 35.23
1.695 15.80 35.23
1.697 15.78 35.23
1.699 15.75 35.23
1.702 15.71 35.23
1.703 15.68 35.23
1.704 15.67 35.23
1.706 15.66 35.23
1.708 15.64 35.23
1.710 15.63 35.23
1.712 15.61 35.23
1.714 15.61 35.23
1.715 15.60 35.23
1.717 15.60 35.23
1.718 15.59 35.23
1.719 15.58 35.24
1.721 15.57 35.24
1.722 15.56 35.24
1.723 15.56 35.24
1.725 15.55 35.24
1.728 15.50 35.24
1.730 15.48 35.24
1.731 15.45 35.24
1.733 15.43 35.24
1.734 15.41 35.24
1.735 15.39 35.24
1.737 15.38 35.24
1.738 15.36 35.24
1.740 15.33 35.24
1.741 15.31 35.24
1.743 15.28 35.24
1.745 15.24 35.24
1.747 15.24 35.24
1.749 15.23 35.24
1.751 15.21 35.24
1.753 15.18 35.24
1.756 15.17 35.24
1.758 15.15 35.24
1.759 15.14 35.24
1.761 15.13 35.24
1.764 15.12 35.24
1.766 15.08 35.24
1.768 15.08 35.24
1.770 15.08 35.24
1.772 15.05 35.24
1.774 15.05 35.24
1.775 15.05 35.24
1.777 15.01 35.24
1.779 15.01 35.24
1.780 14.99 35.24
1.781 14.96 35.24
1.783 14.94 35.24
1.785 14.89 35.24
1.786 14.89 35.24
1.788 14.87 35.24
1.789 14.83 35.24
1.791 14.82 35.24
1.793 14.80 35.24
1.795 14.76 35.24
1.797 14.76 35.24
1.799 14.71 35.24
1.802 14.70 35.24
1.804 14.70 35.24
1.806 14.65 35.24
1.809 14.65 35.24
1.811 14.63 35.24
1.813 14.62 35.24
1.815 14.62 35.24
1.817 14.60 35.24
1.819 14.60 35.24
1.821 14.60 35.24
1.823 14.56 35.24
1.825 14.57 35.24
1.827 14.54 35.24
1.829 14.51 35.24
1.831 14.50 35.24
1.833 14.47 35.24
1.836 14.45 35.24
1.838 14.46 35.24
1.839 14.42 35.24
1.840 14.41 35.24
1.841 14.41 35.24
1.843 14.37 35.24
1.845 14.36 35.24
1.847 14.33 35.24
1.849 14.31 35.24
1.851 14.31 35.24
1.853 14.26 35.24
1.855 14.25 35.24
1.856 14.26 35.24
1.859 14.21 35.24
1.862 14.19 35.24
1.865 14.16 35.24
1.868 14.15 35.24
1.870 14.14 35.25
1.872 14.12 35.24
1.874 14.12 35.25
1.876 14.11 35.25
1.879 14.08 35.25
1.881 14.09 35.25
1.883 14.05 35.25
1.884 14.05 35.25
1.884 14.05 35.25
1.885 14.02 35.25
1.885 14.03 35.25
1.885 14.04 35.25
1.890 13.99 35.25
1.895 13.98 35.25
1.897 13.95 35.25
1.899 13.93 35.25
1.901 13.91 35.25
1.904 13.88 35.25
1.907 13.86 35.25
1.911 13.83 35.25
1.913 13.79 35.25
1.915 13.78 35.25
1.919 13.75 35.25
1.923 13.72 35.25
1.925 13.71 35.25
1.928 13.69 35.25
1.930 13.68 35.25
1.932 13.67 35.25
1.935 13.63 35.25
1.939 13.64 35.25
1.941 13.62 35.25
1.941 13.61 35.25
1.942 13.62 35.25
1.942 13.59 35.25
1.944 13.59 35.25
1.946 13.58 35.25
1.947 13.56 35.25
1.947 13.56 35.25
1.949 13.56 35.25
1.951 13.53 35.25
1.952 13.53 35.25
1.955 13.50 35.25
1.957 13.48 35.25
1.959 13.47 35.25
1.961 13.44 35.25
1.964 13.43 35.25
1.967 13.41 35.25
1.970 13.39 35.25
1.972 13.38 35.25
1.975 13.35 35.25
1.980 13.33 35.25
1.986 13.29 35.25
1.991 13.25 35.25
1.997 13.20 35.25
2.003 13.15 35.25
2.006 13.13 35.25
2.009 13.14 35.25
2.011 13.12 35.25
2.012 13.11 35.25
2.014 13.11 35.25
2.015 13.08 35.25
2.017 13.07 35.25
2.018 13.07 35.25
2.019 13.05 35.25
2.021 13.05 35.25
2.023 13.02 35.25
2.025 13.01 35.25
2.027 12.99 35.25
2.029 12.96 35.25
2.030 12.96 35.25
2.033 12.94 35.25
2.037 12.90 35.25
2.039 12.89 35.25
2.041 12.87 35.25
2.042 12.85 35.25
2.043 12.86 35.25
2.044 12.83 35.25
2.047 12.83 35.25
2.050 12.81 35.25
2.052 12.78 35.25
2.053 12.78 35.25
2.055 12.77 35.25
2.057 12.75 35.25
2.060 12.74 35.25
2.063 12.71 35.25
2.065 12.72 35.25
2.068 12.71 35.25
2.071 12.69 35.25
2.073 12.69 35.25
2.076 12.67 35.25
2.079 12.64 35.24
2.082 12.63 35.24
2.083 12.62 35.25
2.084 12.61 35.24
2.086 12.61 35.24
2.088 12.57 35.24
2.091 12.55 35.24
2.095 12.54 35.24
2.098 12.49 35.24
2.099 12.50 35.24
2.100 12.48 35.24
2.102 12.47 35.24
2.105 12.46 35.24
2.108 12.43 35.24
2.110 12.42 35.24
2.114 12.40 35.24
2.117 12.37 35.24
2.120 12.36 35.24
2.123 12.33 35.24
2.124 12.32 35.24
2.125 12.32 35.24
2.127 12.29 35.24
2.129 12.30 35.24
2.131 12.29 35.24
2.134 12.26 35.24
2.136 12.26 35.24
2.139 12.25 35.24
2.142 12.25 35.24
2.146 12.24 35.24
2.148 12.21 35.24
2.151 12.20 35.24
2.153 12.19 35.24
2.154 12.16 35.24
2.157 12.15 35.24
2.160 12.13 35.24
2.163 12.11 35.24
2.166 12.10 35.24
2.169 12.06 35.24
2.171 12.05 35.24
2.173 12.05 35.24
2.175 12.01 35.24
2.180 12.00 35.24
2.183 11.98 35.24
2.185 11.95 35.24
2.186 11.96 35.24
2.189 11.92 35.24
2.192 11.92 35.24
2.196 11.90 35.24
2.201 11.84 35.24
2.205 11.83 35.24
2.207 11.82 35.24
2.211 11.80 35.24
2.215 11.79 35.24
2.220 11.77 35.24
2.223 11.75 35.24
2.224 11.76 35.24
2.227 11.73 35.24
2.229 11.73 35.24
2.231 11.72 35.24
2.233 11.70 35.24
2.235 11.70 35.24
2.237 11.68 35.24
2.238 11.67 35.24
2.240 11.67 35.24
2.242 11.67 35.24
2.244 11.65 35.24
2.248 11.63 35.24
2.252 11.60 35.24
2.253 11.59 35.24
2.253 11.59 35.24
2.254 11.58 35.24
2.259 11.53 35.24
2.263 11.49 35.24
2.264 11.50 35.24
2.267 11.50 35.24
2.272 11.46 35.24
2.276 11.44 35.24
2.278 11.42 35.24
2.280 11.41 35.24
2.281 11.41 35.24
2.283 11.38 35.24
2.287 11.38 35.24
2.291 11.37 35.24
2.294 11.34 35.24
2.297 11.33 35.24
2.300 11.32 35.24
2.303 11.32 35.24
2.305 11.31 35.24
2.307 11.30 35.24
2.310 11.29 35.24
2.312 11.29 35.24
2.312 11.27 35.24
2.313 11.27 35.24
2.316 11.25 35.24
2.319 11.24 35.24
2.320 11.23 35.24
2.320 11.21 35.24
2.321 11.21 35.24
2.324 11.20 35.24
2.329 11.16 35.24
2.333 11.15 35.24
2.337 11.13 35.24
2.341 11.10 35.24
2.342 11.10 35.24
2.343 11.08 35.24
2.345 11.06 35.24
2.349 11.05 35.24
2.354 11.02 35.24
2.357 11.02 35.24
2.358 11.01 35.24
2.361 10.98 35.24
2.367 10.96 35.24
2.371 10.92 35.24
2.375 10.91 35.24
2.378 10.91 35.24
2.381 10.87 35.24
2.385 10.86 35.24
2.389 10.87 35.24
2.394 10.84 35.24
2.398 10.83 35.24
2.401 10.82 35.24
2.405 10.81 35.24
2.407 10.82 35.24
2.410 10.78 35.24
2.412 10.77 35.24
2.414 10.77 35.24
2.416 10.73 35.24
2.419 10.73 35.24
2.423 10.70 35.24
2.426 10.70 35.24
2.427 10.70 35.24
2.429 10.67 35.24
2.432 10.65 35.24
2.437 10.64 35.24
2.441 10.60 35.24
2.445 10.59 35.24
2.448 10.57 35.24
2.453 10.54 35.24
2.459 10.51 35.23
2.463 10.48 35.23
2.467 10.47 35.23
2.469 10.46 35.23
2.471 10.44 35.23
2.472 10.44 35.23
2.476 10.42 35.23
2.481 10.41 35.23
2.485 10.40 35.23
2.489 10.38 35.23
2.494 10.38 35.23
2.500 10.36 35.23
2.507 10.32 35.23
2.509 10.32 35.23
2.511 10.31 35.23
2.513 10.29 35.23
2.515 10.28 35.23
2.517 10.26 35.23
2.520 10.25 35.23
2.523 10.24 35.23
2.527 10.22 35.23
2.531 10.21 35.23
2.536 10.18 35.23
2.541 10.15 35.23
2.545 10.14 35.23
2.550 10.11 35.23
2.553 10.10 35.23
2.553 10.10 35.23
2.556 10.07 35.23
2.560 10.06 35.23
2.562 10.04 35.23
2.564 10.03 35.23
2.571 10.02 35.23
2.580 9.98 35.23
2.585 9.97 35.23
2.591 9.95 35.23
2.597 9.93 35.23
2.599 9.92 35.23
2.600 9.92 35.23
2.603 9.92 35.23
2.606 9.89 35.23
2.610 9.84 35.23
2.613 9.85 35.23
2.616 9.86 35.23
2.619 9.83 35.23
2.621 9.83 35.23
2.623 9.82 35.23
2.626 9.79 35.23
2.630 9.78 35.23
2.634 9.76 35.23
2.636 9.75 35.23
2.640 9.75 35.23
2.643 9.72 35.23
2.647 9.70 35.23
2.649 9.69 35.23
2.652 9.67 35.23
2.654 9.66 35.23
2.657 9.65 35.23
2.659 9.64 35.23
2.661 9.64 35.23
2.665 9.60 35.23
2.669 9.60 35.23
2.672 9.59 35.23
2.676 9.57 35.23
2.681 9.54 35.23
2.686 9.53 35.23
2.691 9.51 35.23
2.696 9.49 35.23
2.699 9.47 35.23
2.702 9.48 35.23
2.706 9.47 35.23
2.711 9.44 35.23
2.716 9.45 35.23
2.720 9.44 35.23
2.723 9.42 35.23
2.726 9.42 35.23
2.729 9.39 35.23
2.733 9.39 35.23
2.737 9.39 35.23
2.741 9.36 35.23
2.744 9.35 35.23
2.748 9.33 35.23
2.752 9.31 35.23
2.755 9.30 35.23
2.758 9.29 35.23
2.764 9.26 35.23
2.772 9.24 35.23
2.776 9.20 35.23
2.778 9.20 35.23
2.781 9.19 35.23
2.784 9.17 35.23
2.787 9.17 35.23
2.791 9.15 35.23
2.796 9.12 35.23
2.800 9.11 35.23
2.804 9.10 35.23
2.807 9.08 35.23
2.812 9.07 35.22
2.820 9.02 35.22
2.826 9.01 35.22
