2.704 9.20 54.78
2.699 9.24 54.78
2.696 9.25 54.78
2.659 9.34 54.78
2.656 9.36 54.78
2.649 9.46 54.78
2.642 9.45 54.78
2.640 9.49 54.78
2.636 9.48 54.78
2.632 9.55 54.78
2.630 9.56 54.78
2.631 9.53 54.78
2.632 9.57 54.78
2.632 9.53 54.78
2.633 9.54 54.78
2.634 9.53 54.78
2.631 9.56 54.78
2.622 9.61 54.78
2.619 9.59 54.78
2.613 9.63 54.78
2.605 9.64 54.78
2.604 9.65 54.78
2.603 9.69 54.78
2.601 9.64 54.78
2.595 9.68 54.78
2.586 9.73 54.78
2.583 9.70 54.78
2.579 9.79 54.78
2.577 9.74 54.78
2.574 9.77 54.78
2.571 9.81 54.78
2.568 9.76 54.78
2.568 9.81 54.78
2.569 9.82 54.78
2.569 9.78 54.78
2.570 9.80 54.78
2.570 9.78 54.78
2.571 9.79 54.78
2.571 9.82 54.78
2.572 9.79 54.78
2.572 9.80 54.78
2.572 9.81 54.79
2.572 9.79 54.78
2.570 9.82 54.78
2.568 9.80 54.79
2.564 9.83 54.78
2.559 9.88 54.78
2.555 9.85 54.78
2.551 9.89 54.78
2.547 9.92 54.78
2.541 9.90 54.78
2.540 9.95 54.79
2.541 9.92 54.78
2.541 9.94 54.78
2.541 9.96 54.78
2.542 9.92 54.78
2.541 9.95 54.78
2.533 9.99 54.78
2.525 9.99 54.78
2.518 10.05 54.78
2.508 10.04 54.78
2.496 10.10 54.78
2.487 10.16 54.78
2.481 10.14 54.78
2.476 10.18 54.78
2.473 10.22 54.78
2.472 10.19 54.78
2.473 10.22 54.78
2.474 10.19 54.78
2.475 10.13 54.78
2.475 10.18 54.78
2.476 10.11 54.78
2.476 10.16 54.78
2.477 10.17 54.78
2.477 10.13 54.78
2.478 10.18 54.78
2.477 10.16 54.78
2.474 10.15 54.78
2.468 10.22 54.78
2.462 10.17 54.78
2.457 10.22 54.78
2.455 10.25 54.78
2.455 10.22 54.78
2.455 10.24 54.78
2.447 10.25 54.78
2.434 10.32 54.78
2.427 10.37 54.78
2.421 10.35 54.78
2.415 10.42 54.78
2.408 10.44 54.78
2.401 10.44 54.78
2.396 10.50 54.78
2.391 10.49 54.78
2.387 10.54 54.78
2.384 10.59 54.78
2.381 10.53 54.78
2.378 10.58 54.78
2.375 10.60 54.78
2.372 10.60 54.78
2.368 10.66 54.78
2.364 10.73 54.78
2.361 10.73 54.78
2.358 10.76 54.78
2.357 10.76 54.78
2.357 10.77 54.78
2.353 10.79 54.78
2.346 10.83 54.78
2.342 10.78 54.78
2.339 10.67 54.78
2.337 10.74 54.78
2.335 10.81 54.78
2.332 10.80 54.78
2.330 10.84 54.78
2.326 10.89 54.78
2.323 10.85 54.78
2.321 10.90 54.78
2.320 10.86 54.78
2.319 10.88 54.78
2.319 10.93 54.77
2.318 10.87 54.77
2.319 10.92 54.77
2.318 10.94 54.77
2.315 10.90 54.77
2.315 10.94 54.77
2.316 10.91 54.77
2.316 10.92 54.77
2.315 10.96 54.77
2.309 10.91 54.77
2.301 10.99 54.77
2.295 11.06 54.77
2.290 11.04 54.77
2.286 11.08 54.77
2.284 11.08 54.77
2.281 11.10 54.77
2.278 11.17 54.76
2.275 11.11 54.76
2.272 11.16 54.76
2.269 11.23 54.76
2.266 11.18 54.76
2.263 11.25 54.76
2.259 11.24 54.76
2.256 11.26 54.76
2.253 11.32 54.76
2.251 11.26 54.76
2.248 11.31 54.76
2.246 11.36 54.76
2.243 11.30 54.76
2.241 11.37 54.76
2.239 11.35 54.75
2.238 11.35 54.75
2.235 11.42 54.75
2.230 11.35 54.75
2.228 11.42 54.75
2.227 11.46 54.75
2.226 11.42 54.75
2.223 11.46 54.75
2.219 11.47 54.75
2.215 11.49 54.75
2.212 11.53 54.75
2.210 11.50 54.75
2.207 11.55 54.75
2.203 11.60 54.75
2.200 11.56 54.75
2.199 11.60 54.75
2.197 11.61 54.75
2.196 11.61 54.75
2.195 11.65 54.75
2.193 11.60 54.75
2.189 11.66 54.75
2.185 11.72 54.75
2.181 11.69 54.75
2.178 11.74 54.75
2.174 11.74 54.75
2.171 11.76 54.75
2.170 11.79 54.75
2.168 11.76 54.75
2.168 11.77 54.74
2.167 11.83 54.74
2.165 11.82 54.74
2.162 11.81 54.74
2.152 11.91 54.74
2.141 11.97 54.74
2.126 12.07 54.73
2.119 12.13 54.73
2.085 12.38 54.72
2.081 12.42 54.72
2.080 12.44 54.72
2.078 12.44 54.72
2.076 12.45 54.72
2.073 12.48 54.72
1.835 14.61 54.65
1.832 14.66 54.65
1.831 14.74 54.65
1.829 14.70 54.65
1.828 14.76 54.65
1.826 14.80 54.65
1.825 14.80 54.65
1.822 14.91 54.65
1.820 14.89 54.65
1.819 14.95 54.65
1.817 15.03 54.65
1.815 14.99 54.65
1.814 15.06 54.65
1.812 15.09 54.65
1.811 15.09 54.65
1.809 15.16 54.65
1.807 15.15 54.65
1.806 15.17 54.65
1.804 15.22 54.65
1.802 15.21 54.65
1.800 15.28 54.65
1.798 15.33 54.64
1.797 15.33 54.64
1.795 15.44 54.64
1.794 15.48 54.64
1.793 15.53 54.64
1.752 15.97 54.63
1.743 16.07 54.63
1.741 16.09 54.63
1.725 16.25 54.63
1.724 16.28 54.63
1.721 16.30 54.63
1.720 16.32 54.63
1.719 16.34 54.63
1.718 16.34 54.63
1.718 16.35 54.63
1.717 16.35 54.63
1.715 16.36 54.63
1.715 16.38 54.63
1.714 16.37 54.63
1.712 16.39 54.63
1.711 16.40 54.63
1.710 16.41 54.63
1.709 16.42 54.63
1.708 16.42 54.63
1.707 16.43 54.63
1.706 16.45 54.63
1.705 16.44 54.63
1.704 16.46 54.63
1.703 16.47 54.63
1.702 16.48 54.63
1.701 16.50 54.63
1.701 16.50 54.63
1.700 16.51 54.63
1.699 16.53 54.63
1.698 16.52 54.63
1.697 16.54 54.63
1.696 16.56 54.63
1.694 16.56 54.63
1.693 16.58 54.63
1.692 16.59 54.63
1.691 16.61 54.63
1.689 16.64 54.63
1.688 16.63 54.63
1.687 16.65 54.63
1.687 16.67 54.63
1.686 16.67 54.63
1.685 16.69 54.63
1.684 16.70 54.63
1.683 16.71 54.63
1.682 16.73 54.63
1.680 16.72 54.63
1.680 16.74 54.63
1.678 16.77 54.63
1.677 16.75 54.63
1.676 16.78 54.63
1.675 16.78 54.63
1.674 16.79 54.63
1.673 16.82 54.63
1.672 16.81 54.63
1.672 16.82 54.63
1.671 16.84 54.63
1.670 16.83 54.63
1.669 16.85 54.63
1.668 16.86 54.63
1.667 16.86 54.63
1.665 16.88 54.63
1.664 16.88 54.63
1.663 16.91 54.63
1.661 16.93 54.63
1.660 16.92 54.63
1.658 16.95 54.63
1.658 16.97 54.63
1.657 16.97 54.63
1.656 17.00 54.63
1.655 17.00 54.63
1.654 17.03 54.63
1.653 17.05 54.63
1.652 17.04 54.63
1.651 17.07 54.63
1.649 17.08 54.63
1.648 17.08 54.63
1.648 17.10 54.63
1.647 17.09 54.63
1.646 17.11 54.63
1.645 17.13 54.63
1.644 17.12 54.63
1.643 17.14 54.63
1.643 17.15 54.63
1.642 17.16 54.63
1.641 17.18 54.64
1.640 17.18 54.64
1.639 17.20 54.64
1.637 17.22 54.64
1.636 17.21 54.64
1.635 17.23 54.64
1.634 17.25 54.64
1.634 17.24 54.64
1.633 17.27 54.64
1.632 17.26 54.64
1.631 17.27 54.64
1.630 17.30 54.64
1.629 17.29 54.64
1.628 17.30 54.64
1.627 17.31 54.64
1.627 17.30 54.64
1.626 17.33 54.64
1.624 17.35 54.64
1.623 17.36 54.64
1.621 17.38 54.64
1.620 17.39 54.64
1.618 17.41 54.64
1.616 17.43 54.64
1.615 17.46 54.64
1.614 17.47 54.64
1.613 17.43 54.65
1.611 17.47 54.65
1.610 17.51 54.65
1.608 17.51 54.65
1.607 17.54 54.65
1.606 17.57 54.65
1.604 17.57 54.65
1.603 17.61 54.65
1.601 17.62 54.65
1.599 17.64 54.65
1.598 17.67 54.65
1.596 17.67 54.65
1.595 17.70 54.65
1.594 17.72 54.65
1.593 17.72 54.65
1.592 17.74 54.65
1.591 17.73 54.65
1.590 17.74 54.65
1.590 17.77 54.65
1.589 17.76 54.65
1.588 17.78 54.65
1.587 17.80 54.65
1.587 17.77 54.66
1.587 17.79 54.66
1.586 17.80 54.66
1.585 17.80 54.66
1.584 17.82 54.66
1.583 17.82 54.66
1.581 17.85 54.66
1.580 17.89 54.66
1.577 17.90 54.66
1.575 17.94 54.66
1.574 17.96 54.66
1.572 17.96 54.66
1.571 17.99 54.66
1.570 17.99 54.66
1.569 18.02 54.66
1.567 18.05 54.66
1.566 18.05 54.66
1.564 18.09 54.66
1.562 18.12 54.66
1.560 18.14 54.66
1.557 18.18 54.66
1.554 18.19 54.66
1.552 18.22 54.66
1.550 18.24 54.66
1.549 18.23 54.66
1.548 18.26 54.66
1.546 18.28 54.66
1.545 18.29 54.66
1.544 18.31 54.66
1.543 18.31 54.66
1.542 18.32 54.66
1.541 18.35 54.66
1.541 18.34 54.66
1.540 18.37 54.66
1.539 18.40 54.66
1.538 18.40 54.66
1.537 18.43 54.66
1.536 18.42 54.66
1.536 18.44 54.66
1.535 18.46 54.66
1.535 18.44 54.66
1.534 18.47 54.66
1.533 18.49 54.66
1.532 18.49 54.66
1.531 18.53 54.66
1.529 18.54 54.66
1.529 18.54 54.66
1.528 18.58 54.66
1.526 18.58 54.66
1.524 18.62 54.66
1.523 18.65 54.66
1.521 18.65 54.66
1.520 18.68 54.66
1.518 18.69 54.66
1.516 18.70 54.66
1.515 18.73 54.66
1.514 18.72 54.66
1.513 18.75 54.66
1.512 18.77 54.66
1.512 18.75 54.66
1.511 18.77 54.66
1.511 18.79 54.66
1.509 18.80 54.66
1.508 18.83 54.66
1.506 18.83 54.66
1.505 18.87 54.66
1.503 18.90 54.66
1.502 18.90 54.66
1.500 18.94 54.66
1.499 18.96 54.66
1.497 18.97 54.66
1.496 19.02 54.66
1.494 19.03 54.66
1.491 19.08 54.66
1.489 19.13 54.66
1.487 19.13 54.66
1.486 19.17 54.66
1.485 19.19 54.66
1.483 19.20 54.66
1.483 19.21 54.66
1.482 19.22 54.66
1.481 19.23 54.66
1.479 19.24 54.66
1.479 19.26 54.66
1.478 19.26 54.66
1.477 19.23 54.66
1.477 19.24 54.66
1.476 19.28 54.65
1.475 19.29 54.65
1.474 19.32 54.65
1.472 19.35 54.65
1.471 19.35 54.65
1.470 19.38 54.65
1.469 19.42 54.65
1.468 19.41 54.65
1.467 19.45 54.65
1.465 19.46 54.65
1.463 19.48 54.65
1.462 19.52 54.65
1.461 19.52 54.65
1.459 19.57 54.65
1.457 19.60 54.65
1.455 19.61 54.65
1.454 19.64 54.65
1.453 19.65 54.65
1.451 19.67 54.65
1.450 19.70 54.64
1.448 19.69 54.64
1.447 19.71 54.64
1.446 19.74 54.64
1.445 19.73 54.64
1.444 19.76 54.64
1.443 19.78 54.64
1.442 19.79 54.64
1.441 19.82 54.64
1.440 19.81 54.64
1.440 19.85 54.64
1.438 19.87 54.64
1.438 19.87 54.64
1.437 19.90 54.64
1.436 19.91 54.64
1.435 19.92 54.64
1.434 19.94 54.64
1.433 19.94 54.64
1.433 19.97 54.63
1.432 19.99 54.63
