****************************************************************************************************
SERIE 1
****************************************************************************************************

Verifica ipotesi linearità_________________________________
Covarianza = -15.71569
Indice Pearson = -0.93622 +/- 0.08786
Gradi di Liberta' = 16
	t = 22.038418523686396
	p-value (una coda) = 1.0660517757064443e-13

Parametri___________________________________________________
y = a + bx
a = 25.89659 +/- 0.01566
b = -0.00045 +/- 0.00004

Test Chi Quadro_____________________________________________
x         y         sy           y*            Chi-quadro   
149.70000 25.90000  0.02887      25.82974      5.92403      
164.70000 25.80000  0.02887      25.82304      0.63703      
179.70000 25.80000  0.02887      25.81634      0.32048      
194.70000 25.80000  0.02887      25.80964      0.11161      
209.70000 25.80000  0.02887      25.80295      0.01041      
239.70000 25.80000  0.02887      25.78955      0.13105      
269.70000 25.80000  0.02887      25.77615      0.68240      
299.70000 25.80000  0.02887      25.76276      1.66445      
329.70000 25.70000  0.02887      25.74936      2.92377      
359.70000 25.70000  0.02887      25.73596      1.55213      
389.70000 25.70000  0.02887      25.72257      0.61118      
419.70000 25.70000  0.02887      25.70917      0.10095      
449.70000 25.70000  0.02887      25.69578      0.02142      
509.70000 25.70000  0.02887      25.66898      1.15447      
569.70000 25.60000  0.02887      25.64219      2.13603      
629.70000 25.60000  0.02887      25.61540      0.28451      
689.70000 25.60000  0.02887      25.58861      0.15581      
749.70000 25.60000  0.02887      25.56181      1.74993      

Gradi di liberta = 16
Chi-quadro = 20.17165301688215
p-value = 0.21258879238431164

Verifica ipotesi funzione costante_________________________
Gradi di Liberta' = 16
t = 11.965012381911633
p-value = 2.146343078327392e-09

x         y         sy           y_media_p     Chi-quadro   
149.70000 25.90000  0.02887      25.72778      35.59259     
164.70000 25.80000  0.02887      25.72778      6.25926      
179.70000 25.80000  0.02887      25.72778      6.25926      
194.70000 25.80000  0.02887      25.72778      6.25926      
209.70000 25.80000  0.02887      25.72778      6.25926      
239.70000 25.80000  0.02887      25.72778      6.25926      
269.70000 25.80000  0.02887      25.72778      6.25926      
299.70000 25.80000  0.02887      25.72778      6.25926      
329.70000 25.70000  0.02887      25.72778      0.92593      
359.70000 25.70000  0.02887      25.72778      0.92593      
389.70000 25.70000  0.02887      25.72778      0.92593      
419.70000 25.70000  0.02887      25.72778      0.92593      
449.70000 25.70000  0.02887      25.72778      0.92593      
509.70000 25.70000  0.02887      25.72778      0.92593      
569.70000 25.60000  0.02887      25.72778      19.59259     
629.70000 25.60000  0.02887      25.72778      19.59259     
689.70000 25.60000  0.02887      25.72778      19.59259     
749.70000 25.60000  0.02887      25.72778      19.59259     

Gradi di liberta = 16
Chi-quadro = 163.33333333333215
p-value = 1.7901480795625612e-26

Media pesata = 25.727777777777778 +/- 0.006804138174397717

