****************************************************************************************************
SERIE 3
****************************************************************************************************

Verifica ipotesi linearità_________________________________
Covarianza = -45.32609
Indice Pearson = -0.99049 +/- 0.02934
Gradi di Liberta' = 22
	t = 67.8530348700783
	p-value (una coda) = 2.3717345949269098e-27

Parametri___________________________________________________
y = a + bx
a = 31.82408 +/- 0.01265
b = -0.00115 +/- 0.00003

Test Chi Quadro_____________________________________________
x         y         sy           y*            Chi-quadro   
90.00000  31.70000  0.02887      31.72075      0.51681      
105.00000 31.70000  0.02887      31.70353      0.01496      
120.00000 31.70000  0.02887      31.68631      0.22492      
135.00000 31.70000  0.02887      31.66909      1.14668      
150.00000 31.70000  0.02887      31.65187      2.78024      
165.00000 31.60000  0.02887      31.63464      1.44030      
195.00000 31.60000  0.02887      31.60020      0.00005      
225.00000 31.60000  0.02887      31.56576      1.40701      
255.00000 31.50000  0.02887      31.53131      1.17674      
285.00000 31.50000  0.02887      31.49687      0.01174      
315.00000 31.40000  0.02887      31.46243      4.67676      
345.00000 31.40000  0.02887      31.42799      0.93980      
375.00000 31.40000  0.02887      31.39354      0.05005      
405.00000 31.40000  0.02887      31.35910      2.00750      
435.00000 31.30000  0.02887      31.32466      0.72947      
465.00000 31.30000  0.02887      31.29021      0.11496      
495.00000 31.30000  0.02887      31.25577      2.34766      
525.00000 31.20000  0.02887      31.22133      0.54574      
555.00000 31.20000  0.02887      31.18688      0.20648      
585.00000 31.10000  0.02887      31.15244      3.29985      
615.00000 31.10000  0.02887      31.11800      0.38863      
645.00000 31.10000  0.02887      31.08355      0.32461      
675.00000 31.10000  0.02887      31.04911      3.10781      
705.00000 31.00000  0.02887      31.01467      0.25812      

Gradi di liberta = 22
Chi-quadro = 27.71689639151345
p-value = 0.185254181395042

Verifica ipotesi funzione costante_________________________
Gradi di Liberta' = 22
t = 37.89832693946653
p-value = 1.5603007330766675e-21

x         y         sy           y_media_p     Chi-quadro   
90.00000  31.70000  0.02887      31.40000      108.00000    
105.00000 31.70000  0.02887      31.40000      108.00000    
120.00000 31.70000  0.02887      31.40000      108.00000    
135.00000 31.70000  0.02887      31.40000      108.00000    
150.00000 31.70000  0.02887      31.40000      108.00000    
165.00000 31.60000  0.02887      31.40000      48.00000     
195.00000 31.60000  0.02887      31.40000      48.00000     
225.00000 31.60000  0.02887      31.40000      48.00000     
255.00000 31.50000  0.02887      31.40000      12.00000     
285.00000 31.50000  0.02887      31.40000      12.00000     
315.00000 31.40000  0.02887      31.40000      0.00000      
345.00000 31.40000  0.02887      31.40000      0.00000      
375.00000 31.40000  0.02887      31.40000      0.00000      
405.00000 31.40000  0.02887      31.40000      0.00000      
435.00000 31.30000  0.02887      31.40000      12.00000     
465.00000 31.30000  0.02887      31.40000      12.00000     
495.00000 31.30000  0.02887      31.40000      12.00000     
525.00000 31.20000  0.02887      31.40000      48.00000     
555.00000 31.20000  0.02887      31.40000      48.00000     
585.00000 31.10000  0.02887      31.40000      108.00000    
615.00000 31.10000  0.02887      31.40000      108.00000    
645.00000 31.10000  0.02887      31.40000      108.00000    
675.00000 31.10000  0.02887      31.40000      108.00000    
705.00000 31.00000  0.02887      31.40000      192.00000    

Gradi di liberta = 22
Chi-quadro = 1463.9999999999955
p-value = 1.540822459194243e-296

Media pesata = 31.4 +/- 0.005892556509887897

