****************************************************************************************************
SERIE 2
****************************************************************************************************

Verifica ipotesi linearità_________________________________
Covarianza = -32.47059
Indice Pearson = -0.98492 +/- 0.04326
Gradi di Liberta' = 16
	t = 45.887761847131095
	p-value (una coda) = 1.0304787937952003e-18

Parametri___________________________________________________
y = a + bx
a = 29.76492 +/- 0.01444
b = -0.00092 +/- 0.00004

Test Chi Quadro_____________________________________________
x         y         sy           y*            Chi-quadro   
113.00000 29.70000  0.02887      29.66066      1.85683      
128.00000 29.70000  0.02887      29.64682      3.39318      
143.00000 29.60000  0.02887      29.63299      1.30562      
158.00000 29.60000  0.02887      29.61915      0.43988      
173.00000 29.60000  0.02887      29.60531      0.03379      
203.00000 29.60000  0.02887      29.57763      0.60059      
233.00000 29.50000  0.02887      29.54995      2.99399      
263.00000 29.50000  0.02887      29.52227      0.59522      
293.00000 29.50000  0.02887      29.49459      0.03508      
323.00000 29.50000  0.02887      29.46691      1.31357      
353.00000 29.40000  0.02887      29.43924      1.84737      
383.00000 29.40000  0.02887      29.41156      0.16030      
413.00000 29.40000  0.02887      29.38388      0.31185      
473.00000 29.30000  0.02887      29.32852      0.97624      
533.00000 29.30000  0.02887      29.27317      0.86410      
593.00000 29.20000  0.02887      29.21781      0.38058      
653.00000 29.20000  0.02887      29.16245      1.69183      
713.00000 29.10000  0.02887      29.10710      0.06041      

Gradi di liberta = 16
Chi-quadro = 18.860437907404226
p-value = 0.27596684445664293

Verifica ipotesi funzione costante_________________________
Gradi di Liberta' = 16
t = 24.72123697781825
p-value = 3.565555102787399e-14

x         y         sy           y_media_p     Chi-quadro   
113.00000 29.70000  0.02887      29.45000      75.00000     
128.00000 29.70000  0.02887      29.45000      75.00000     
143.00000 29.60000  0.02887      29.45000      27.00000     
158.00000 29.60000  0.02887      29.45000      27.00000     
173.00000 29.60000  0.02887      29.45000      27.00000     
203.00000 29.60000  0.02887      29.45000      27.00000     
233.00000 29.50000  0.02887      29.45000      3.00000      
263.00000 29.50000  0.02887      29.45000      3.00000      
293.00000 29.50000  0.02887      29.45000      3.00000      
323.00000 29.50000  0.02887      29.45000      3.00000      
353.00000 29.40000  0.02887      29.45000      3.00000      
383.00000 29.40000  0.02887      29.45000      3.00000      
413.00000 29.40000  0.02887      29.45000      3.00000      
473.00000 29.30000  0.02887      29.45000      27.00000     
533.00000 29.30000  0.02887      29.45000      27.00000     
593.00000 29.20000  0.02887      29.45000      75.00000     
653.00000 29.20000  0.02887      29.45000      75.00000     
713.00000 29.10000  0.02887      29.45000      147.00000    

Gradi di liberta = 16
Chi-quadro = 630.0000000000006
p-value = 9.833532176621705e-124

Media pesata = 29.45 +/- 0.006804138174397717

