0.1 0.00104126 1.50368e-05 0.00105629 0.00102622
0.2 0.0010415 1.50478e-05 0.00105655 0.00102645
0.3 0.00104098 1.50478e-05 0.00105603 0.00102593
0.4 0.00104122 1.50589e-05 0.00105628 0.00102616
0.5 0.00104146 1.50699e-05 0.00105653 0.00102639
0.6 0.00104118 1.50809e-05 0.00105626 0.0010261
0.7 0.00104247 1.5092e-05 0.00105756 0.00102737
0.8 0.0010409 1.5092e-05 0.00105599 0.00102581
0.9 0.00104166 1.5103e-05 0.00105676 0.00102656
1 0.00104294 1.51141e-05 0.00105806 0.00102783
1.1 0.00104266 1.51251e-05 0.00105778 0.00102753
1.2 0.00104213 1.51251e-05 0.00105726 0.00102701
1.3 0.00104132 1.51361e-05 0.00105646 0.00102619
1.4 0.00104208 1.51472e-05 0.00105723 0.00102693
1.5 0.00104261 1.51472e-05 0.00105775 0.00102746
1.6 0.00104232 1.51582e-05 0.00105747 0.00102716
1.7 0.00104255 1.51693e-05 0.00105772 0.00102738
1.8 0.00104301 1.51913e-05 0.00105821 0.00102782
1.9 0.00104242 1.52134e-05 0.00105764 0.00102721
2 0.00104269 1.5225e-05 0.00105791 0.00102746
2.1 0.00104216 1.5225e-05 0.00105738 0.00102693
2.2 0.00104239 1.5236e-05 0.00105762 0.00102715
2.3 0.00104156 1.5247e-05 0.0010568 0.00102631
2.4 0.00104231 1.52581e-05 0.00105757 0.00102705
2.5 0.00104148 1.52691e-05 0.00105675 0.00102621
2.6 0.0010417 1.52802e-05 0.00105698 0.00102642
2.7 0.0010414 1.52912e-05 0.00105669 0.0010261
2.8 0.00104109 1.53022e-05 0.00105639 0.00102578
2.9 0.00104131 1.53133e-05 0.00105662 0.00102599
3 0.00104078 1.53133e-05 0.00105609 0.00102546
3.1 0.001041 1.53243e-05 0.00105632 0.00102567
3.2 0.00104047 1.53243e-05 0.00105579 0.00102514
3.3 0.00104015 1.53354e-05 0.00105549 0.00102482
3.4 0.00103984 1.53464e-05 0.00105518 0.00102449
3.5 0.00104005 1.53574e-05 0.00105541 0.0010247
3.6 0.00104027 1.53685e-05 0.00105564 0.0010249
3.7 0.00103921 1.53685e-05 0.00105457 0.00102384
3.8 0.00103835 1.53795e-05 0.00105373 0.00102297
3.9 0.00103835 1.53795e-05 0.00105373 0.00102297
4 0.00103857 1.53906e-05 0.00105396 0.00102318
4.1 0.00103878 1.54016e-05 0.00105418 0.00102338
4.2 0.00103899 1.54126e-05 0.0010544 0.00102358
4.3 0.00103973 1.54237e-05 0.00105516 0.00102431
4.4 0.0010392 1.54237e-05 0.00105462 0.00102377
4.5 0.00103994 1.54347e-05 0.00105538 0.00102451
4.6 0.00104015 1.54458e-05 0.0010556 0.0010247
4.7 0.00103962 1.54458e-05 0.00105506 0.00102417
4.8 0.00103982 1.54568e-05 0.00105528 0.00102437
4.9 0.00104003 1.54678e-05 0.0010555 0.00102456
5 0.00104024 1.54789e-05 0.00105572 0.00102476
5.1 0.00104024 1.54789e-05 0.00105572 0.00102476
5.2 0.00104044 1.54899e-05 0.00105593 0.00102495
5.3 0.0010399 1.54899e-05 0.00105539 0.00102442
5.4 0.00104011 1.5501e-05 0.00105561 0.00102461
5.5 0.00104085 1.5512e-05 0.00105636 0.00102534
5.6 0.00104105 1.5523e-05 0.00105658 0.00102553
5.7 0.00104072 1.55341e-05 0.00105625 0.00102518
5.8 0.00104041 1.55456e-05 0.00105596 0.00102487
5.9 0.00104061 1.55567e-05 0.00105617 0.00102506
6 0.00104027 1.55677e-05 0.00105584 0.00102471
6.1 0.00103973 1.55677e-05 0.0010553 0.00102417
6.2 0.00103939 1.55788e-05 0.00105497 0.00102381
6.3 0.00104013 1.55898e-05 0.00105572 0.00102454
6.4 0.00104033 1.56008e-05 0.00105593 0.00102472
6.5 0.00103998 1.56119e-05 0.00105559 0.00102437
6.6 0.00103963 1.56229e-05 0.00105526 0.00102401
6.7 0.00103983 1.5634e-05 0.00105546 0.00102419
6.8 0.00103893 1.5645e-05 0.00105458 0.00102329
6.9 0.00103913 1.5656e-05 0.00105478 0.00102347
7 0.00103877 1.56671e-05 0.00105444 0.00102311
7.1 0.00103842 1.56781e-05 0.0010541 0.00102274
7.2 0.00103861 1.56892e-05 0.0010543 0.00102292
7.3 0.00103825 1.57002e-05 0.00105395 0.00102255
7.4 0.00103844 1.57112e-05 0.00105415 0.00102272
7.5 0.00103789 1.57112e-05 0.0010536 0.00102218
7.6 0.00103753 1.57223e-05 0.00105325 0.00102181
7.7 0.0010379 1.57444e-05 0.00105364 0.00102215
7.8 0.00103771 1.57665e-05 0.00105348 0.00102195
7.9 0.0010379 1.57775e-05 0.00105367 0.00102212
8 0.00103807 1.57885e-05 0.00105386 0.00102229
8.1 0.00103825 1.57996e-05 0.00105405 0.00102245
8.2 0.00103843 1.58106e-05 0.00105424 0.00102262
8.3 0.00103861 1.58217e-05 0.00105443 0.00102279
8.4 0.00103896 1.58437e-05 0.0010548 0.00102312
8.5 0.00103896 1.58437e-05 0.0010548 0.00102312
8.6 0.00103913 1.58548e-05 0.00105499 0.00102328
8.7 0.00103931 1.58658e-05 0.00105517 0.00102344
8.8 0.00103948 1.58769e-05 0.00105536 0.00102361
8.9 0.0010391 1.58879e-05 0.00105499 0.00102322
9 0.00103872 1.58989e-05 0.00105462 0.00102283
9.1 0.00103889 1.591e-05 0.0010548 0.00102298
9.2 0.00103851 1.5921e-05 0.00105443 0.00102259
9.3 0.00103868 1.59321e-05 0.00105461 0.00102275
9.4 0.0010383 1.59431e-05 0.00105424 0.00102235
9.5 0.00103846 1.59541e-05 0.00105442 0.00102251
9.6 0.00103863 1.59652e-05 0.00105459 0.00102266
9.7 0.0010384 1.59873e-05 0.00105439 0.00102242
9.8 0.00103857 1.59983e-05 0.00105456 0.00102257
9.9 0.00103762 1.60094e-05 0.00105363 0.00102161
10 0.00103723 1.60204e-05 0.00105325 0.0010212
10.1 0.00103742 1.6032e-05 0.00105345 0.00102139
10.2 0.00103647 1.6043e-05 0.00105251 0.00102042
10.3 0.00103607 1.6054e-05 0.00105212 0.00102001
10.4 0.00103693 1.60761e-05 0.00105301 0.00102086
10.5 0.00103653 1.60872e-05 0.00105262 0.00102045
10.6 0.00103613 1.60982e-05 0.00105223 0.00102003
10.7 0.00103572 1.61092e-05 0.00105183 0.00101961
10.8 0.00103532 1.61203e-05 0.00105144 0.0010192
10.9 0.00103603 1.61313e-05 0.00105216 0.00101989
11 0.00103618 1.61424e-05 0.00105232 0.00102003
11.1 0.00103506 1.61424e-05 0.0010512 0.00101891
11.2 0.00103521 1.61534e-05 0.00105136 0.00101905
11.3 0.00103535 1.61644e-05 0.00105152 0.00101919
11.4 0.00103606 1.61755e-05 0.00105224 0.00101988
11.5 0.00103621 1.61865e-05 0.00105239 0.00102002
11.6 0.00103635 1.61976e-05 0.00105255 0.00102015
11.7 0.00103706 1.62086e-05 0.00105327 0.00102085
11.8 0.0010365 1.62086e-05 0.00105271 0.00102029
11.9 0.00103664 1.62197e-05 0.00105286 0.00102042
12 0.00103678 1.62307e-05 0.00105302 0.00102055
12.1 0.00103636 1.62417e-05 0.00105261 0.00102012
12.2 0.00103651 1.62528e-05 0.00105276 0.00102025
12.3 0.00103721 1.62638e-05 0.00105347 0.00102095
12.4 0.00103679 1.62749e-05 0.00105306 0.00102051
12.5 0.00103706 1.62969e-05 0.00105336 0.00102077
12.6 0.00103664 1.6308e-05 0.00105295 0.00102033
12.7 0.00103677 1.6319e-05 0.00105309 0.00102046
12.8 0.00103634 1.63301e-05 0.00105267 0.00102001
12.9 0.00103648 1.63411e-05 0.00105282 0.00102014
13 0.00103661 1.63522e-05 0.00105296 0.00102026
13.1 0.00103675 1.63632e-05 0.00105311 0.00102038
13.2 0.00103631 1.63742e-05 0.00105269 0.00101994
13.3 0.00103644 1.63853e-05 0.00105283 0.00102006
13.4 0.001036 1.63963e-05 0.0010524 0.00101961
13.5 0.00103544 1.63963e-05 0.00105183 0.00101904
13.6 0.00103557 1.64074e-05 0.00105197 0.00101916
13.7 0.00103512 1.64184e-05 0.00105154 0.00101871
13.8 0.00103525 1.64294e-05 0.00105168 0.00101882
13.9 0.00103538 1.64405e-05 0.00105182 0.00101894
14 0.0010355 1.64515e-05 0.00105196 0.00101905
14.1 0.00103436 1.64515e-05 0.00105082 0.00101791
14.2 0.00103449 1.64626e-05 0.00105095 0.00101803
14.3 0.00103461 1.64736e-05 0.00105108 0.00101814
14.4 0.0010342 1.64852e-05 0.00105068 0.00101771
14.5 0.00103317 1.64962e-05 0.00104967 0.00101668
14.6 0.00103387 1.65073e-05 0.00105037 0.00101736
14.7 0.00103398 1.65183e-05 0.0010505 0.00101747
14.8 0.00103353 1.65293e-05 0.00105006 0.001017
14.9 0.00103422 1.65404e-05 0.00105076 0.00101768
15 0.00103434 1.65514e-05 0.00105089 0.00101779
15.1 0.00103445 1.65625e-05 0.00105102 0.00101789
15.2 0.00103514 1.65735e-05 0.00105172 0.00101857
15.3 0.00103457 1.65735e-05 0.00105114 0.001018
15.4 0.00103468 1.65846e-05 0.00105127 0.0010181
15.5 0.0010348 1.65956e-05 0.00105139 0.0010182
15.6 0.00103491 1.66066e-05 0.00105152 0.00101831
15.7 0.0010356 1.66177e-05 0.00105222 0.00101898
15.8 0.00103514 1.66287e-05 0.00105176 0.00101851
15.9 0.00103525 1.66398e-05 0.00105189 0.00101861
16 0.00103604 1.66618e-05 0.00105271 0.00101938
16.1 0.00103558 1.66729e-05 0.00105225 0.0010189
16.2 0.00103568 1.66839e-05 0.00105237 0.001019
16.3 0.00103579 1.6695e-05 0.00105249 0.0010191
16.4 0.00103532 1.6706e-05 0.00105202 0.00101861
16.5 0.00103484 1.67171e-05 0.00105156 0.00101813
16.6 0.00103563 1.67391e-05 0.00105237 0.00101889
16.7 0.00103515 1.67502e-05 0.0010519 0.0010184
16.8 0.00103526 1.67612e-05 0.00105202 0.00101849
16.9 0.00103478 1.67723e-05 0.00105155 0.001018
17 0.00103429 1.67833e-05 0.00105108 0.00101751
17.1 0.00103439 1.67943e-05 0.00105119 0.0010176
17.2 0.00103333 1.68054e-05 0.00105013 0.00101652
17.3 0.0010341 1.68275e-05 0.00105093 0.00101727
17.4 0.00103361 1.68385e-05 0.00105045 0.00101677
17.5 0.00103312 1.68496e-05 0.00104997 0.00101627
17.6 0.00103331 1.68716e-05 0.00105018 0.00101644
17.7 0.00103349 1.68937e-05 0.00105038 0.0010166
17.8 0.001033 1.69048e-05 0.0010499 0.00101609
17.9 0.00103308 1.69158e-05 0.00105 0.00101617
18 0.00103191 1.69158e-05 0.00104883 0.001015
18.1 0.001032 1.69268e-05 0.00104893 0.00101507
18.2 0.00103276 1.69489e-05 0.00104971 0.00101581
18.3 0.00103226 1.696e-05 0.00104922 0.0010153
18.4 0.00103234 1.6971e-05 0.00104931 0.00101537
18.5 0.00103242 1.69821e-05 0.00104941 0.00101544
18.6 0.00103318 1.70041e-05 0.00105018 0.00101617
18.7 0.00103385 1.70152e-05 0.00105086 0.00101683
18.8 0.00103334 1.70262e-05 0.00105037 0.00101631
18.9 0.00103342 1.70373e-05 0.00105046 0.00101638
19 0.00103417 1.70593e-05 0.00105123 0.00101711
19.1 0.00103365 1.70704e-05 0.00105072 0.00101658
19.2 0.00103432 1.70814e-05 0.0010514 0.00101724
19.3 0.00103381 1.70925e-05 0.0010509 0.00101671
19.4 0.00103396 1.71146e-05 0.00105107 0.00101684
19.5 0.00103403 1.71256e-05 0.00105116 0.00101691
19.6 0.00103358 1.71477e-05 0.00105073 0.00101643
19.7 0.00103365 1.71587e-05 0.00105081 0.00101649
19.8 0.00103306 1.71587e-05 0.00105022 0.0010159
19.9 0.00103253 1.71698e-05 0.0010497 0.00101536
20 0.0010332 1.71808e-05 0.00105038 0.00101602
20.1 0.00103327 1.71918e-05 0.00105046 0.00101608
20.2 0.00103333 1.72029e-05 0.00105054 0.00101613
20.3 0.0010334 1.72139e-05 0.00105062 0.00101619
20.4 0.00103221 1.72139e-05 0.00104942 0.001015
20.5 0.00103227 1.7225e-05 0.0010495 0.00101505
20.6 0.00103234 1.7236e-05 0.00104958 0.0010151
20.7 0.00103247 1.72581e-05 0.00104972 0.00101521
20.8 0.00103253 1.72691e-05 0.0010498 0.00101526
20.9 0.00103199 1.72802e-05 0.00104927 0.00101471
21 0.00103139 1.72802e-05 0.00104867 0.00101411
21.1 0.00103145 1.72912e-05 0.00104874 0.00101416
21.2 0.00103091 1.73023e-05 0.00104821 0.00101361
21.3 0.00103097 1.73133e-05 0.00104828 0.00101366
21.4 0.00103108 1.73354e-05 0.00104842 0.00101375
21.5 0.00102988 1.73354e-05 0.00104722 0.00101255
21.6 0.00103054 1.73464e-05 0.00104789 0.00101319
21.7 0.00102994 1.73464e-05 0.00104729 0.00101259
21.8 0.00102999 1.73575e-05 0.00104735 0.00101264
21.9 0.0010307 1.73796e-05 0.00104808 0.00101332
22 0.00103015 1.73906e-05 0.00104754 0.00101276
22.1 0.00103081 1.74016e-05 0.00104821 0.0010134
22.2 0.00103086 1.74127e-05 0.00104827 0.00101344
22.3 0.00103156 1.74348e-05 0.00104899 0.00101413
22.4 0.00103156 1.74348e-05 0.00104899 0.00101413
22.5 0.00103161 1.74458e-05 0.00104905 0.00101416
22.6 0.00103166 1.74568e-05 0.00104911 0.0010142
22.7 0.0010317 1.74679e-05 0.00104917 0.00101424
22.8 0.00103175 1.74789e-05 0.00104923 0.00101427
22.9 0.0010324 1.749e-05 0.00104989 0.00101491
23 0.00103245 1.7501e-05 0.00104995 0.00101495
23.1 0.00103253 1.75126e-05 0.00105004 0.00101501
23.2 0.00103254 1.75231e-05 0.00105006 0.00101501
23.3 0.00103258 1.75341e-05 0.00105011 0.00101505
23.4 0.00103202 1.75452e-05 0.00104956 0.00101447
23.5 0.00103206 1.75562e-05 0.00104961 0.0010145
23.6 0.00103149 1.75673e-05 0.00104906 0.00101392
23.7 0.00103153 1.75783e-05 0.00104911 0.00101395
23.8 0.00103157 1.75893e-05 0.00104916 0.00101398
23.9 0.00103099 1.76004e-05 0.00104859 0.00101339
24 0.00103168 1.76225e-05 0.0010493 0.00101406
24.1 0.00103171 1.76335e-05 0.00104935 0.00101408
24.2 0.00103114 1.76446e-05 0.00104878 0.00101349
24.3 0.0010312 1.76666e-05 0.00104887 0.00101354
24.4 0.00103062 1.76777e-05 0.0010483 0.00101295
24.5 0.00103068 1.76998e-05 0.00104838 0.00101298
24.6 0.00103013 1.77114e-05 0.00104785 0.00101242
24.7 0.00103016 1.77329e-05 0.00104789 0.00101242
24.8 0.00102957 1.77439e-05 0.00104731 0.00101182
24.9 0.00102959 1.7755e-05 0.00104735 0.00101184
25 0.00102962 1.7766e-05 0.00104738 0.00101185
25.1 0.00102903 1.77771e-05 0.0010468 0.00101125
25.2 0.00102843 1.77881e-05 0.00104622 0.00101065
25.3 0.00102846 1.77991e-05 0.00104625 0.00101066
25.4 0.00102909 1.78102e-05 0.0010469 0.00101128
25.5 0.0010285 1.78212e-05 0.00104632 0.00101068
25.6 0.00102852 1.78323e-05 0.00104635 0.00101068
25.7 0.00102854 1.78433e-05 0.00104638 0.00101069
25.8 0.00102855 1.78543e-05 0.00104641 0.0010107
25.9 0.00102921 1.78764e-05 0.00104708 0.00101133
26 0.00102922 1.78875e-05 0.00104711 0.00101133
26.1 0.00103049 1.79096e-05 0.0010484 0.00101258
26.2 0.00102987 1.79096e-05 0.00104778 0.00101196
26.3 0.00102989 1.79206e-05 0.00104781 0.00101197
26.4 0.0010299 1.79316e-05 0.00104783 0.00101197
26.5 0.00103053 1.79427e-05 0.00104848 0.00101259
26.6 0.00103055 1.79537e-05 0.0010485 0.00101259
26.7 0.00103055 1.79537e-05 0.0010485 0.00101259
26.8 0.00102994 1.79648e-05 0.0010479 0.00101197
26.9 0.00103058 1.79868e-05 0.00104857 0.00101259
27 0.00102996 1.79979e-05 0.00104796 0.00101197
27.1 0.00102997 1.80089e-05 0.00104798 0.00101196
27.2 0.00102999 1.8031e-05 0.00104802 0.00101195
27.3 0.00102999 1.80421e-05 0.00104803 0.00101195
27.4 0.00102937 1.80531e-05 0.00104742 0.00101132
27.5 0.00103 1.80752e-05 0.00104808 0.00101193
27.6 0.00103001 1.80862e-05 0.00104809 0.00101192
27.7 0.00103001 1.80973e-05 0.00104811 0.00101191
27.8 0.00102938 1.80973e-05 0.00104748 0.00101128
27.9 0.00102938 1.81083e-05 0.00104749 0.00101127
28 0.00102938 1.81304e-05 0.00104751 0.00101125
28.1 0.00102875 1.81635e-05 0.00104691 0.00101058
28.2 0.00102811 1.81856e-05 0.00104629 0.00100992
28.3 0.00102872 1.82077e-05 0.00104693 0.00101052
28.4 0.00102809 1.82187e-05 0.0010463 0.00100987
28.5 0.00102745 1.82298e-05 0.00104568 0.00100922
28.6 0.00102806 1.82518e-05 0.00104631 0.00100981
28.7 0.00102742 1.82629e-05 0.00104568 0.00100915
28.8 0.0010274 1.82739e-05 0.00104568 0.00100913
28.9 0.00102676 1.8285e-05 0.00104504 0.00100847
29 0.00102609 1.83071e-05 0.0010444 0.00100779
29.1 0.0010267 1.83291e-05 0.00104503 0.00100837
29.2 0.0010273 1.83512e-05 0.00104565 0.00100895
29.3 0.00102728 1.83623e-05 0.00104564 0.00100892
29.4 0.00102852 1.83843e-05 0.0010469 0.00101013
29.5 0.00102786 1.83954e-05 0.00104626 0.00100946
29.6 0.00102846 1.84175e-05 0.00104687 0.00101004
29.7 0.00102907 1.84285e-05 0.0010475 0.00101064
29.8 0.00102905 1.84396e-05 0.00104749 0.00101061
29.9 0.00102903 1.84506e-05 0.00104748 0.00101058
30 0.001029 1.84616e-05 0.00104746 0.00101054
30.1 0.00102959 1.84837e-05 0.00104808 0.00101111
30.2 0.00102957 1.84948e-05 0.00104806 0.00101107
30.3 0.00102887 1.85168e-05 0.00104739 0.00101036
30.4 0.00102884 1.85279e-05 0.00104737 0.00101032
30.5 0.00102946 1.85389e-05 0.001048 0.00101092
30.6 0.00102879 1.855e-05 0.00104734 0.00101024
30.7 0.00102876 1.8561e-05 0.00104732 0.00101019
30.8 0.00102808 1.85721e-05 0.00104665 0.00100951
30.9 0.00102801 1.85941e-05 0.00104661 0.00100942
31 0.00102737 1.85941e-05 0.00104596 0.00100878
31.1 0.00102734 1.86052e-05 0.00104594 0.00100873
31.2 0.0010273 1.86162e-05 0.00104592 0.00100868
31.3 0.00102662 1.86273e-05 0.00104525 0.00100799
31.4 0.00102594 1.86383e-05 0.00104458 0.0010073
31.5 0.00102651 1.86604e-05 0.00104517 0.00100785
31.6 0.00102647 1.86714e-05 0.00104514 0.0010078
31.7 0.00102513 1.86825e-05 0.00104381 0.00100645
31.8 0.0010257 1.87046e-05 0.0010444 0.00100699
31.9 0.00102436 1.87156e-05 0.00104307 0.00100564
32 0.00102427 1.87377e-05 0.001043 0.00100553
32.1 0.00102352 1.87598e-05 0.00104228 0.00100477
32.2 0.00102273 1.87929e-05 0.00104152 0.00100394
32.3 0.00102137 1.88039e-05 0.00104018 0.00100257
32.4 0.00102132 1.8815e-05 0.00104014 0.00100251
32.5 0.00102187 1.88371e-05 0.00104071 0.00100303
32.6 0.00102176 1.88591e-05 0.00104062 0.0010029
32.7 0.0010223 1.88812e-05 0.00104118 0.00100342
32.8 0.00102219 1.89033e-05 0.00104109 0.00100329
32.9 0.00102338 1.89254e-05 0.00104231 0.00100446
33 0.00102332 1.89364e-05 0.00104226 0.00100439
33.1 0.00102452 1.89585e-05 0.00104348 0.00100556
33.2 0.00102446 1.89696e-05 0.00104343 0.00100549
33.3 0.00102436 1.898e-05 0.00104334 0.00100538
33.4 0.0010249 1.90021e-05 0.0010439 0.00100589
33.5 0.00102483 1.90131e-05 0.00104385 0.00100582
33.6 0.00102543 1.90241e-05 0.00104445 0.0010064
33.7 0.00102596 1.90462e-05 0.001045 0.00100691
33.8 0.00102444 1.90793e-05 0.00104352 0.00100536
33.9 0.0010243 1.91014e-05 0.0010434 0.0010052
34 0.00102291 1.91125e-05 0.00104202 0.00100379
34.1 0.00102276 1.91346e-05 0.0010419 0.00100363
34.2 0.00102203 1.91456e-05 0.00104117 0.00100288
34.3 0.00102129 1.91566e-05 0.00104045 0.00100213
34.4 0.0010218 1.91787e-05 0.00104098 0.00100262
34.5 0.00102106 1.91898e-05 0.00104025 0.00100187
34.6 0.00102024 1.92118e-05 0.00103945 0.00100103
34.7 0.00101949 1.92229e-05 0.00103872 0.00100027
34.8 0.00101866 1.9245e-05 0.00103791 0.000999419
34.9 0.00101716 1.92671e-05 0.00103643 0.000997896
35 0.00101833 1.92891e-05 0.00103762 0.00099904
35.1 0.00101883 1.93112e-05 0.00103814 0.000999515
35.2 0.00101865 1.93333e-05 0.00103799 0.000999318
35.3 0.0010178 1.93554e-05 0.00103716 0.000998448
35.4 0.00101887 1.93885e-05 0.00103826 0.000999485
35.5 0.00101869 1.94106e-05 0.0010381 0.000999279
35.6 0.0010186 1.94216e-05 0.00103802 0.000999175
35.7 0.00101908 1.94437e-05 0.00103852 0.000999637
35.8 0.00102014 1.94768e-05 0.00103962 0.00100067
35.9 0.0010186 1.94989e-05 0.0010381 0.000999098
36 0.00101975 1.9521e-05 0.00103927 0.00100023
36.1 0.0010209 1.95431e-05 0.00104045 0.00100136
36.2 0.00102002 1.95652e-05 0.00103959 0.00100046
36.3 0.00102118 1.95872e-05 0.00104076 0.00100159
36.4 0.00102175 1.95983e-05 0.00104135 0.00100215
36.5 0.00102018 1.96204e-05 0.0010398 0.00100056
36.6 0.00102133 1.96425e-05 0.00104097 0.00100169
36.7 0.00102054 1.96535e-05 0.0010402 0.00100089
36.8 0.00101907 1.96645e-05 0.00103874 0.00099941
36.9 0.00101885 1.96866e-05 0.00103854 0.000999168
37 0.00101658 1.97087e-05 0.00103629 0.000996875
37.1 0.00101715 1.97197e-05 0.00103687 0.000997434
37.2 0.00101692 1.97418e-05 0.00103667 0.000997183
37.3 0.00101476 1.97529e-05 0.00103451 0.000995004
37.4 0.00101521 1.97749e-05 0.00103498 0.000995431
37.5 0.00101497 1.9797e-05 0.00103477 0.000995171
37.6 0.00101335 1.98191e-05 0.00103317 0.000993535
37.7 0.00101448 1.98412e-05 0.00103432 0.000994642
37.8 0.00101217 1.98633e-05 0.00103204 0.000992308
37.9 0.00101317 1.98964e-05 0.00103307 0.000993274
38 0.00101429 1.99185e-05 0.00103421 0.000994376
38.1 0.00101197 1.99406e-05 0.00103191 0.000992025
38.2 0.00101365 1.99737e-05 0.00103362 0.000993673
38.3 0.00101338 1.99958e-05 0.00103338 0.000993386
38.4 0.00101381 2.00179e-05 0.00103383 0.00099379
38.5 0.00101493 2.00399e-05 0.00103497 0.000994886
38.6 0.00101465 2.0062e-05 0.00103472 0.000994592
38.7 0.00101577 2.00841e-05 0.00103586 0.000995687
38.8 0.00101689 2.01062e-05 0.00103699 0.000996782
38.9 0.00101522 2.01283e-05 0.00103534 0.000995088
39 0.00101703 2.01504e-05 0.00103718 0.000996877
39.1 0.00101605 2.01724e-05 0.00103622 0.000995873
39.2 0.00101506 2.01945e-05 0.00103525 0.000994865
39.3 0.00101547 2.02166e-05 0.00103569 0.000995253
39.4 0.00101448 2.02387e-05 0.00103471 0.000994236
39.5 0.00101473 2.02718e-05 0.001035 0.000994459
39.6 0.00101654 2.02939e-05 0.00103683 0.000996245
39.7 0.00101428 2.03049e-05 0.00103458 0.000993974
39.8 0.00101413 2.0316e-05 0.00103444 0.000993811
39.9 0.00101468 2.0327e-05 0.001035 0.000994351
40 0.00101296 2.03491e-05 0.00103331 0.000992611
40.1 0.00101335 2.03712e-05 0.00103373 0.000992983
40.2 0.00101233 2.03933e-05 0.00103273 0.00099194
40.3 0.00101201 2.04153e-05 0.00103243 0.0009916
40.4 0.00101311 2.04374e-05 0.00103355 0.000992672
40.5 0.00101066 2.04595e-05 0.00103112 0.000990201
40.6 0.00101104 2.04816e-05 0.00103152 0.00099056
40.7 0.0010123 2.04926e-05 0.00103279 0.000991804
40.8 0.00101038 2.05258e-05 0.0010309 0.000989852
40.9 0.00101058 2.05589e-05 0.00103114 0.000990025
41 0.00101007 2.0592e-05 0.00103066 0.00098948
41.1 0.00101098 2.06251e-05 0.00103161 0.000990357
41.2 0.00101132 2.06465e-05 0.00103196 0.00099067
41.3 0.001011 2.06693e-05 0.00103167 0.00099033
41.4 0.00101205 2.06907e-05 0.00103274 0.000991356
41.5 0.00101241 2.07128e-05 0.00103312 0.000991697
41.6 0.00101187 2.07459e-05 0.00103262 0.000991126
41.7 0.00101367 2.0768e-05 0.00103444 0.000992901
41.8 0.00101187 2.07901e-05 0.00103266 0.000991076
41.9 0.0010124 2.08011e-05 0.0010332 0.000991602
42 0.0010124 2.08011e-05 0.0010332 0.000991602
42.1 0.00101078 2.08122e-05 0.00103159 0.000989966
42.2 0.0010115 2.08122e-05 0.00103231 0.000990687
42.3 0.00101222 2.08122e-05 0.00103303 0.000991407
42.4 0.00101129 2.08674e-05 0.00103216 0.000990423
42.5 0.00101324 2.09226e-05 0.00103416 0.000992318
42.6 0.00101213 2.09446e-05 0.00103308 0.000991189
42.7 0.00101175 2.09667e-05 0.00103271 0.000990781
42.8 0.00101136 2.09888e-05 0.00103235 0.000990371
42.9 0.00101077 2.10219e-05 0.00103179 0.000989749
43 0.0010109 2.10551e-05 0.00103196 0.00098985
43.1 0.00101083 2.10992e-05 0.00103193 0.000989733
43.2 0.00100896 2.11213e-05 0.00103008 0.000987842
43.3 0.00100929 2.11434e-05 0.00103043 0.000988143
43.4 0.00100919 2.11875e-05 0.00103038 0.000988005
43.5 0.00100909 2.12317e-05 0.00103032 0.000987858
43.6 0.0010094 2.12538e-05 0.00103066 0.000988149
43.7 0.0010095 2.12869e-05 0.00103079 0.000988214
43.8 0.00100981 2.1309e-05 0.00103112 0.000988501
43.9 0.00101012 2.13311e-05 0.00103145 0.000988786
44 0.00100873 2.13642e-05 0.00103009 0.000987362
44.1 0.00101155 2.14084e-05 0.00103296 0.000990144
44.2 0.00101111 2.14304e-05 0.00103254 0.000989681
44.3 0.00101037 2.14304e-05 0.0010318 0.000988938
44.4 0.00101163 2.14415e-05 0.00103307 0.000990191
44.5 0.0010094 2.14415e-05 0.00103085 0.000987962
44.6 0.00101044 2.14636e-05 0.00103191 0.00098898
44.7 0.00101074 2.14857e-05 0.00103222 0.000989253
44.8 0.00100977 2.14967e-05 0.00103127 0.000988272
44.9 0.00100977 2.14967e-05 0.00103127 0.000988272
45 0.00101081 2.15188e-05 0.00103232 0.000989287
45.1 0.0010096 2.15409e-05 0.00103115 0.000988064
45.2 0.00101012 2.15519e-05 0.00103167 0.00098857
45.3 0.00100943 2.1585e-05 0.00103102 0.000987846
45.4 0.00100897 2.16071e-05 0.00103057 0.00098736
45.5 0.00100925 2.16292e-05 0.00103088 0.00098762
45.6 0.00100803 2.16513e-05 0.00102968 0.000986378
45.7 0.00100882 2.16844e-05 0.0010305 0.000987136
45.8 0.00100886 2.17175e-05 0.00103057 0.000987139
45.9 0.00100889 2.17506e-05 0.00103064 0.000987138
46 0.00100916 2.17727e-05 0.00103093 0.000987386
46.1 0.00100843 2.18058e-05 0.00103023 0.000986622
46.2 0.00100947 2.1861e-05 0.00103133 0.000987605
46.3 0.00100949 2.19273e-05 0.00103141 0.000987559
46.4 0.00100898 2.19825e-05 0.00103096 0.000987
46.5 0.0010082 2.20487e-05 0.00103025 0.000986155
46.6 0.0010074 2.2115e-05 0.00102952 0.000985287
46.7 0.00100738 2.21481e-05 0.00102952 0.000985229
46.8 0.00100965 2.21812e-05 0.00103183 0.00098747
46.9 0.00100912 2.22033e-05 0.00103132 0.000986915
47 0.00100885 2.22144e-05 0.00103107 0.000986636
47.1 0.00100985 2.22364e-05 0.00103209 0.000987617
47.2 0.00100804 2.22475e-05 0.00103029 0.000985796
47.3 0.00100827 2.22696e-05 0.00103054 0.000986003
47.4 0.00100877 2.22806e-05 0.00103105 0.000986491
47.5 0.00100773 2.22916e-05 0.00103002 0.000985436
47.6 0.00100873 2.23137e-05 0.00103104 0.000986412
47.7 0.0010074 2.23358e-05 0.00102974 0.000985067
47.8 0.00100762 2.23579e-05 0.00102998 0.000985266
47.9 0.00100707 2.238e-05 0.00102945 0.000984689
48 0.00100573 2.2402e-05 0.00102814 0.000983332
48.1 0.00100623 2.24131e-05 0.00102864 0.000983817
48.2 0.00100616 2.24462e-05 0.00102861 0.000983716
48.3 0.00100503 2.24904e-05 0.00102752 0.000982535
48.4 0.00100523 2.25125e-05 0.00102774 0.00098272
48.5 0.00100466 2.25345e-05 0.00102719 0.000982123
48.6 0.00100359 2.25456e-05 0.00102613 0.000981042
48.7 0.00100486 2.25566e-05 0.00102742 0.000982304
48.8 0.00100301 2.25677e-05 0.00102557 0.000980439
48.9 0.00100448 2.26008e-05 0.00102708 0.000981878
49 0.00100438 2.26339e-05 0.00102702 0.000981749
49.1 0.00100301 2.2656e-05 0.00102566 0.000980352
49.2 0.0010035 2.2667e-05 0.00102616 0.00098083
49.3 0.00100369 2.26891e-05 0.00102638 0.000981
49.4 0.00100309 2.27112e-05 0.0010258 0.000980381
49.5 0.00100377 2.27443e-05 0.00102651 0.000981023
49.6 0.00100286 2.27774e-05 0.00102564 0.000980084
49.7 0.00100462 2.27995e-05 0.00102742 0.000981824
49.8 0.00100529 2.28326e-05 0.00102812 0.00098246
49.9 0.00100517 2.28658e-05 0.00102803 0.000982301
50 0.00100614 2.28879e-05 0.00102903 0.000983249
50.1 0.00100601 2.2921e-05 0.00102893 0.000983084
50.2 0.00100511 2.29548e-05 0.00102806 0.000982151
50.3 0.00100576 2.2988e-05 0.00102875 0.000982772
50.4 0.00100541 2.29983e-05 0.00102841 0.000982416
50.5 0.00100513 2.301e-05 0.00102814 0.000982122
50.6 0.0010061 2.30321e-05 0.00102913 0.000983065
50.7 0.00100387 2.30542e-05 0.00102692 0.000980813
50.8 0.00100371 2.30873e-05 0.0010268 0.000980622
50.9 0.00100483 2.31315e-05 0.00102796 0.000981697
51 0.00100226 2.31646e-05 0.00102542 0.000979091
51.1 0.00100354 2.31757e-05 0.00102671 0.00098036
51.2 0.00100241 2.31867e-05 0.00102559 0.000979221
51.3 0.00100256 2.32088e-05 0.00102577 0.000979349
51.4 0.00100318 2.32419e-05 0.00102643 0.000979942
51.5 0.00100219 2.3275e-05 0.00102547 0.00097892
51.6 0.00100234 2.32971e-05 0.00102564 0.000979041
51.7 0.00100262 2.33413e-05 0.00102596 0.00097928
51.8 0.00100162 2.33744e-05 0.00102499 0.000978241
51.9 0.00100222 2.34075e-05 0.00102563 0.000978816
52 0.00100121 2.34407e-05 0.00102465 0.000977765
52.1 0.00100087 2.34517e-05 0.00102432 0.000977414
52.2 0.00100134 2.34627e-05 0.0010248 0.000977874
52.3 0.000999838 2.34848e-05 0.00102332 0.000976353
52.4 0.00100159 2.35069e-05 0.0010251 0.000978086
52.5 0.00100172 2.3529e-05 0.00102525 0.00097819
52.6 0.00100068 2.35621e-05 0.00102424 0.000977118
52.7 0.00100162 2.35842e-05 0.0010252 0.000978034
52.8 0.00100221 2.36173e-05 0.00102582 0.000978589
52.9 0.00100361 2.36504e-05 0.00102726 0.000979962
53 0.00100467 2.36946e-05 0.00102836 0.000980971
53.1 0.00100314 2.37167e-05 0.00102685 0.00097942
53.2 0.00100372 2.37498e-05 0.00102747 0.000979966
53.3 0.00100383 2.37719e-05 0.0010276 0.000980053
53.4 0.00100182 2.37829e-05 0.0010256 0.000978037
53.5 0.00100239 2.38161e-05 0.00102621 0.000978574
53.6 0.00100213 2.38492e-05 0.00102598 0.000978283
53.7 0.00100187 2.38823e-05 0.00102575 0.000977987
53.8 0.00100243 2.39154e-05 0.00102635 0.000978515
53.9 0.0010005 2.39486e-05 0.00102445 0.000976552
54 0.00100059 2.39706e-05 0.00102456 0.000976622
54.1 0.00100151 2.39927e-05 0.00102551 0.000977522
54.2 0.000999108 2.40148e-05 0.00102312 0.000975094
54.3 0.00100057 2.407e-05 0.00102464 0.000976501
54.4 0.00100028 2.41031e-05 0.00102438 0.000976175
54.5 0.000998688 2.41252e-05 0.00102281 0.000974563
54.6 0.000999981 2.41363e-05 0.00102412 0.000975845
54.7 0.000998004 2.41694e-05 0.00102217 0.000973835
54.8 0.000999372 2.42025e-05 0.00102357 0.000975169
54.9 0.000999516 2.42467e-05 0.00102376 0.000975269
55 0.000996741 2.43019e-05 0.00102104 0.000972439
55.1 0.000997709 2.4346e-05 0.00102205 0.000973363
55.2 0.000997769 2.43681e-05 0.00102214 0.000973401
55.3 0.000997886 2.44123e-05 0.0010223 0.000973474
55.4 0.000998845 2.44565e-05 0.0010233 0.000974388
55.5 0.000999401 2.45117e-05 0.00102391 0.000974889
55.6 0.000999051 2.45448e-05 0.0010236 0.000974506
55.7 0.00100035 2.45558e-05 0.00102491 0.000975795
55.8 0.000999145 2.4589e-05 0.00102373 0.000974556
55.9 0.00100004 2.4611e-05 0.00102465 0.000975431
56 0.00100009 2.46331e-05 0.00102472 0.000975453
56.1 0.000999275 2.46552e-05 0.00102393 0.00097462
56.2 0.00100017 2.46773e-05 0.00102485 0.000975493
56.3 0.000999354 2.46994e-05 0.00102405 0.000974654
56.4 0.000998944 2.47104e-05 0.00102365 0.000974234
56.5 0.000999837 2.47325e-05 0.00102457 0.000975105
56.6 0.00100073 2.47546e-05 0.00102548 0.000975975
56.7 0.000999906 2.47767e-05 0.00102468 0.000975129
56.8 0.000999969 2.48208e-05 0.00102479 0.000975148
56.9 0.000999164 2.4865e-05 0.00102403 0.000974299
57 0.000998746 2.4876e-05 0.00102362 0.00097387
57.1 0.000998746 2.4876e-05 0.00102362 0.00097387
57.2 0.000998327 2.48871e-05 0.00102321 0.00097344
57.3 0.000996221 2.49423e-05 0.00102116 0.000971279
57.4 0.000994523 2.49864e-05 0.00101951 0.000969537
57.5 0.000995829 2.49975e-05 0.00102083 0.000970831
57.6 0.000997148 2.50306e-05 0.00102218 0.000972118
57.7 0.000995872 2.50858e-05 0.00102096 0.000970786
57.8 0.000995884 2.513e-05 0.00102101 0.000970754
57.9 0.000995016 2.51521e-05 0.00102017 0.000969864
58 0.000995018 2.51741e-05 0.00102019 0.000969844
58.1 0.000995454 2.51852e-05 0.00102064 0.000970269
58.2 0.000993707 2.52073e-05 0.00101891 0.0009685
58.3 0.000995448 2.52514e-05 0.0010207 0.000970197
58.4 0.000996313 2.52956e-05 0.00102161 0.000971018
58.5 0.000994986 2.53287e-05 0.00102031 0.000969657
58.6 0.000995408 2.53618e-05 0.00102077 0.000970046
58.7 0.000995829 2.5395e-05 0.00102122 0.000970434
58.8 0.000997128 2.54281e-05 0.00102256 0.0009717
58.9 0.000997112 2.54502e-05 0.00102256 0.000971662
59 0.000997095 2.54723e-05 0.00102257 0.000971622
59.1 0.000997508 2.55054e-05 0.00102301 0.000972002
59.2 0.000998371 2.55275e-05 0.0010239 0.000972844
59.3 0.000996603 2.55275e-05 0.00102213 0.000971075
59.4 0.000997034 2.55385e-05 0.00102257 0.000971495
59.5 0.000996555 2.55716e-05 0.00102213 0.000970984
59.6 0.000996959 2.56047e-05 0.00102256 0.000971355
59.7 0.000996502 2.56158e-05 0.00102212 0.000970886
59.8 0.000994727 2.56158e-05 0.00102034 0.000969111
59.9 0.000995156 2.56268e-05 0.00102078 0.000969529
60 0.000995553 2.566e-05 0.00102121 0.000969893
60.1 0.000994132 2.57152e-05 0.00101985 0.000968417
60.2 0.000994947 2.57593e-05 0.00102071 0.000969188
60.3 0.000994865 2.58035e-05 0.00102067 0.000969062
60.4 0.000993882 2.58477e-05 0.00101973 0.000968034
60.5 0.000994306 2.58587e-05 0.00102017 0.000968448
60.6 0.000992939 2.58697e-05 0.00101881 0.000967069
60.7 0.000991992 2.58918e-05 0.00101788 0.000966101
60.8 0.000992786 2.5936e-05 0.00101872 0.00096685
60.9 0.000992198 2.59912e-05 0.00101819 0.000966207
61 0.000993463 2.60243e-05 0.00101949 0.000967438
61.1 0.000992982 2.60354e-05 0.00101902 0.000966947
61.2 0.000991536 2.60685e-05 0.0010176 0.000965468
61.3 0.000992246 2.61347e-05 0.00101838 0.000966111
61.4 0.000990295 2.61789e-05 0.00101647 0.000964116
61.5 0.000991057 2.62231e-05 0.00101728 0.000964834
61.6 0.000992309 2.62562e-05 0.00101857 0.000966053
61.7 0.000989918 2.62893e-05 0.00101621 0.000963629
61.8 0.000990669 2.63335e-05 0.001017 0.000964336
61.9 0.000993244 2.63776e-05 0.00101962 0.000966867
62 0.000992576 2.64328e-05 0.00101901 0.000966143
62.1 0.000993317 2.6477e-05 0.00101979 0.00096684
62.2 0.000993642 2.65101e-05 0.00102015 0.000967132
62.3 0.000994377 2.65543e-05 0.00102093 0.000967823
62.4 0.000996125 2.65764e-05 0.0010227 0.000969548
62.5 0.000993679 2.66095e-05 0.00102029 0.00096707
62.6 0.000993581 2.66316e-05 0.00102021 0.00096695
62.7 0.000994405 2.66537e-05 0.00102106 0.000967751
62.8 0.000991533 2.66758e-05 0.00101821 0.000964857
62.9 0.000992764 2.67089e-05 0.00101947 0.000966055
63 0.000991625 2.6753e-05 0.00101838 0.000964872
63.1 0.000992853 2.67862e-05 0.00101964 0.000966067
63.2 0.000993262 2.67972e-05 0.00102006 0.000966465
63.3 0.000991294 2.68193e-05 0.00101811 0.000964474
63.4 0.000990658 2.68524e-05 0.00101751 0.000963805
63.5 0.000991762 2.69076e-05 0.00101867 0.000964855
63.6 0.000989655 2.69518e-05 0.00101661 0.000962704
63.7 0.000990342 2.6996e-05 0.00101734 0.000963346
63.8 0.000989685 2.70291e-05 0.00101671 0.000962655
63.9 0.000988891 2.70843e-05 0.00101598 0.000961807
64 0.000988521 2.71514e-05 0.00101567 0.000961369
64.1 0.000987302 2.71956e-05 0.0010145 0.000960107
64.2 0.000987962 2.72397e-05 0.0010152 0.000960722
64.3 0.000987819 2.72618e-05 0.00101508 0.000960557
64.4 0.000986729 2.72839e-05 0.00101401 0.000959445
64.5 0.000987128 2.7295e-05 0.00101442 0.000959833
64.6 0.000986831 2.73391e-05 0.00101417 0.000959492
64.7 0.000987875 2.73943e-05 0.00101527 0.000960481
64.8 0.000988517 2.74385e-05 0.00101596 0.000961079
64.9 0.000988204 2.74827e-05 0.00101569 0.000960722
65 0.000990189 2.75379e-05 0.00101773 0.000962651
65.1 0.000990659 2.76041e-05 0.00101826 0.000963055
65.2 0.000989597 2.76814e-05 0.00101728 0.000961916
65.3 0.000990387 2.77035e-05 0.00101809 0.000962683
65.4 0.000990216 2.77256e-05 0.00101794 0.00096249
65.5 0.000989082 2.77477e-05 0.00101683 0.000961334
65.6 0.000988907 2.77697e-05 0.00101668 0.000961137
65.7 0.000987768 2.77918e-05 0.00101556 0.000959976
65.8 0.000987982 2.7825e-05 0.00101581 0.000960157
65.9 0.000988193 2.78581e-05 0.00101605 0.000960335
66 0.000987826 2.79022e-05 0.00101573 0.000959924
66.1 0.000988422 2.79464e-05 0.00101637 0.000960475
66.2 0.000987464 2.80016e-05 0.00101547 0.000959463
66.3 0.000986496 2.80568e-05 0.00101455 0.000958439
66.4 0.000987075 2.8101e-05 0.00101518 0.000958974
66.5 0.000986088 2.81562e-05 0.00101424 0.000957932
66.6 0.000986272 2.81893e-05 0.00101446 0.000958083
66.7 0.000986272 2.81893e-05 0.00101446 0.000958083
66.8 0.000984498 2.82224e-05 0.00101272 0.000956275
66.9 0.000985059 2.82666e-05 0.00101333 0.000956793
67 0.000983869 2.82887e-05 0.00101216 0.00095558
67.1 0.000983656 2.83108e-05 0.00101197 0.000955346
67.2 0.000985358 2.83881e-05 0.00101375 0.00095697
67.3 0.00098486 2.84874e-05 0.00101335 0.000956373
67.4 0.00098578 2.85427e-05 0.00101432 0.000957238
67.5 0.000986086 2.86089e-05 0.0010147 0.000957477
67.6 0.000986383 2.86752e-05 0.00101506 0.000957708
67.7 0.000986149 2.86972e-05 0.00101485 0.000957451
67.8 0.000986528 2.87083e-05 0.00101524 0.00095782
67.9 0.000987666 2.87414e-05 0.00101641 0.000958925
68 0.000985814 2.87745e-05 0.00101459 0.00095704
68.1 0.000982336 2.88187e-05 0.00101115 0.000953517
68.2 0.000984465 2.88518e-05 0.00101332 0.000955613
68.3 0.000986595 2.88849e-05 0.00101548 0.00095771
68.4 0.000984722 2.89181e-05 0.00101364 0.000955804
68.5 0.000985474 2.89402e-05 0.00101441 0.000956533
68.6 0.000985222 2.89622e-05 0.00101418 0.00095626
68.7 0.000983336 2.89954e-05 0.00101233 0.00095434
68.8 0.000983828 2.90395e-05 0.00101287 0.000954788
68.9 0.000983309 2.90837e-05 0.00101239 0.000954225
69 0.000983047 2.91058e-05 0.00101215 0.000953942
69.1 0.000984539 2.91499e-05 0.00101369 0.000955389
69.2 0.000982625 2.91831e-05 0.00101181 0.000953442
69.3 0.000982087 2.92272e-05 0.00101131 0.00095286
69.4 0.000981816 2.92493e-05 0.00101107 0.000952567
69.5 0.000980899 2.92824e-05 0.00101018 0.000951617
69.6 0.000980624 2.93045e-05 0.00100993 0.000951319
69.7 0.000980716 2.93377e-05 0.00101005 0.000951378
69.8 0.000980437 2.93597e-05 0.0010098 0.000951078
69.9 0.000981175 2.93818e-05 0.00101056 0.000951793
70 0.000978572 2.9426e-05 0.001008 0.000949146
70.1 0.000980041 2.94702e-05 0.00100951 0.000950571
70.2 0.000980121 2.95033e-05 0.00100962 0.000950617
70.3 0.000979541 2.95474e-05 0.00100909 0.000949993
70.4 0.000978295 2.96027e-05 0.0010079 0.000948692
70.5 0.000979092 2.96579e-05 0.00100875 0.000949434
70.6 0.000978856 2.97131e-05 0.00100857 0.000949143
70.7 0.000978612 2.97683e-05 0.00100838 0.000948844
70.8 0.000977636 2.98014e-05 0.00100744 0.000947835
70.9 0.000979756 2.98345e-05 0.00100959 0.000949922
71 0.000980172 2.98787e-05 0.00101005 0.000950293
71.1 0.000978872 2.99339e-05 0.00100881 0.000948938
71.2 0.000981716 2.99891e-05 0.00101171 0.000951727
71.3 0.000982122 3.00333e-05 0.00101216 0.000952089
71.4 0.000981122 3.00664e-05 0.00101119 0.000951056
71.5 0.000982203 3.00995e-05 0.0010123 0.000952103
71.6 0.000980152 3.01327e-05 0.00101028 0.00095002
71.7 0.000981589 3.01768e-05 0.00101177 0.000951412
71.8 0.000983026 3.0221e-05 0.00101325 0.000952805
71.9 0.000981317 3.02652e-05 0.00101158 0.000951052
72 0.000981342 3.02983e-05 0.00101164 0.000951043
72.1 0.00098067 3.03424e-05 0.00101101 0.000950327
72.2 0.000979992 3.03866e-05 0.00101038 0.000949605
72.3 0.000980007 3.04197e-05 0.00101043 0.000949587
72.4 0.000980019 3.04529e-05 0.00101047 0.000949566
72.5 0.000978979 3.05191e-05 0.0010095 0.00094846
72.6 0.000979692 3.06074e-05 0.0010103 0.000949085
72.7 0.000976859 3.06516e-05 0.00100751 0.000946207
72.8 0.000977562 3.06737e-05 0.00100824 0.000946889
72.9 0.000977554 3.07068e-05 0.00100826 0.000946848
73 0.000976479 3.07399e-05 0.00100722 0.000945739
73.1 0.000977531 3.07731e-05 0.0010083 0.000946758
73.2 0.000976799 3.08172e-05 0.00100762 0.000945982
73.3 0.000975341 3.08724e-05 0.00100621 0.000944469
73.4 0.000975665 3.09166e-05 0.00100658 0.000944749
73.5 0.000975987 3.09608e-05 0.00100695 0.000945026
73.6 0.000974883 3.09939e-05 0.00100588 0.00094389
73.7 0.000975576 3.10501e-05 0.00100663 0.000944526
73.8 0.000972958 3.11385e-05 0.0010041 0.00094182
73.9 0.000973947 3.12047e-05 0.00100515 0.000942743
74 0.000964673 3.09076e-05 0.00099558 0.000933765
74.1 0.000964363 3.08634e-05 0.000995226 0.0009335
74.2 0.000965118 3.08192e-05 0.000995937 0.000934298
74.3 0.0009648 3.0775e-05 0.000995575 0.000934025
74.4 0.000966261 3.07198e-05 0.000996981 0.000935541
74.5 0.000966648 3.06645e-05 0.000997313 0.000935984
74.6 0.000965967 3.06093e-05 0.000996577 0.000935358
74.7 0.000965992 3.0543e-05 0.000996535 0.000935449
74.8 0.000967063 3.04768e-05 0.00099754 0.000936586
74.9 0.000967769 3.04326e-05 0.000998202 0.000937337
75 0.00096847 3.03884e-05 0.000998858 0.000938081
75.1 0.000968113 3.03442e-05 0.000998457 0.000937768
75.2 0.000968802 3.03e-05 0.000999102 0.000938502
75.3 0.000972291 3.02779e-05 0.00100257 0.000942013
75.4 0.000970872 3.02337e-05 0.00100111 0.000940639
75.5 0.000973668 3.01905e-05 0.00100386 0.000943478
75.6 0.000972931 3.01353e-05 0.00100307 0.000942795
75.7 0.000972904 3.01022e-05 0.00100301 0.000942801
75.8 0.000973589 3.00911e-05 0.00100368 0.000943498
75.9 0.000972517 3.0058e-05 0.00100257 0.000942459
76 0.000973092 2.99475e-05 0.00100304 0.000943145
76.1 0.000971883 2.98149e-05 0.0010017 0.000942068
76.2 0.000969672 2.97155e-05 0.000999387 0.000939956
76.3 0.000970229 2.96382e-05 0.000999867 0.000940591
76.4 0.000968721 2.95609e-05 0.000998282 0.000939161
76.5 0.000968956 2.95056e-05 0.000998461 0.00093945
76.6 0.000970202 2.94504e-05 0.000999653 0.000940752
76.7 0.000968019 2.93841e-05 0.000997403 0.000938635
76.8 0.000967867 2.93178e-05 0.000997184 0.000938549
76.9 0.000968718 2.92516e-05 0.00099797 0.000939467
77 0.000968267 2.92074e-05 0.000997474 0.000939059
77.1 0.000970107 2.91411e-05 0.000999249 0.000940966
77.2 0.000970652 2.90969e-05 0.000999749 0.000941555
77.3 0.000970554 2.90638e-05 0.000999617 0.00094149
77.4 0.000972464 2.90306e-05 0.00100149 0.000943433
77.5 0.000971988 2.89864e-05 0.00100097 0.000943001
77.6 0.000973886 2.89533e-05 0.00100284 0.000944932
77.7 0.000976778 2.89202e-05 0.0010057 0.000947858
77.8 0.000975286 2.8876e-05 0.00100416 0.00094641
77.9 0.000977788 2.88318e-05 0.00100662 0.000948957
78 0.000977287 2.87876e-05 0.00100607 0.000948499
78.1 0.000977533 2.87655e-05 0.0010063 0.000948768
78.2 0.000977778 2.87434e-05 0.00100652 0.000949035
78.3 0.000977646 2.87103e-05 0.00100636 0.000948935
78.4 0.000976381 2.8644e-05 0.00100502 0.000947737
78.5 0.000977233 2.86109e-05 0.00100584 0.000948623
78.6 0.000976102 2.85777e-05 0.00100468 0.000947524
78.7 0.000976191 2.85225e-05 0.00100471 0.000947669
78.8 0.000975665 2.84783e-05 0.00100414 0.000947187
78.9 0.000975136 2.84341e-05 0.00100357 0.000946702
79 0.000975588 2.83899e-05 0.00100398 0.000947198
79.1 0.000974449 2.83568e-05 0.00100281 0.000946092
79.2 0.000973912 2.83126e-05 0.00100222 0.000945599
79.3 0.000975112 2.82905e-05 0.0010034 0.000946821
79.4 0.000973969 2.82574e-05 0.00100223 0.000945712
79.5 0.000973424 2.82132e-05 0.00100164 0.00094521
79.6 0.000974233 2.818e-05 0.00100241 0.000946053
79.7 0.000973087 2.81469e-05 0.00100123 0.00094494
79.8 0.000973297 2.81248e-05 0.00100142 0.000945173
79.9 0.000975837 2.81138e-05 0.00100395 0.000947723
80 0.000976043 2.80917e-05 0.00100413 0.000947951
80.1 0.000976066 2.80364e-05 0.0010041 0.00094803
80.2 0.000973174 2.79812e-05 0.00100116 0.000945193
80.3 0.000975508 2.7937e-05 0.00100345 0.000947571
80.4 0.000976864 2.78928e-05 0.00100476 0.000948971
80.5 0.000977823 2.78376e-05 0.00100566 0.000949985
80.6 0.000977807 2.77824e-05 0.00100559 0.000950025
80.7 0.000978174 2.77382e-05 0.00100591 0.000950436
80.8 0.000977965 2.7705e-05 0.00100567 0.00095026
80.9 0.000981021 2.76829e-05 0.0010087 0.000953338
81 0.000980238 2.76608e-05 0.0010079 0.000952577
81.1 0.000980978 2.76277e-05 0.00100861 0.00095335
81.2 0.00098132 2.75835e-05 0.0010089 0.000953736
81.3 0.000979748 2.75393e-05 0.00100729 0.000952209
81.4 0.000981033 2.74951e-05 0.00100853 0.000953538
81.5 0.000981359 2.7451e-05 0.00100881 0.000953908
81.6 0.000981124 2.74178e-05 0.00100854 0.000953706
81.7 0.000980886 2.73847e-05 0.00100827 0.000953502
81.8 0.000979855 2.73294e-05 0.00100718 0.000952525
81.9 0.000979216 2.72853e-05 0.0010065 0.00095193
82 0.000980461 2.72411e-05 0.0010077 0.00095322
82.1 0.000979415 2.71858e-05 0.0010066 0.000952229
82.2 0.000978763 2.71416e-05 0.0010059 0.000951621
82.3 0.000979047 2.70975e-05 0.00100614 0.000951949
82.4 0.000977988 2.70422e-05 0.00100503 0.000950946
82.5 0.000979196 2.6998e-05 0.00100619 0.000952198
82.6 0.000978126 2.69428e-05 0.00100507 0.000951183
82.7 0.000978385 2.68986e-05 0.00100528 0.000951487
82.8 0.00097718 2.68655e-05 0.00100405 0.000950314
82.9 0.000975446 2.68434e-05 0.00100229 0.000948603
83 0.000978483 2.67992e-05 0.00100528 0.000951683
83.1 0.000980054 2.67661e-05 0.00100682 0.000953288
83.2 0.000980288 2.67219e-05 0.00100701 0.000953566
83.3 0.000981439 2.66777e-05 0.00100812 0.000954761
83.4 0.000980736 2.66335e-05 0.00100737 0.000954103
83.5 0.000982385 2.65783e-05 0.00100896 0.000955807
83.6 0.000983609 2.6512e-05 0.00101012 0.000957097
83.7 0.000982476 2.64568e-05 0.00100893 0.000956019
83.8 0.000983169 2.64015e-05 0.00100957 0.000956767
83.9 0.000984262 2.63573e-05 0.00101062 0.000957905
84 0.000983524 2.63131e-05 0.00100984 0.000957211
84.1 0.000983692 2.6269e-05 0.00100996 0.000957423
84.2 0.000982037 2.62248e-05 0.00100826 0.000955813
84.3 0.000982611 2.61916e-05 0.0010088 0.000956419
84.4 0.000981444 2.61364e-05 0.00100758 0.000955308
84.5 0.00097937 2.60812e-05 0.00100545 0.000953289
84.6 0.000980001 2.60259e-05 0.00100603 0.000953975
84.7 0.00098062 2.59707e-05 0.00100659 0.000954649
84.8 0.00098081 2.59044e-05 0.00100671 0.000954905
84.9 0.000980985 2.58381e-05 0.00100682 0.000955147
85 0.000980674 2.57829e-05 0.00100646 0.000954892
85.1 0.000982511 2.57608e-05 0.00100827 0.00095675
85.2 0.000983452 2.57387e-05 0.00100919 0.000957713
85.3 0.000983076 2.57056e-05 0.00100878 0.00095737
85.4 0.000983629 2.56503e-05 0.00100928 0.000957979
85.5 0.000985483 2.56062e-05 0.00101109 0.000959877
85.6 0.000985553 2.5562e-05 0.00101112 0.000959991
85.7 0.000987414 2.54957e-05 0.00101291 0.000961918
85.8 0.000986609 2.54294e-05 0.00101204 0.000961179
85.9 0.000986632 2.54073e-05 0.00101204 0.000961224
86 0.000989272 2.54073e-05 0.00101468 0.000963865
86.1 0.000987083 2.53963e-05 0.00101248 0.000961686
86.2 0.000988447 2.5341e-05 0.00101379 0.000963106
86.3 0.000988921 2.52858e-05 0.00101421 0.000963635
86.4 0.00098675 2.52527e-05 0.001012 0.000961497
86.5 0.000987643 2.52085e-05 0.00101285 0.000962434
86.6 0.000987221 2.51532e-05 0.00101237 0.000962068
86.7 0.000984617 2.51091e-05 0.00100973 0.000959508
86.8 0.000986358 2.50649e-05 0.00101142 0.000961293
86.9 0.000985051 2.50096e-05 0.00101006 0.000960041
87 0.000984168 2.49434e-05 0.00100911 0.000959225
87.1 0.000985875 2.48992e-05 0.00101077 0.000960976
87.2 0.000984125 2.4855e-05 0.00100898 0.00095927
87.3 0.000985393 2.48218e-05 0.00101021 0.000960571
87.4 0.000987093 2.47998e-05 0.00101189 0.000962293
87.5 0.000987072 2.47777e-05 0.00101185 0.000962294
87.6 0.000988348 2.47666e-05 0.00101311 0.000963581
87.7 0.000987466 2.47445e-05 0.00101221 0.000962721
87.8 0.000988712 2.47114e-05 0.00101342 0.000964
87.9 0.000989538 2.46893e-05 0.00101423 0.000964849
88 0.000989064 2.46561e-05 0.00101372 0.000964408
88.1 0.000989849 2.4612e-05 0.00101446 0.000965237
88.2 0.000991031 2.45567e-05 0.00101559 0.000966474
88.3 0.000990901 2.44904e-05 0.00101539 0.00096641
88.4 0.000991205 2.44352e-05 0.00101564 0.00096677
88.5 0.000990706 2.44021e-05 0.00101511 0.000966304
88.6 0.000991103 2.4391e-05 0.00101549 0.000966712
88.7 0.000991049 2.43689e-05 0.00101542 0.00096668
88.8 0.000990151 2.43468e-05 0.0010145 0.000965804
88.9 0.000989196 2.43027e-05 0.0010135 0.000964893
89 0.000989467 2.42474e-05 0.00101371 0.00096522
89.1 0.0009876 2.41811e-05 0.00101178 0.000963419
89.2 0.000987399 2.41149e-05 0.00101151 0.000963285
89.3 0.000987185 2.40486e-05 0.00101123 0.000963136
89.4 0.000987787 2.39823e-05 0.00101177 0.000963805
89.5 0.000989656 2.39271e-05 0.00101358 0.000965729
89.6 0.000988568 2.38608e-05 0.00101243 0.000964707
89.7 0.000990768 2.37945e-05 0.00101456 0.000966973
89.8 0.000992477 2.37172e-05 0.00101619 0.00096876
89.9 0.000992053 2.36288e-05 0.00101568 0.000968425
90 0.000993352 2.35625e-05 0.00101691 0.000969789
90.1 0.000993236 2.35404e-05 0.00101678 0.000969695
90.2 0.000993585 2.35294e-05 0.00101711 0.000970055
90.3 0.000994748 2.35183e-05 0.00101827 0.000971229
90.4 0.000993346 2.34852e-05 0.00101683 0.000969861
90.5 0.000994382 2.34521e-05 0.00101783 0.00097093
90.6 0.000993788 2.34189e-05 0.00101721 0.000970369
90.7 0.000991913 2.33747e-05 0.00101529 0.000968538
90.8 0.000991184 2.33195e-05 0.0010145 0.000967865
90.9 0.000990145 2.32761e-05 0.00101342 0.000966869
91 0.000989508 2.32422e-05 0.00101275 0.000966266
91.1 0.00099098 2.32201e-05 0.0010142 0.00096776
91.2 0.000990176 2.32201e-05 0.0010134 0.000966956
91.3 0.000991677 2.31987e-05 0.00101488 0.000968478
91.4 0.000992668 2.31656e-05 0.00101583 0.000969502
91.5 0.000991575 2.31214e-05 0.0010147 0.000968454
91.6 0.000993677 2.30772e-05 0.00101675 0.0009706
91.7 0.000994168 2.3033e-05 0.0010172 0.000971135
91.8 0.000994331 2.29999e-05 0.00101733 0.000971331
91.9 0.000995123 2.29447e-05 0.00101807 0.000972178
92 0.000996379 2.29005e-05 0.00101928 0.000973479
92.1 0.000996659 2.28342e-05 0.00101949 0.000973825
92.2 0.000997099 2.279e-05 0.00101989 0.000974309
92.3 0.000996437 2.27569e-05 0.00101919 0.000973681
92.4 0.000997833 2.27348e-05 0.00102057 0.000975098
92.5 0.00099765 2.27127e-05 0.00102036 0.000974937
92.6 0.00099698 2.26795e-05 0.00101966 0.0009743
92.7 0.000997578 2.26574e-05 0.00102024 0.000974921
92.8 0.000996903 2.26243e-05 0.00101953 0.000974278
92.9 0.00099652 2.25801e-05 0.0010191 0.00097394
93 0.000995839 2.2547e-05 0.00101839 0.000973292
93.1 0.000995446 2.25028e-05 0.00101795 0.000972943
93.2 0.000995537 2.24696e-05 0.00101801 0.000973067
93.3 0.000994846 2.24365e-05 0.00101728 0.000972409
93.4 0.000995419 2.24144e-05 0.00101783 0.000973004
93.5 0.000994722 2.23813e-05 0.0010171 0.000972341
93.6 0.000991701 2.23481e-05 0.00101405 0.000969353
93.7 0.000994095 2.2315e-05 0.00101641 0.00097178
93.8 0.000995428 2.22929e-05 0.00101772 0.000973135
93.9 0.000994719 2.22597e-05 0.00101698 0.000972459
94 0.000996813 2.22377e-05 0.00101905 0.000974576
94.1 0.000998404 2.22045e-05 0.00102061 0.0009762
94.2 0.000998721 2.21603e-05 0.00102088 0.00097656
94.3 0.000999794 2.21161e-05 0.00102191 0.000977677
94.4 0.00100009 2.20719e-05 0.00102216 0.000978018
94.5 0.000999614 2.20278e-05 0.00102164 0.000977586
94.6 0.0010009 2.20057e-05 0.0010229 0.000978892
94.7 0.000999132 2.19836e-05 0.00102112 0.000977148
94.8 0.000999649 2.19615e-05 0.00102161 0.000977687
94.9 0.00100067 2.19504e-05 0.00102262 0.000978716
95 0.00099814 2.19283e-05 0.00102007 0.000976212
95.1 0.000999411 2.19062e-05 0.00102132 0.000977505
95.2 0.000998153 2.18621e-05 0.00102001 0.000976291
95.3 0.000997647 2.18179e-05 0.00101946 0.000975829
95.4 0.000997135 2.17737e-05 0.00101891 0.000975361
95.5 0.00099637 2.17405e-05 0.00101811 0.00097463
95.6 0.000996862 2.17184e-05 0.00101858 0.000975144
95.7 0.000998103 2.16963e-05 0.0010198 0.000976407
95.8 0.000997595 2.16853e-05 0.00101928 0.000975909
95.9 0.000998079 2.16632e-05 0.00101974 0.000976416
96 0.00099832 2.16522e-05 0.00101997 0.000976668
96.1 0.0009988 2.16301e-05 0.00102043 0.00097717
96.2 0.00100054 2.1619e-05 0.00102216 0.000978918
96.3 0.000999277 2.1608e-05 0.00102088 0.000977669
96.4 0.0010005 2.15859e-05 0.00102208 0.000978913
96.5 0.00100097 2.15638e-05 0.00102253 0.000979405
96.6 0.000999709 2.15527e-05 0.00102126 0.000978156
96.7 0.00100144 2.15417e-05 0.00102298 0.000979894
96.8 0.0010019 2.15196e-05 0.00102342 0.000980379
96.9 0.00100162 2.14975e-05 0.00102311 0.000980118
97 0.00100282 2.14754e-05 0.00102429 0.000981342
97.1 0.00100276 2.14423e-05 0.0010242 0.000981313
97.2 0.00100343 2.14091e-05 0.00102484 0.000982021
97.3 0.00100388 2.1387e-05 0.00102526 0.00098249
97.4 0.00100284 2.13649e-05 0.0010242 0.000981475
97.5 0.0010038 2.13539e-05 0.00102515 0.000982447
97.6 0.00100402 2.13428e-05 0.00102536 0.000982678
97.7 0.00100224 2.13207e-05 0.00102356 0.000980922
97.8 0.0010032 2.13097e-05 0.00102451 0.00098189
97.9 0.0010029 2.12876e-05 0.00102418 0.000981609
98 0.00100311 2.12766e-05 0.00102439 0.000981837
98.1 0.00100354 2.12545e-05 0.0010248 0.00098229
98.2 0.00100082 2.12434e-05 0.00102206 0.000979572
98.3 0.0010025 2.12324e-05 0.00102373 0.000981269
98.4 0.00100271 2.12213e-05 0.00102394 0.000981494
98.5 0.00100167 2.11992e-05 0.00102287 0.000980472
98.6 0.00100188 2.11882e-05 0.00102307 0.000980695
98.7 0.00100136 2.11771e-05 0.00102254 0.000980183
98.8 0.00100084 2.11661e-05 0.001022 0.000979672
98.9 0.00100178 2.1155e-05 0.00102294 0.000980627
99 0.00100074 2.1133e-05 0.00102187 0.000979602
99.1 0.00100188 2.11109e-05 0.00102299 0.000980772
99.2 0.0010023 2.10888e-05 0.00102338 0.000981207
99.3 0.00100031 2.10777e-05 0.00102139 0.000979232
99.4 0.00100125 2.10667e-05 0.00102231 0.000980179
99.5 0.00100165 2.10446e-05 0.0010227 0.000980609
99.6 0.0010006 2.10225e-05 0.00102162 0.000979579
99.7 0.00100153 2.10114e-05 0.00102254 0.00098052
99.8 0.0010008 2.10114e-05 0.00102182 0.000979792
99.9 0.00100153 2.10114e-05 0.00102254 0.00098052
100 0.00100193 2.09893e-05 0.00102292 0.000980943
100.1 0.00100233 2.09672e-05 0.0010233 0.000981363
100.2 0.00100345 2.09452e-05 0.0010244 0.000982506
100.3 0.00100365 2.09341e-05 0.00102458 0.000982713
100.4 0.00100259 2.0912e-05 0.0010235 0.000981676
100.5 0.00100515 2.08899e-05 0.00102604 0.000984257
100.6 0.00100336 2.08678e-05 0.00102423 0.000982493
100.7 0.00100393 2.08347e-05 0.00102477 0.000983098
100.8 0.00100575 2.08126e-05 0.00102656 0.000984939
100.9 0.00100487 2.07794e-05 0.00102565 0.000984091
101 0.00100507 2.07242e-05 0.00102579 0.000984347
101.1 0.00100579 2.068e-05 0.00102647 0.000985113
101.2 0.00100472 2.06579e-05 0.00102538 0.000984061
101.3 0.00100561 2.06469e-05 0.00102626 0.000984965
101.4 0.00100454 2.06248e-05 0.00102516 0.000983911
101.5 0.00100506 2.05916e-05 0.00102565 0.00098447
101.6 0.00100595 2.05806e-05 0.00102653 0.000985368
101.7 0.00100344 2.05585e-05 0.001024 0.000982885
101.8 0.00100382 2.05371e-05 0.00102436 0.000983284
101.9 0.0010047 2.0526e-05 0.00102523 0.000984177
102 0.00100291 2.05039e-05 0.00102342 0.000982407
102.1 0.00100325 2.04818e-05 0.00102373 0.000982768
102.2 0.00100146 2.04597e-05 0.00102192 0.000980999
102.3 0.00100304 2.04487e-05 0.00102349 0.000982594
102.4 0.00100354 2.04156e-05 0.00102395 0.000983123
102.5 0.00100262 2.03824e-05 0.001023 0.000982233
102.6 0.00100223 2.03603e-05 0.00102259 0.000981874
102.7 0.00100256 2.03382e-05 0.00102289 0.000982218
102.8 0.00100185 2.03382e-05 0.00102219 0.000981513
102.9 0.00100342 2.03272e-05 0.00102375 0.000983092
103 0.00100428 2.03161e-05 0.0010246 0.000983966
103.1 0.00100389 2.0294e-05 0.00102419 0.000983598
103.2 0.00100616 2.0283e-05 0.00102644 0.000985874
103.3 0.00100491 2.02719e-05 0.00102518 0.000984634
103.4 0.00100576 2.02609e-05 0.00102602 0.000985501
103.5 0.00100677 2.02388e-05 0.00102701 0.00098653
103.6 0.00100832 2.02278e-05 0.00102855 0.000988094
103.7 0.00100862 2.02057e-05 0.00102883 0.000988414
103.8 0.00100892 2.01836e-05 0.0010291 0.000988732
103.9 0.00100921 2.01615e-05 0.00102937 0.000989046
104 0.0010088 2.01394e-05 0.00102894 0.00098866
104.1 0.00100978 2.01173e-05 0.0010299 0.000989666
104.2 0.00101007 2.00952e-05 0.00103016 0.000989971
104.3 0.00100715 2.0051e-05 0.0010272 0.0009871
104.4 0.00100535 2.00289e-05 0.00102538 0.000985318
104.5 0.00100826 2.00179e-05 0.00102828 0.000988242
104.6 0.00100853 1.99958e-05 0.00102853 0.000988536
104.7 0.00100798 1.99847e-05 0.00102796 0.00098799
104.8 0.00100894 1.99626e-05 0.0010289 0.000988973
104.9 0.00100726 1.99295e-05 0.00102719 0.000987331
105 0.00100696 1.98963e-05 0.00102686 0.000987067
105.1 0.00100653 1.98742e-05 0.00102641 0.00098666
105.2 0.00100541 1.98521e-05 0.00102527 0.000985563
105.3 0.00100498 1.983e-05 0.00102481 0.000985153
105.4 0.00100524 1.9808e-05 0.00102504 0.000985427
105.5 0.0010048 1.97859e-05 0.00102459 0.000985014
105.6 0.00100436 1.97638e-05 0.00102413 0.000984598
105.7 0.00100448 1.97527e-05 0.00102424 0.000984732
105.8 0.00100529 1.97417e-05 0.00102503 0.000985549
105.9 0.00100734 1.97417e-05 0.00102708 0.000987601
106 0.00100622 1.97196e-05 0.00102593 0.000986495
106.1 0.00100713 1.96975e-05 0.00102683 0.000987437
106.2 0.00100725 1.96864e-05 0.00102694 0.000987565
106.3 0.00100748 1.96643e-05 0.00102715 0.000987819
106.4 0.00100839 1.96422e-05 0.00102804 0.000988751
106.5 0.00100794 1.96201e-05 0.00102756 0.000988318
106.6 0.00100941 1.96091e-05 0.00102902 0.0009898
106.7 0.00101042 1.9576e-05 0.00102999 0.000990839
106.8 0.00101063 1.95539e-05 0.00103018 0.000991076
106.9 0.00101152 1.95318e-05 0.00103105 0.000991985
107 0.00101301 1.95214e-05 0.00103253 0.000993485
107.1 0.00101264 1.94882e-05 0.00103213 0.000993149
107.2 0.00101351 1.94661e-05 0.00103298 0.000994046
107.3 0.00101303 1.9444e-05 0.00103248 0.000993591
107.4 0.00101256 1.94219e-05 0.00103198 0.000993135
107.5 0.001014 1.94109e-05 0.00103341 0.000994587
107.6 0.00101284 1.93888e-05 0.00103223 0.000993455
107.7 0.00101178 1.93556e-05 0.00103114 0.000992427
107.8 0.00101072 1.93225e-05 0.00103004 0.000991397
107.9 0.00100965 1.92894e-05 0.00102894 0.000990365
108 0.00100974 1.92783e-05 0.00102902 0.000990465
108.1 0.00100925 1.92562e-05 0.00102851 0.000989997
108.2 0.00100943 1.92341e-05 0.00102866 0.000990194
108.3 0.0010091 1.91899e-05 0.00102829 0.000989913
108.4 0.00100877 1.91457e-05 0.00102791 0.000989623
108.5 0.00100959 1.91236e-05 0.00102872 0.000990469
108.6 0.00101041 1.91015e-05 0.00102951 0.000991309
108.7 0.00101196 1.90684e-05 0.00103103 0.000992892
108.8 0.00101343 1.90463e-05 0.00103247 0.000994381
108.9 0.00101489 1.90242e-05 0.00103391 0.000995863
109 0.00101568 1.90021e-05 0.00103469 0.000996681
109.1 0.00101647 1.898e-05 0.00103545 0.000997495
109.2 0.0010172 1.8969e-05 0.00103617 0.000998228
109.3 0.00101792 1.89579e-05 0.00103688 0.00099896
109.4 0.00101936 1.89358e-05 0.00103829 0.00100042
109.5 0.00101823 1.89027e-05 0.00103713 0.000999324
109.6 0.00101829 1.88916e-05 0.00103718 0.000999394
109.7 0.00101775 1.88695e-05 0.00103662 0.000998879
109.8 0.00101715 1.88585e-05 0.00103601 0.000998294
109.9 0.00101661 1.88364e-05 0.00103545 0.000997777
110 0.00101602 1.88253e-05 0.00103484 0.000997192
110.1 0.00101548 1.88032e-05 0.00103428 0.000996673
110.2 0.00101434 1.87701e-05 0.00103311 0.000995566
110.3 0.00101379 1.8748e-05 0.00103254 0.000995044
110.4 0.00101319 1.8737e-05 0.00103193 0.000994457
110.5 0.00101265 1.87149e-05 0.00103136 0.000993933
110.6 0.0010127 1.87038e-05 0.0010314 0.000993994
110.7 0.0010128 1.86817e-05 0.00103148 0.000994114
110.8 0.00101224 1.86596e-05 0.0010309 0.000993585
110.9 0.00101294 1.86486e-05 0.00103159 0.000994288
111 0.00101423 1.86486e-05 0.00103288 0.00099558
111.1 0.00101552 1.86486e-05 0.00103417 0.000996872
111.2 0.00101621 1.86375e-05 0.00103485 0.000997573
111.3 0.00101694 1.86154e-05 0.00103556 0.000998325
111.4 0.00101766 1.8605e-05 0.00103626 0.000999054
111.5 0.00101774 1.85829e-05 0.00103632 0.000999155
111.6 0.00101846 1.85608e-05 0.00103702 0.000999896
111.7 0.00101978 1.85498e-05 0.00103833 0.00100123
111.8 0.00101985 1.85277e-05 0.00103837 0.00100132
111.9 0.00102055 1.85056e-05 0.00103906 0.00100205
112 0.00102129 1.84724e-05 0.00103976 0.00100281
112.1 0.00102201 1.84393e-05 0.00104045 0.00100357
112.2 0.00102206 1.84172e-05 0.00104048 0.00100364
112.3 0.00102211 1.83951e-05 0.0010405 0.00100371
112.4 0.00102213 1.8384e-05 0.00104051 0.00100375
112.5 0.00102154 1.83619e-05 0.0010399 0.00100318
112.6 0.00102156 1.83509e-05 0.00103991 0.00100321
112.7 0.00102158 1.83398e-05 0.00103992 0.00100324
112.8 0.00102098 1.83177e-05 0.0010393 0.00100267
112.9 0.00102039 1.82956e-05 0.00103868 0.00100209
113 0.00101979 1.82736e-05 0.00103806 0.00100151
113.1 0.00101919 1.82515e-05 0.00103744 0.00100093
113.2 0.00101983 1.82404e-05 0.00103807 0.00100159
113.3 0.00101861 1.82073e-05 0.00103682 0.0010004
113.4 0.00101864 1.81741e-05 0.00103682 0.00100047
113.5 0.00101866 1.8152e-05 0.00103682 0.00100051
113.6 0.0010193 1.8141e-05 0.00103744 0.00100116
113.7 0.00101993 1.8141e-05 0.00103807 0.00100179
113.8 0.00101994 1.81189e-05 0.00103806 0.00100182
113.9 0.00102058 1.80968e-05 0.00103868 0.00100248
114 0.00102183 1.80857e-05 0.00103992 0.00100375
114.1 0.00102184 1.80636e-05 0.0010399 0.00100377
114.2 0.00102184 1.80415e-05 0.00103988 0.0010038
114.3 0.00102246 1.80194e-05 0.00104048 0.00100444
114.4 0.00102308 1.80084e-05 0.00104109 0.00100507
114.5 0.00102369 1.79863e-05 0.00104168 0.00100571
114.6 0.00102367 1.79532e-05 0.00104163 0.00100572
114.7 0.00102365 1.792e-05 0.00104157 0.00100573
114.8 0.00102424 1.78979e-05 0.00104214 0.00100635
114.9 0.0010236 1.78758e-05 0.00104147 0.00100572
115 0.0010236 1.78758e-05 0.00104147 0.00100572
115.1 0.00102295 1.78537e-05 0.0010408 0.0010051
115.2 0.00102294 1.78427e-05 0.00104078 0.00100509
115.3 0.00102292 1.78316e-05 0.00104075 0.00100509
115.4 0.00102227 1.78095e-05 0.00104008 0.00100446
115.5 0.0010216 1.77764e-05 0.00103938 0.00100382
115.6 0.0010209 1.77322e-05 0.00103863 0.00100317
115.7 0.00102022 1.76991e-05 0.00103792 0.00100252
115.8 0.00102078 1.7677e-05 0.00103846 0.00100311
115.9 0.00102012 1.76549e-05 0.00103777 0.00100246
116 0.00102134 1.76549e-05 0.001039 0.00100369
116.1 0.00102193 1.76438e-05 0.00103957 0.00100428
116.2 0.00102187 1.76217e-05 0.00103949 0.00100424
116.3 0.00102245 1.76107e-05 0.00104006 0.00100484
116.4 0.00102363 1.75996e-05 0.00104123 0.00100603
116.5 0.00102296 1.75775e-05 0.00104053 0.00100538
116.6 0.00102353 1.75665e-05 0.0010411 0.00100596
116.7 0.00102471 1.75554e-05 0.00104227 0.00100716
116.8 0.00102464 1.75333e-05 0.00104217 0.0010071
116.9 0.00102577 1.75112e-05 0.00104328 0.00100826
117 0.00102569 1.74891e-05 0.00104318 0.0010082
117.1 0.00102625 1.74781e-05 0.00104373 0.00100877
117.2 0.00102681 1.7467e-05 0.00104428 0.00100935
117.3 0.00102616 1.7456e-05 0.00104362 0.00100871
117.4 0.00102607 1.74339e-05 0.00104351 0.00100864
117.5 0.00102603 1.74228e-05 0.00104345 0.0010086
117.6 0.00102473 1.74008e-05 0.00104213 0.00100732
117.7 0.00102528 1.73897e-05 0.00104267 0.00100789
117.8 0.00102523 1.73787e-05 0.00104261 0.00100785
117.9 0.00102518 1.73676e-05 0.00104255 0.00100781
118 0.00102513 1.73566e-05 0.00104249 0.00100777
118.1 0.00102382 1.73345e-05 0.00104116 0.00100649
118.2 0.00102377 1.73234e-05 0.0010411 0.00100645
118.3 0.00102366 1.73013e-05 0.00104097 0.00100636
118.4 0.00102296 1.72792e-05 0.00104023 0.00100568
118.5 0.00102344 1.72571e-05 0.0010407 0.00100618
118.6 0.00102338 1.72461e-05 0.00104063 0.00100614
118.7 0.00102332 1.7235e-05 0.00104056 0.00100609
118.8 0.00102386 1.7224e-05 0.00104109 0.00100664
118.9 0.00102434 1.72019e-05 0.00104154 0.00100713
119 0.00102427 1.71908e-05 0.00104146 0.00100708
119.1 0.0010254 1.71798e-05 0.00104258 0.00100822
119.2 0.00102587 1.71577e-05 0.00104302 0.00100871
119.3 0.00102632 1.71356e-05 0.00104346 0.00100919
119.4 0.00102612 1.71025e-05 0.00104322 0.00100901
119.5 0.00102657 1.70804e-05 0.00104365 0.00100949
119.6 0.00102694 1.70472e-05 0.00104398 0.00100989
119.7 0.00102745 1.70362e-05 0.00104449 0.00101041
119.8 0.00102737 1.70251e-05 0.0010444 0.00101035
119.9 0.0010273 1.70141e-05 0.00104431 0.00101028
120 0.00102722 1.7003e-05 0.00104422 0.00101022
120.1 0.00102698 1.69699e-05 0.00104395 0.00101001
120.2 0.00102682 1.69478e-05 0.00104377 0.00100987
120.3 0.00102673 1.69367e-05 0.00104367 0.0010098
120.4 0.00102598 1.69146e-05 0.0010429 0.00100907
120.5 0.00102523 1.68925e-05 0.00104212 0.00100833
120.6 0.00102447 1.68704e-05 0.00104134 0.0010076
120.7 0.00102429 1.68483e-05 0.00104114 0.00100745
120.8 0.00102421 1.68373e-05 0.00104104 0.00100737
120.9 0.00102461 1.68152e-05 0.00104143 0.00100779
121 0.00102519 1.68152e-05 0.00104201 0.00100838
121.1 0.0010251 1.68042e-05 0.0010419 0.0010083
121.2 0.00102559 1.67931e-05 0.00104238 0.0010088
121.3 0.0010255 1.67821e-05 0.00104228 0.00100871
121.4 0.00102598 1.6771e-05 0.00104275 0.00100921
121.5 0.00102647 1.676e-05 0.00104323 0.00100971
121.6 0.00102695 1.67489e-05 0.0010437 0.0010102
121.7 0.00102676 1.67268e-05 0.00104348 0.00101003
121.8 0.00102724 1.67158e-05 0.00104395 0.00101052
121.9 0.00102704 1.66937e-05 0.00104373 0.00101034
122 0.00102809 1.66826e-05 0.00104477 0.00101141
122.1 0.00102846 1.66605e-05 0.00104512 0.0010118
122.2 0.00102882 1.66384e-05 0.00104546 0.00101219
122.3 0.00102976 1.66163e-05 0.00104638 0.00101314
122.4 0.00102965 1.66053e-05 0.00104626 0.00101305
122.5 0.00102954 1.65942e-05 0.00104613 0.00101295
122.6 0.00103012 1.65942e-05 0.00104671 0.00101352
122.7 0.00102932 1.65721e-05 0.00104589 0.00101275
122.8 0.00102978 1.65611e-05 0.00104634 0.00101322
122.9 0.00102898 1.6539e-05 0.00104552 0.00101244
123 0.00102806 1.65059e-05 0.00104457 0.00101155
123.1 0.00102783 1.64838e-05 0.00104431 0.00101134
123.2 0.00102702 1.64617e-05 0.00104348 0.00101056
123.3 0.00102678 1.64396e-05 0.00104322 0.00101034
123.4 0.00102723 1.64285e-05 0.00104365 0.0010108
123.5 0.00102654 1.64175e-05 0.00104295 0.00101012
123.6 0.00102698 1.64064e-05 0.00104339 0.00101058
123.7 0.00102743 1.63954e-05 0.00104382 0.00101103
123.8 0.00102762 1.63622e-05 0.00104398 0.00101125
123.9 0.00102793 1.63401e-05 0.00104427 0.00101159
124 0.00102836 1.63291e-05 0.00104469 0.00101203
124.1 0.0010288 1.6318e-05 0.00104512 0.00101248
124.2 0.00102923 1.6307e-05 0.00104554 0.00101292
124.3 0.00102953 1.62849e-05 0.00104581 0.00101324
124.4 0.00102969 1.62518e-05 0.00104594 0.00101343
124.5 0.00103053 1.62297e-05 0.00104676 0.0010143
124.6 0.00103082 1.62076e-05 0.00104702 0.00101461
124.7 0.00103067 1.61965e-05 0.00104687 0.00101448
124.8 0.00103123 1.61965e-05 0.00104743 0.00101504
124.9 0.00103109 1.61855e-05 0.00104728 0.00101491
125 0.0010308 1.61634e-05 0.00104697 0.00101464
125.1 0.00103051 1.61413e-05 0.00104665 0.00101437
125.2 0.00103037 1.61302e-05 0.0010465 0.00101424
125.3 0.00102966 1.61192e-05 0.00104578 0.00101354
125.4 0.00102951 1.61081e-05 0.00104562 0.00101341
125.5 0.00102992 1.60971e-05 0.00104602 0.00101383
125.6 0.00102977 1.6086e-05 0.00104586 0.00101369
125.7 0.00102907 1.6075e-05 0.00104514 0.00101299
125.8 0.00102891 1.60639e-05 0.00104498 0.00101285
125.9 0.00102821 1.60529e-05 0.00104426 0.00101215
126 0.00102861 1.60418e-05 0.00104465 0.00101257
126.1 0.00102917 1.60418e-05 0.00104521 0.00101312
126.2 0.0010283 1.60197e-05 0.00104432 0.00101228
126.3 0.0010287 1.60087e-05 0.00104471 0.0010127
126.4 0.00102855 1.59976e-05 0.00104455 0.00101255
126.5 0.0010295 1.59866e-05 0.00104549 0.00101351
126.6 0.00102989 1.59755e-05 0.00104587 0.00101392
126.7 0.00103029 1.59645e-05 0.00104625 0.00101432
126.8 0.00103107 1.59424e-05 0.00104701 0.00101513
126.9 0.0010313 1.59203e-05 0.00104722 0.00101538
127 0.00103097 1.58982e-05 0.00104686 0.00101507
127.1 0.00103228 1.58761e-05 0.00104816 0.00101641
127.2 0.00103249 1.5854e-05 0.00104835 0.00101664
127.3 0.00103287 1.5843e-05 0.00104872 0.00101703
127.4 0.00103325 1.58319e-05 0.00104908 0.00101742
127.5 0.00103325 1.58319e-05 0.00104908 0.00101742
127.6 0.00103362 1.58209e-05 0.00104945 0.0010178
127.7 0.0010331 1.57877e-05 0.00104889 0.00101731
127.8 0.00103292 1.57767e-05 0.0010487 0.00101715
127.9 0.00103275 1.57656e-05 0.00104851 0.00101698
128 0.00103184 1.57435e-05 0.00104759 0.0010161
128.1 0.00103166 1.57325e-05 0.0010474 0.00101593
128.2 0.00103203 1.57214e-05 0.00104775 0.00101631
128.3 0.00103185 1.57104e-05 0.00104756 0.00101614
128.4 0.00103094 1.56883e-05 0.00104663 0.00101525
128.5 0.00103076 1.56772e-05 0.00104644 0.00101508
128.6 0.00103112 1.56662e-05 0.00104678 0.00101545
128.7 0.00103075 1.56441e-05 0.00104639 0.0010151
128.8 0.00103056 1.56331e-05 0.00104619 0.00101493
128.9 0.00103091 1.5622e-05 0.00104654 0.00101529
129 0.00103108 1.55999e-05 0.00104668 0.00101548
129.1 0.00103197 1.55889e-05 0.00104756 0.00101638
129.2 0.00103231 1.55778e-05 0.00104789 0.00101674
129.3 0.00103301 1.55557e-05 0.00104856 0.00101745
129.4 0.00103261 1.55336e-05 0.00104815 0.00101708
129.5 0.0010333 1.55115e-05 0.00104881 0.00101778
129.6 0.00103417 1.55005e-05 0.00104967 0.00101867
129.7 0.00103377 1.54784e-05 0.00104925 0.00101829
129.8 0.00103484 1.54784e-05 0.00105032 0.00101936
129.9 0.00103517 1.54673e-05 0.00105064 0.00101971
130 0.00103476 1.54452e-05 0.00105021 0.00101932
130.1 0.00103489 1.54231e-05 0.00105031 0.00101946
130.2 0.00103394 1.5401e-05 0.00104934 0.00101854
130.3 0.00103373 1.539e-05 0.00104912 0.00101834
130.4 0.00103352 1.5379e-05 0.0010489 0.00101814
130.5 0.00103331 1.53679e-05 0.00104868 0.00101794
130.6 0.0010331 1.53569e-05 0.00104846 0.00101774
130.7 0.00103289 1.53458e-05 0.00104823 0.00101754
130.8 0.00103268 1.53348e-05 0.00104801 0.00101734
130.9 0.00103299 1.53237e-05 0.00104832 0.00101767
131 0.00103225 1.53127e-05 0.00104756 0.00101694
131.1 0.00103256 1.53016e-05 0.00104787 0.00101726
131.2 0.00103288 1.52906e-05 0.00104817 0.00101759
131.3 0.00103266 1.52795e-05 0.00104794 0.00101738
131.4 0.00103372 1.52795e-05 0.001049 0.00101844
131.5 0.00103403 1.52685e-05 0.0010493 0.00101876
131.6 0.00103381 1.52574e-05 0.00104907 0.00101855
131.7 0.00103412 1.52464e-05 0.00104936 0.00101887
131.8 0.00103548 1.52353e-05 0.00105071 0.00102024
131.9 0.00103556 1.52132e-05 0.00105077 0.00102034
132 0.00103586 1.52022e-05 0.00105106 0.00102066
132.1 0.00103541 1.51801e-05 0.00105059 0.00102023
132.2 0.00103623 1.5169e-05 0.0010514 0.00102106
132.3 0.00103652 1.5158e-05 0.00105168 0.00102137
132.4 0.00103606 1.51359e-05 0.0010512 0.00102093
132.5 0.00103659 1.51359e-05 0.00105172 0.00102145
132.6 0.00103711 1.51359e-05 0.00105225 0.00102197
132.7 0.00103664 1.51138e-05 0.00105176 0.00102153
132.8 0.0010367 1.50917e-05 0.00105179 0.0010216
132.9 0.00103722 1.50917e-05 0.00105231 0.00102213
133 0.00103698 1.50807e-05 0.00105206 0.0010219
133.1 0.00103598 1.50586e-05 0.00105104 0.00102093
133.2 0.00103575 1.50475e-05 0.00105079 0.0010207
133.3 0.00103551 1.50365e-05 0.00105054 0.00102047
133.4 0.0010345 1.50144e-05 0.00104952 0.00101949
133.5 0.00103426 1.50033e-05 0.00104927 0.00101926
133.6 0.00103402 1.49923e-05 0.00104901 0.00101903
133.7 0.00103378 1.49812e-05 0.00104876 0.0010188
133.8 0.00103457 1.49702e-05 0.00104954 0.0010196
133.9 0.0010346 1.49481e-05 0.00104955 0.00101965
