Test Chi Quadro Confronto_____________________________________________
   x       y       y*      sy      Chi     
1  1000.00 0.19    0.17    0.02    1.28    
2  2000.00 0.38    0.34    0.03    1.58    
3  3000.00 0.57    0.49    0.05    2.77    
4  4000.00 0.75    0.62    0.06    4.81    
5  5000.00 0.63    0.73    0.08    1.53    
6  6000.00 1.13    0.82    0.09    11.10   
7  7000.00 0.88    0.89    0.11    0.02    
8  8000.00 1.01    0.96    0.13    0.14    
9  10000.001.01    1.06    0.02    11.62   
10 12000.001.13    1.13    0.02    0.01    
11 20000.001.38    1.30    0.03    7.30    
12 25000.001.41    1.35    0.04    2.61    
13 30000.001.32    1.39    0.05    2.00    
14 35000.001.54    1.41    0.05    5.36    
15 800.00  0.10    0.14    0.03    1.98    
16 600.00  0.15    0.10    0.02    7.07    
17 400.00  0.05    0.07    0.01    1.41    
18 200.00  0.03    0.03    0.01    0.50    
19 150.00  0.02    0.02    0.00    0.15    
20 100.00  0.01    0.01    0.00    0.07    
Chi Quadro = 63.32
Gradi Libertà = 17
Chi Quadro Ridotto = 3.72

