0.5	0
1.5	0
2.5	0
3.5	0
4.5	0
5.5	0
6.5	0
7.5	0
8.5	0
9.5	0
10.5	0
11.5	0
12.5	0
13.5	0
14.5	0
15.5	0
16.5	0
17.5	0
18.5	0
19.5	0
20.5	0
21.5	0
22.5	0
23.5	0
24.5	0
25.5	0
26.5	0
27.5	0
28.5	0
29.5	0
30.5	0
31.5	0
32.5	0
33.5	0
34.5	0
35.5	0
36.5	0
37.5	1
38.5	0
39.5	1
40.5	0
41.5	0
42.5	0
43.5	0
44.5	1
45.5	1
46.5	2
47.5	0
48.5	1
49.5	0
50.5	1
51.5	3
52.5	5
53.5	3
54.5	1
55.5	1
56.5	6
57.5	4
58.5	7
59.5	3
60.5	1
61.5	7
62.5	3
63.5	7
64.5	11
65.5	10
66.5	9
67.5	5
68.5	6
69.5	13
70.5	4
71.5	9
72.5	17
73.5	16
74.5	10
75.5	10
76.5	11
77.5	7
78.5	14
79.5	20
80.5	15
81.5	16
82.5	14
83.5	21
84.5	16
85.5	15
86.5	11
87.5	10
88.5	13
89.5	20
90.5	10
91.5	21
92.5	19
93.5	18
94.5	24
95.5	28
96.5	15
97.5	26
98.5	17
99.5	18
100.5	19
101.5	27
102.5	19
103.5	20
104.5	30
105.5	20
106.5	27
107.5	25
108.5	18
109.5	34
110.5	24
111.5	30
112.5	43
113.5	28
114.5	38
115.5	43
116.5	26
117.5	40
118.5	32
119.5	38
120.5	33
121.5	31
122.5	39
123.5	42
124.5	35
125.5	21
126.5	30
127.5	47
128.5	25
129.5	35
130.5	48
131.5	33
132.5	42
133.5	4
213.5	35
135.5	41
136.5	36
137.5	41
138.5	43
139.5	44
140.5	32
141.5	39
142.5	41
143.5	47
144.5	45
145.5	34
146.5	45
147.5	39
148.5	31
149.5	39
150.5	50
151.5	34
152.5	29
153.5	33
154.5	27
155.5	36
156.5	34
157.5	26
158.5	35
159.5	45
160.5	26
161.5	32
162.5	37
163.5	26
164.5	28
165.5	36
166.5	31
167.5	51
168.5	42
169.5	35
170.5	32
171.5	31
172.5	38
173.5	38
174.5	51
175.5	43
176.5	35
177.5	40
178.5	35
179.5	38
180.5	24
181.5	38
182.5	31
183.5	32
184.5	31
185.5	33
186.5	26
187.5	33
188.5	41
189.5	40
190.5	34
191.5	35
192.5	29
193.5	32
194.5	33
195.5	17
196.5	24
197.5	28
198.5	27
199.5	28
200.5	28
201.5	17
202.5	37
203.5	40
204.5	24
205.5	21
206.5	24
207.5	34
208.5	31
209.5	40
210.5	29
211.5	25
212.5	40
213.5	22
214.5	29
215.5	28
216.5	33
217.5	18
218.5	22
219.5	27
220.5	45
221.5	21
222.5	24
223.5	32
224.5	30
225.5	27
226.5	19
227.5	23
228.5	33
229.5	31
230.5	25
231.5	37
232.5	28
233.5	30
234.5	27
235.5	25
236.5	23
237.5	28
238.5	32
239.5	26
240.5	18
241.5	27
242.5	27
243.5	23
244.5	27
245.5	20
246.5	23
247.5	18
248.5	20
249.5	23
250.5	19
251.5	28
252.5	12
253.5	27
254.5	25
255.5	18
256.5	18
257.5	18
258.5	22
259.5	17
260.5	19
261.5	20
262.5	10
263.5	20
264.5	23
265.5	23
266.5	15
267.5	18
268.5	19
269.5	17
270.5	19
271.5	15
272.5	14
273.5	20
274.5	21
275.5	15
276.5	13
277.5	13
278.5	16
279.5	25
280.5	27
281.5	20
282.5	17
283.5	14
284.5	19
285.5	14
286.5	13
287.5	15
288.5	24
289.5	11
290.5	15
291.5	17
292.5	24
293.5	12
294.5	13
295.5	14
296.5	18
297.5	16
298.5	8
299.5	9
300.5	20
301.5	20
302.5	18
303.5	20
304.5	12
305.5	17
306.5	15
307.5	11
308.5	14
309.5	15
310.5	18
311.5	17
312.5	21
313.5	18
314.5	9
315.5	9
316.5	15
317.5	13
318.5	16
319.5	11
320.5	14
321.5	21
322.5	17
323.5	13
324.5	9
325.5	13
326.5	8
327.5	17
328.5	15
329.5	15
330.5	9
331.5	10
332.5	9
333.5	12
334.5	21
335.5	20
336.5	16
337.5	9
338.5	11
339.5	10
340.5	14
341.5	17
342.5	13
343.5	19
344.5	9
345.5	10
346.5	11
347.5	11
348.5	7
349.5	18
350.5	10
351.5	9
352.5	12
353.5	5
354.5	8
355.5	9
356.5	14
357.5	14
358.5	12
359.5	11
360.5	10
361.5	10
362.5	17
363.5	7
364.5	10
365.5	9
366.5	9
367.5	16
368.5	8
369.5	14
370.5	10
371.5	11
372.5	16
373.5	7
374.5	5
375.5	12
376.5	9
377.5	8
378.5	15
379.5	13
380.5	7
381.5	4
382.5	5
383.5	7
384.5	13
385.5	9
386.5	7
387.5	9
388.5	8
389.5	13
390.5	14
391.5	9
392.5	7
393.5	6
394.5	4
395.5	12
396.5	8
397.5	7
398.5	5
399.5	5
400.5	3
401.5	8
402.5	8
403.5	19
404.5	4
405.5	3
406.5	12
407.5	10
408.5	5
409.5	5
410.5	10
411.5	6
412.5	13
413.5	7
414.5	9
415.5	6
416.5	4
417.5	4
418.5	4
419.5	6
420.5	7
421.5	8
422.5	5
423.5	9
424.5	9
425.5	4
426.5	3
427.5	8
428.5	3
429.5	3
430.5	5
431.5	6
432.5	4
433.5	5
434.5	13
435.5	3
436.5	9
437.5	5
438.5	8
439.5	7
440.5	6
441.5	6
442.5	5
443.5	7
444.5	6
445.5	2
446.5	6
447.5	5
448.5	4
449.5	5
450.5	10
451.5	5
452.5	3
453.5	8
454.5	9
455.5	5
456.5	8
457.5	7
458.5	4
459.5	4
460.5	4
461.5	6
462.5	3
463.5	0
464.5	5
465.5	4
466.5	5
467.5	6
468.5	4
469.5	4
470.5	2
471.5	1
472.5	8
473.5	1
474.5	3
475.5	6
476.5	5
477.5	4
478.5	7
479.5	4
480.5	7
481.5	1
482.5	3
483.5	4
484.5	6
485.5	4
486.5	4
487.5	2
488.5	5
489.5	3
490.5	3
491.5	4
492.5	1
493.5	5
494.5	2
495.5	5
496.5	2
497.5	4
498.5	2
499.5	4
500.5	5
501.5	5
502.5	4
503.5	6
504.5	3
505.5	6
506.5	2
507.5	2
508.5	11
509.5	3
510.5	7
511.5	1
512.5	5
513.5	5
514.5	7
515.5	4
516.5	5
517.5	7
518.5	2
519.5	2
520.5	2
521.5	4
522.5	5
523.5	8
524.5	4
525.5	5
526.5	3
527.5	8
528.5	3
529.5	3
530.5	6
531.5	4
532.5	1
533.5	1
534.5	2
535.5	1
536.5	3
537.5	4
538.5	2
539.5	4
540.5	1
541.5	4
542.5	6
543.5	0
544.5	5
545.5	7
546.5	2
547.5	2
548.5	1
549.5	1
550.5	3
551.5	3
552.5	5
553.5	0
554.5	1
555.5	4
556.5	4
557.5	3
558.5	4
559.5	5
560.5	1
561.5	4
562.5	6
563.5	4
564.5	1
565.5	4
566.5	1
567.5	4
568.5	4
569.5	1
570.5	1
571.5	2
572.5	3
573.5	2
574.5	1
575.5	5
576.5	2
577.5	3
578.5	2
579.5	3
580.5	5
581.5	1
582.5	3
583.5	4
584.5	7
585.5	1
586.5	4
587.5	3
588.5	0
589.5	3
590.5	2
591.5	3
592.5	0
593.5	2
594.5	5
595.5	2
596.5	2
597.5	4
598.5	0
599.5	2
600.5	1
601.5	4
602.5	4
603.5	1
604.5	5
605.5	0
606.5	0
607.5	1
608.5	2
609.5	0
610.5	3
611.5	1
612.5	1
613.5	2
614.5	1
615.5	1
616.5	1
617.5	2
618.5	5
619.5	1
620.5	2
621.5	4
622.5	3
623.5	0
624.5	0
625.5	3
626.5	2
627.5	0
628.5	1
629.5	2
630.5	1
631.5	2
632.5	2
633.5	2
634.5	2
635.5	0
636.5	2
637.5	0
638.5	0
639.5	4
640.5	1
641.5	1
642.5	3
643.5	1
644.5	1
645.5	1
646.5	2
647.5	2
648.5	1
649.5	2
650.5	2
651.5	3
652.5	3
653.5	1
654.5	3
655.5	0
656.5	0
657.5	2
658.5	1
659.5	2
660.5	1
661.5	0
662.5	2
663.5	6
664.5	3
665.5	2
666.5	1
667.5	1
668.5	1
669.5	0
670.5	1
671.5	3
672.5	3
673.5	2
674.5	0
675.5	5
676.5	3
677.5	4
678.5	4
679.5	4
680.5	1
681.5	1
682.5	1
683.5	0
684.5	1
685.5	3
686.5	2
687.5	4
688.5	0
689.5	1
690.5	2
691.5	2
692.5	0
693.5	0
694.5	1
695.5	2
696.5	0
697.5	2
698.5	1
699.5	4
700.5	5
701.5	1
702.5	2
703.5	0
704.5	1
705.5	2
706.5	0
707.5	1
708.5	2
709.5	1
710.5	2
711.5	3
712.5	2
713.5	3
714.5	1
715.5	1
716.5	5
717.5	1
718.5	2
719.5	2
720.5	2
721.5	3
722.5	2
723.5	4
724.5	1
725.5	0
726.5	2
727.5	1
728.5	2
729.5	1
730.5	1
731.5	2
732.5	1
733.5	3
734.5	0
735.5	1
736.5	1
737.5	2
738.5	1
739.5	1
740.5	2
741.5	3
742.5	1
743.5	2
744.5	1
745.5	2
746.5	2
747.5	1
748.5	1
749.5	2
750.5	1
751.5	1
752.5	1
753.5	4
754.5	1
755.5	0
756.5	1
757.5	2
758.5	1
759.5	0
760.5	1
761.5	2
762.5	0
763.5	2
764.5	1
765.5	1
766.5	5
767.5	4
768.5	1
769.5	1
770.5	1
771.5	3
772.5	1
773.5	0
774.5	1
775.5	1
776.5	0
777.5	0
778.5	1
779.5	0
780.5	3
781.5	2
782.5	0
783.5	1
784.5	1
785.5	1
786.5	1
787.5	1
788.5	1
789.5	0
790.5	2
791.5	1
792.5	1
793.5	0
794.5	4
795.5	2
796.5	0
797.5	1
798.5	1
799.5	1
800.5	1
801.5	0
802.5	1
803.5	0
804.5	0
805.5	1
806.5	0
807.5	1
808.5	0
809.5	2
810.5	3
811.5	0
812.5	1
813.5	1
814.5	0
815.5	1
816.5	0
817.5	1
818.5	0
819.5	2
820.5	2
821.5	3
822.5	3
823.5	1
824.5	2
825.5	1
826.5	1
827.5	1
828.5	2
829.5	2
830.5	3
831.5	1
832.5	3
833.5	0
834.5	1
835.5	2
836.5	2
837.5	1
838.5	2
839.5	4
840.5	1
841.5	1
842.5	0
843.5	1
844.5	3
845.5	0
846.5	2
847.5	4
848.5	0
849.5	3
850.5	3
851.5	1
852.5	0
853.5	3
854.5	2
855.5	0
856.5	1
857.5	1
858.5	3
859.5	3
860.5	3
861.5	2
862.5	1
863.5	0
864.5	2
865.5	3
866.5	3
867.5	1
868.5	2
869.5	2
870.5	1
871.5	1
872.5	0
873.5	3
874.5	2
875.5	0
876.5	2
877.5	1
878.5	2
879.5	3
880.5	1
881.5	0
882.5	3
883.5	1
884.5	2
885.5	4
886.5	1
887.5	0
888.5	2
889.5	0
890.5	1
891.5	3
892.5	1
893.5	0
894.5	1
895.5	0
896.5	0
897.5	2
898.5	0
899.5	1
900.5	3
901.5	2
902.5	1
903.5	1
904.5	1
905.5	2
906.5	0
907.5	0
908.5	2
909.5	0
910.5	2
911.5	2
912.5	1
913.5	1
914.5	1
915.5	1
916.5	1
917.5	3
918.5	2
919.5	1
920.5	1
921.5	1
922.5	0
923.5	1
924.5	0
925.5	0
926.5	0
927.5	2
928.5	0
929.5	1
930.5	0
931.5	3
932.5	0
933.5	3
934.5	1
935.5	1
936.5	0
937.5	0
938.5	1
939.5	0
940.5	0
941.5	0
942.5	0
943.5	2
944.5	1
945.5	0
946.5	0
947.5	0
948.5	1
949.5	0
950.5	0
951.5	2
952.5	0
953.5	0
954.5	2
955.5	0
956.5	1
957.5	2
958.5	1
959.5	0
960.5	0
961.5	0
962.5	0
963.5	1
964.5	2
965.5	1
966.5	1
967.5	1
968.5	1
969.5	1
970.5	0
971.5	3
972.5	1
973.5	1
974.5	1
975.5	0
976.5	1
977.5	0
978.5	0
979.5	0
980.5	0
981.5	1
982.5	2
983.5	0
984.5	0
985.5	1
986.5	0
987.5	1
988.5	2
989.5	2
990.5	2
991.5	0
992.5	0
993.5	0
994.5	0
995.5	0
996.5	0
997.5	0
998.5	0
999.5	1
1000.5	0
1001.5	1
1002.5	1
1003.5	0
1004.5	0
1005.5	1
1006.5	4
1007.5	0
1008.5	0
1009.5	0
1010.5	1
1011.5	0
1012.5	0
1013.5	0
1014.5	4
1015.5	0
1016.5	0
1017.5	1
1018.5	0
1019.5	2
1020.5	0
1021.5	1
1022.5	1
1023.5	0
1024.5	0
1025.5	0
1026.5	2
1027.5	1
1028.5	0
1029.5	1
1030.5	0
1031.5	1
1032.5	2
1033.5	0
1034.5	1
1035.5	2
1036.5	1
1037.5	1
1038.5	0
1039.5	0
1040.5	0
1041.5	1
1042.5	1
1043.5	0
1044.5	1
1045.5	1
1046.5	0
1047.5	0
1048.5	0
1049.5	1
1050.5	0
1051.5	0
1052.5	1
1053.5	2
1054.5	1
1055.5	2
1056.5	0
1057.5	0
1058.5	1
1059.5	1
1060.5	1
1061.5	0
1062.5	2
1063.5	0
1064.5	0
1065.5	1
1066.5	0
1067.5	0
1068.5	0
1069.5	0
1070.5	0
1071.5	1
1072.5	0
1073.5	0
1074.5	3
1075.5	0
1076.5	1
1077.5	1
1078.5	0
1079.5	2
1080.5	0
1081.5	0
1082.5	1
1083.5	0
1084.5	0
1085.5	1
1086.5	0
1087.5	0
1088.5	0
1089.5	2
1090.5	0
1091.5	1
1092.5	2
1093.5	1
1094.5	0
1095.5	2
1096.5	1
1097.5	2
1098.5	1
1099.5	1
1100.5	1
1101.5	1
1102.5	1
1103.5	0
1104.5	0
1105.5	0
1106.5	3
1107.5	0
1108.5	0
1109.5	0
1110.5	1
1111.5	1
1112.5	0
1113.5	1
1114.5	1
1115.5	1
1116.5	0
1117.5	1
1118.5	0
1119.5	1
1120.5	1
1121.5	0
1122.5	0
1123.5	2
1124.5	0
1125.5	1
1126.5	0
1127.5	0
1128.5	1
1129.5	1
1130.5	0
1131.5	0
1132.5	0
1133.5	0
1134.5	0
1135.5	0
1136.5	1
1137.5	1
1138.5	0
1139.5	1
1140.5	1
1141.5	0
1142.5	0
1143.5	2
1144.5	1
1145.5	0
1146.5	0
1147.5	1
1148.5	1
1149.5	2
1150.5	1
1151.5	2
1152.5	0
1153.5	0
1154.5	0
1155.5	0
1156.5	0
1157.5	1
1158.5	3
1159.5	0
1160.5	0
1161.5	1
1162.5	0
1163.5	0
1164.5	3
1165.5	2
1166.5	1
1167.5	2
1168.5	2
1169.5	3
1170.5	0
1171.5	1
1172.5	0
1173.5	0
1174.5	0
1175.5	1
1176.5	1
1177.5	1
1178.5	0
1179.5	1
1180.5	0
1181.5	0
1182.5	1
1183.5	0
1184.5	1
1185.5	3
1186.5	0
1187.5	1
1188.5	1
1189.5	1
1190.5	0
1191.5	3
1192.5	0
1193.5	1
1194.5	2
1195.5	0
1196.5	2
1197.5	0
1198.5	0
1199.5	0
1200.5	0
1201.5	1
1202.5	0
1203.5	2
1204.5	0
1205.5	1
1206.5	0
1207.5	0
1208.5	1
1209.5	1
1210.5	0
1211.5	0
1212.5	0
1213.5	0
1214.5	0
1215.5	1
1216.5	3
1217.5	0
1218.5	2
1219.5	1
1220.5	0
1221.5	0
1222.5	1
1223.5	2
1224.5	0
1225.5	2
1226.5	2
1227.5	1
1228.5	1
1229.5	0
1230.5	2
1231.5	0
1232.5	1
1233.5	0
1234.5	1
1235.5	1
1236.5	2
1237.5	0
1238.5	1
1239.5	0
1240.5	0
1241.5	1
1242.5	0
1243.5	0
1244.5	2
1245.5	0
1246.5	0
1247.5	1
1248.5	2
1249.5	0
1250.5	0
1251.5	1
1252.5	0
1253.5	2
1254.5	0
1255.5	0
1256.5	1
1257.5	0
1258.5	0
1259.5	1
1260.5	1
1261.5	0
1262.5	1
1263.5	1
1264.5	1
1265.5	1
1266.5	0
1267.5	2
1268.5	1
1269.5	0
1270.5	1
1271.5	0
1272.5	0
1273.5	2
1274.5	0
1275.5	1
1276.5	0
1277.5	0
1278.5	1
1279.5	0
1280.5	0
1281.5	0
1282.5	1
1283.5	1
1284.5	0
1285.5	0
1286.5	0
1287.5	0
1288.5	0
1289.5	3
1290.5	0
1291.5	2
1292.5	0
1293.5	0
1294.5	1
1295.5	0
1296.5	1
1297.5	1
1298.5	0
1299.5	1
1300.5	3
1301.5	1
1302.5	0
1303.5	0
1304.5	1
1305.5	2
1306.5	1
1307.5	2
1308.5	0
1309.5	1
1310.5	0
1311.5	0
1312.5	1
1313.5	1
1314.5	0
1315.5	0
1316.5	0
1317.5	0
1318.5	0
1319.5	0
1320.5	0
1321.5	0
1322.5	0
1323.5	1
1324.5	1
1325.5	2
1326.5	0
1327.5	0
1328.5	1
1329.5	1
1330.5	1
1331.5	0
1332.5	0
1333.5	1
1334.5	0
1335.5	0
1336.5	1
1337.5	2
1338.5	0
1339.5	1
1340.5	1
1341.5	1
1342.5	0
1343.5	1
1344.5	0
1345.5	1
1346.5	1
1347.5	1
1348.5	0
1349.5	1
1350.5	1
1351.5	0
1352.5	0
1353.5	0
1354.5	0
1355.5	0
1356.5	0
1357.5	1
1358.5	1
1359.5	0
1360.5	1
1361.5	1
1362.5	0
1363.5	0
1364.5	1
1365.5	0
1366.5	0
1367.5	0
1368.5	1
1369.5	0
1370.5	0
1371.5	2
1372.5	1
1373.5	0
1374.5	0
1375.5	0
1376.5	0
1377.5	0
1378.5	0
1379.5	1
1380.5	1
1381.5	0
1382.5	0
1383.5	1
1384.5	0
1385.5	1
1386.5	1
1387.5	0
1388.5	2
1389.5	0
1390.5	0
1391.5	0
1392.5	0
1393.5	1
1394.5	1
1395.5	0
1396.5	0
1397.5	0
1398.5	0
1399.5	0
1400.5	0
1401.5	1
1402.5	0
1403.5	0
1404.5	1
1405.5	1
1406.5	1
1407.5	1
1408.5	1
1409.5	0
1410.5	0
1411.5	0
1412.5	1
1413.5	1
1414.5	0
1415.5	0
1416.5	0
1417.5	0
1418.5	0
1419.5	0
1420.5	0
1421.5	0
1422.5	1
1423.5	1
1424.5	1
1425.5	0
1426.5	0
1427.5	0
1428.5	0
1429.5	0
1430.5	1
1431.5	0
1432.5	0
1433.5	0
1434.5	0
1435.5	0
1436.5	0
1437.5	1
1438.5	0
1439.5	0
1440.5	0
1441.5	0
1442.5	0
1443.5	0
1444.5	1
1445.5	0
1446.5	0
1447.5	0
1448.5	0
1449.5	1
1450.5	0
1451.5	0
1452.5	0
1453.5	1
1454.5	0
1455.5	0
1456.5	0
1457.5	0
1458.5	0
1459.5	0
1460.5	0
1461.5	0
1462.5	0
1463.5	1
1464.5	0
1465.5	0
1466.5	0
1467.5	0
1468.5	0
1469.5	1
1470.5	0
1471.5	0
1472.5	1
1473.5	1
1474.5	0
1475.5	0
1476.5	1
1477.5	1
1478.5	2
1479.5	0
1480.5	0
1481.5	0
1482.5	0
1483.5	0
1484.5	0
1485.5	0
1486.5	0
1487.5	0
1488.5	1
1489.5	1
1490.5	0
1491.5	0
1492.5	0
1493.5	0
1494.5	1
1495.5	0
1496.5	1
1497.5	1
1498.5	0
1499.5	0
1500.5	0
1501.5	2
1502.5	0
1503.5	0
1504.5	0
1505.5	0
1506.5	0
1507.5	1
1508.5	0
1509.5	1
1510.5	0
1511.5	0
1512.5	0
1513.5	0
1514.5	1
1515.5	0
1516.5	0
1517.5	0
1518.5	0
1519.5	0
1520.5	0
1521.5	1
1522.5	0
1523.5	1
1524.5	0
1525.5	0
1526.5	0
1527.5	0
1528.5	0
1529.5	0
1530.5	0
1531.5	0
1532.5	0
1533.5	1
1534.5	0
1535.5	0
1536.5	0
1537.5	0
1538.5	0
1539.5	0
1540.5	0
1541.5	1
1542.5	0
1543.5	0
1544.5	0
1545.5	0
1546.5	0
1547.5	1
1548.5	0
1549.5	0
1550.5	0
1551.5	1
1552.5	0
1553.5	1
1554.5	0
1555.5	1
1556.5	0
1557.5	0
1558.5	0
1559.5	0
1560.5	0
1561.5	0
1562.5	0
1563.5	0
1564.5	2
1565.5	0
1566.5	0
1567.5	0
1568.5	0
1569.5	0
1570.5	0
1571.5	1
1572.5	0
1573.5	0
1574.5	0
1575.5	0
1576.5	0
1577.5	0
1578.5	1
1579.5	2
1580.5	0
1581.5	1
1582.5	1
1583.5	0
1584.5	0
1585.5	1
1586.5	0
1587.5	2
1588.5	0
1589.5	0
1590.5	0
1591.5	0
1592.5	1
1593.5	0
1594.5	1
1595.5	3
1596.5	1
1597.5	0
1598.5	0
1599.5	0
1600.5	0
1601.5	1
1602.5	0
1603.5	0
1604.5	0
1605.5	0
1606.5	0
1607.5	0
1608.5	1
1609.5	0
1610.5	0
1611.5	0
1612.5	0
1613.5	0
1614.5	0
1615.5	0
1616.5	0
1617.5	0
1618.5	0
1619.5	0
1620.5	0
1621.5	1
1622.5	0
1623.5	1
1624.5	1
1625.5	0
1626.5	0
1627.5	0
1628.5	0
1629.5	0
1630.5	0
1631.5	0
1632.5	1
1633.5	1
1634.5	0
1635.5	0
1636.5	1
1637.5	0
1638.5	0
1639.5	1
1640.5	0
1641.5	0
1642.5	1
1643.5	0
1644.5	0
1645.5	1
1646.5	0
1647.5	0
1648.5	1
1649.5	1
1650.5	0
1651.5	0
1652.5	0
1653.5	0
1654.5	0
1655.5	1
1656.5	0
1657.5	1
1658.5	0
1659.5	0
1660.5	0
1661.5	0
1662.5	0
1663.5	0
1664.5	1
1665.5	1
1666.5	0
1667.5	0
1668.5	0
1669.5	0
1670.5	0
1671.5	0
1672.5	0
1673.5	0
1674.5	0
1675.5	0
1676.5	0
1677.5	0
1678.5	1
1679.5	2
1680.5	1
1681.5	0
1682.5	1
1683.5	0
1684.5	0
1685.5	1
1686.5	0
1687.5	0
1688.5	0
1689.5	0
1690.5	1
1691.5	0
1692.5	0
1693.5	0
1694.5	0
1695.5	1
1696.5	0
1697.5	0
1698.5	0
1699.5	1
1700.5	0
1701.5	1
1702.5	0
1703.5	0
1704.5	0
1705.5	0
1706.5	1
1707.5	0
1708.5	0
1709.5	0
1710.5	0
1711.5	0
1712.5	0
1713.5	1
1714.5	0
1715.5	1
1716.5	0
1717.5	0
1718.5	0
1719.5	0
1720.5	0
1721.5	0
1722.5	0
1723.5	2
1724.5	0
1725.5	0
1726.5	0
1727.5	2
1728.5	0
1729.5	0
1730.5	0
1731.5	0
1732.5	0
1733.5	0
1734.5	1
1735.5	2
1736.5	0
1737.5	0
1738.5	0
1739.5	1
1740.5	2
1741.5	0
1742.5	1
1743.5	0
1744.5	1
1745.5	0
1746.5	0
1747.5	0
1748.5	0
1749.5	1
1750.5	0
1751.5	0
1752.5	0
1753.5	1
1754.5	0
1755.5	0
1756.5	0
1757.5	0
1758.5	0
1759.5	0
1760.5	0
1761.5	0
1762.5	0
1763.5	0
1764.5	0
1765.5	0
1766.5	1
1767.5	0
1768.5	0
1769.5	0
1770.5	0
1771.5	0
1772.5	2
1773.5	0
1774.5	0
1775.5	0
1776.5	0
1777.5	1
1778.5	0
1779.5	0
1780.5	0
1781.5	0
1782.5	0
1783.5	0
1784.5	0
1785.5	0
1786.5	0
1787.5	0
1788.5	0
1789.5	0
1790.5	1
1791.5	0
1792.5	0
1793.5	1
1794.5	0
1795.5	0
1796.5	1
1797.5	0
1798.5	0
1799.5	0
1800.5	0
1801.5	0
1802.5	0
1803.5	0
1804.5	0
1805.5	0
1806.5	0
1807.5	0
1808.5	0
1809.5	1
1810.5	0
1811.5	0
1812.5	0
1813.5	1
1814.5	0
1815.5	0
1816.5	0
1817.5	0
1818.5	0
1819.5	0
1820.5	0
1821.5	0
1822.5	0
1823.5	0
1824.5	0
1825.5	2
1826.5	0
1827.5	0
1828.5	0
1829.5	0
1830.5	0
1831.5	1
1832.5	1
1833.5	0
1834.5	0
1835.5	0
1836.5	0
1837.5	0
1838.5	1
1839.5	0
1840.5	1
1841.5	0
1842.5	1
1843.5	0
1844.5	0
1845.5	0
1846.5	0
1847.5	0
1848.5	2
1849.5	1
1850.5	0
1851.5	0
1852.5	2
1853.5	0
1854.5	0
1855.5	0
1856.5	0
1857.5	0
1858.5	0
1859.5	0
1860.5	0
1861.5	0
1862.5	0
1863.5	0
1864.5	0
1865.5	0
1866.5	0
1867.5	0
1868.5	0
1869.5	1
1870.5	0
1871.5	0
1872.5	0
1873.5	0
1874.5	0
1875.5	0
1876.5	0
1877.5	0
1878.5	1
1879.5	0
1880.5	0
1881.5	0
1882.5	0
1883.5	1
1884.5	0
1885.5	0
1886.5	0
1887.5	0
1888.5	0
1889.5	0
1890.5	0
1891.5	0
1892.5	1
1893.5	0
1894.5	0
1895.5	0
1896.5	0
1897.5	0
1898.5	1
1899.5	0
1900.5	0
1901.5	0
1902.5	0
1903.5	1
1904.5	0
1905.5	0
1906.5	0
1907.5	0
1908.5	1
1909.5	0
1910.5	0
1911.5	0
1912.5	0
1913.5	1
1914.5	0
1915.5	0
1916.5	0
1917.5	0
1918.5	0
1919.5	0
1920.5	0
1921.5	0
1922.5	0
1923.5	0
1924.5	0
1925.5	0
1926.5	0
1927.5	0
1928.5	0
1929.5	1
1930.5	1
1931.5	1
1932.5	0
1933.5	0
1934.5	0
1935.5	0
1936.5	1
1937.5	0
1938.5	0
1939.5	0
1940.5	0
1941.5	0
1942.5	1
1943.5	0
1944.5	1
1945.5	0
1946.5	0
1947.5	0
1948.5	0
1949.5	0
1950.5	0
1951.5	0
1952.5	1
1953.5	0
1954.5	0
1955.5	0
1956.5	0
1957.5	0
1958.5	0
1959.5	0
1960.5	1
1961.5	0
1962.5	0
1963.5	0
1964.5	1
1965.5	0
1966.5	0
1967.5	1
1968.5	0
1969.5	0
1970.5	0
1971.5	0
1972.5	0
1973.5	1
1974.5	0
1975.5	0
1976.5	1
1977.5	0
1978.5	0
1979.5	0
1980.5	0
1981.5	1
1982.5	1
1983.5	0
1984.5	0
1985.5	1
1986.5	0
1987.5	0
1988.5	2
1989.5	1
1990.5	1
1991.5	1
1992.5	1
1993.5	2
1994.5	0
1995.5	1
1996.5	1
1997.5	1
1998.5	0
1999.5	0
2000.5	0
2001.5	0
2002.5	1
2003.5	3
2004.5	1
2005.5	0
2006.5	1
2007.5	1
2008.5	1
2009.5	0
2010.5	1
2011.5	0
2012.5	1
2013.5	0
2014.5	0
2015.5	1
2016.5	0
2017.5	1
2018.5	1
2019.5	0
2020.5	0
2021.5	0
2022.5	2
2023.5	1
2024.5	0
2025.5	0
2026.5	1
2027.5	1
2028.5	1
2029.5	0
2030.5	0
2031.5	1
2032.5	0
2033.5	0
2034.5	0
2035.5	0
2036.5	0
2037.5	0
2038.5	0
2039.5	1
2040.5	1
2041.5	0
2042.5	0
2043.5	1
2044.5	1
2045.5	0
2046.5	0
2047.5	0
2048.5	0
2049.5	0
2050.5	0
2051.5	0
2052.5	0
2053.5	0
2054.5	0
2055.5	1
2056.5	0
2057.5	3
2058.5	1
2059.5	1
2060.5	0
2061.5	0
2062.5	0
2063.5	0
2064.5	0
2065.5	0
2066.5	0
2067.5	1
2068.5	0
2069.5	4
2070.5	0
2071.5	0
2072.5	0
2073.5	0
2074.5	0
2075.5	1
2076.5	0
2077.5	1
2078.5	0
2079.5	0
2080.5	0
2081.5	0
2082.5	1
2083.5	0
2084.5	0
2085.5	0
2086.5	0
2087.5	0
2088.5	0
2089.5	0
2090.5	0
2091.5	0
2092.5	0
2093.5	1
2094.5	0
2095.5	0
2096.5	0
2097.5	0
2098.5	0
2099.5	0
2100.5	0
2101.5	0
2102.5	0
2103.5	0
2104.5	0
2105.5	0
2106.5	0
2107.5	1
2108.5	0
2109.5	1
2110.5	0
2111.5	0
2112.5	0
2113.5	0
2114.5	0
2115.5	0
2116.5	0
2117.5	0
2118.5	1
2119.5	0
2120.5	0
2121.5	0
2122.5	0
2123.5	0
2124.5	1
2125.5	0
2126.5	0
2127.5	0
2128.5	0
2129.5	0
2130.5	0
2131.5	0
2132.5	0
2133.5	0
2134.5	0
2135.5	1
2136.5	0
2137.5	0
2138.5	0
2139.5	0
2140.5	0
2141.5	0
2142.5	0
2143.5	0
2144.5	0
2145.5	0
2146.5	0
2147.5	0
2148.5	0
2149.5	0
2150.5	0
2151.5	0
2152.5	0
2153.5	0
2154.5	0
2155.5	0
2156.5	0
2157.5	0
2158.5	0
2159.5	0
2160.5	0
2161.5	0
2162.5	0
2163.5	0
2164.5	0
2165.5	1
2166.5	0
2167.5	0
2168.5	0
2169.5	0
2170.5	0
2171.5	1
2172.5	0
2173.5	0
2174.5	0
2175.5	0
2176.5	0
2177.5	0
2178.5	0
2179.5	0
2180.5	0
2181.5	0
2182.5	1
2183.5	0
2184.5	0
2185.5	0
2186.5	0
2187.5	0
2188.5	1
2189.5	0
2190.5	1
2191.5	0
2192.5	0
2193.5	0
2194.5	0
2195.5	0
2196.5	0
2197.5	0
2198.5	0
2199.5	0
2200.5	0
2201.5	0
2202.5	0
2203.5	0
2204.5	0
2205.5	0
2206.5	0
2207.5	0
2208.5	0
2209.5	1
2210.5	0
2211.5	0
2212.5	0
2213.5	0
2214.5	0
2215.5	0
2216.5	0
2217.5	0
2218.5	0
2219.5	0
2220.5	0
2221.5	0
2222.5	0
2223.5	0
2224.5	0
2225.5	0
2226.5	0
2227.5	0
2228.5	1
2229.5	0
2230.5	0
2231.5	0
2232.5	0
2233.5	0
2234.5	0
2235.5	0
2236.5	0
2237.5	0
2238.5	0
2239.5	0
2240.5	0
2241.5	0
2242.5	0
2243.5	0
2244.5	0
2245.5	0
2246.5	0
2247.5	0
2248.5	0
2249.5	0
2250.5	0
2251.5	0
2252.5	0
2253.5	0
2254.5	0
2255.5	0
2256.5	0
2257.5	0
2258.5	0
2259.5	0
2260.5	0
2261.5	0
2262.5	0
2263.5	0
2264.5	0
2265.5	0
2266.5	0
2267.5	0
2268.5	0
2269.5	1
2270.5	0
2271.5	0
2272.5	0
2273.5	0
2274.5	1
2275.5	0
2276.5	0
2277.5	0
2278.5	0
2279.5	0
2280.5	0
2281.5	0
2282.5	0
2283.5	0
2284.5	0
2285.5	0
2286.5	0
2287.5	0
2288.5	1
2289.5	0
2290.5	0
2291.5	0
2292.5	0
2293.5	0
2294.5	0
2295.5	0
2296.5	0
2297.5	0
2298.5	0
2299.5	0
2300.5	0
2301.5	0
2302.5	0
2303.5	0
2304.5	0
2305.5	0
2306.5	0
2307.5	0
2308.5	0
2309.5	0
2310.5	0
2311.5	0
2312.5	0
2313.5	0
2314.5	0
2315.5	0
2316.5	0
2317.5	0
2318.5	0
2319.5	0
2320.5	0
2321.5	0
2322.5	0
2323.5	0
2324.5	1
2325.5	0
2326.5	0
2327.5	0
2328.5	0
2329.5	2
2330.5	0
2331.5	0
2332.5	1
2333.5	0
2334.5	0
2335.5	0
2336.5	0
2337.5	0
2338.5	0
2339.5	0
2340.5	0
2341.5	0
2342.5	0
2343.5	0
2344.5	0
2345.5	0
2346.5	0
2347.5	0
2348.5	0
2349.5	0
2350.5	0
2351.5	1
2352.5	0
2353.5	0
2354.5	0
2355.5	0
2356.5	0
2357.5	0
2358.5	0
2359.5	0
2360.5	1
2361.5	0
2362.5	0
2363.5	0
2364.5	0
2365.5	0
2366.5	0
2367.5	1
2368.5	0
2369.5	0
2370.5	0
2371.5	0
2372.5	0
2373.5	0
2374.5	0
2375.5	0
2376.5	0
2377.5	0
2378.5	0
2379.5	0
2380.5	0
2381.5	0
2382.5	0
2383.5	0
2384.5	0
2385.5	0
2386.5	0
2387.5	0
2388.5	1
2389.5	0
2390.5	0
2391.5	0
2392.5	1
2393.5	1
2394.5	0
2395.5	0
2396.5	0
2397.5	0
2398.5	1
2399.5	0
2400.5	0
2401.5	0
2402.5	0
2403.5	0
2404.5	0
2405.5	0
2406.5	0
2407.5	0
2408.5	0
2409.5	0
2410.5	0
2411.5	0
2412.5	0
2413.5	0
2414.5	0
2415.5	0
2416.5	1
2417.5	0
2418.5	0
2419.5	0
2420.5	0
2421.5	0
2422.5	0
2423.5	0
2424.5	0
2425.5	0
2426.5	0
2427.5	0
2428.5	0
2429.5	0
2430.5	0
2431.5	0
2432.5	1
2433.5	0
2434.5	0
2435.5	0
2436.5	0
2437.5	0
2438.5	0
2439.5	0
2440.5	0
2441.5	0
2442.5	0
2443.5	0
2444.5	0
2445.5	0
2446.5	0
2447.5	0
2448.5	1
2449.5	0
2450.5	0
2451.5	0
2452.5	0
2453.5	0
2454.5	0
2455.5	0
2456.5	0
2457.5	0
2458.5	0
2459.5	0
2460.5	0
2461.5	0
2462.5	0
2463.5	1
2464.5	1
2465.5	0
2466.5	0
2467.5	0
2468.5	0
2469.5	0
2470.5	0
2471.5	0
2472.5	0
2473.5	0
2474.5	0
2475.5	1
2476.5	0
2477.5	0
2478.5	0
2479.5	0
2480.5	0
2481.5	0
2482.5	0
2483.5	0
2484.5	0
2485.5	0
2486.5	0
2487.5	0
2488.5	0
2489.5	0
2490.5	0
2491.5	0
2492.5	0
2493.5	0
2494.5	0
2495.5	0
2496.5	0
2497.5	0
2498.5	0
2499.5	0
2500.5	0
2501.5	0
2502.5	0
2503.5	0
2504.5	0
2505.5	0
2506.5	0
2507.5	0
2508.5	0
2509.5	0
2510.5	0
2511.5	0
2512.5	0
2513.5	0
2514.5	0
2515.5	0
2516.5	0
2517.5	0
2518.5	0
2519.5	0
2520.5	0
2521.5	0
2522.5	0
2523.5	0
2524.5	0
2525.5	0
2526.5	0
2527.5	0
2528.5	0
2529.5	0
2530.5	0
2531.5	0
2532.5	0
2533.5	0
2534.5	0
2535.5	0
2536.5	0
2537.5	0
2538.5	0
2539.5	0
2540.5	0
2541.5	0
2542.5	0
2543.5	0
2544.5	0
2545.5	0
2546.5	0
2547.5	0
2548.5	0
2549.5	0
2550.5	0
2551.5	0
2552.5	0
2553.5	0
2554.5	0
2555.5	0
2556.5	0
2557.5	0
2558.5	0
2559.5	0
2560.5	0
2561.5	0
2562.5	0
2563.5	0
2564.5	0
2565.5	0
2566.5	0
2567.5	0
2568.5	0
2569.5	0
2570.5	0
2571.5	0
2572.5	0
2573.5	0
2574.5	0
2575.5	0
2576.5	0
2577.5	1
2578.5	0
2579.5	0
2580.5	0
2581.5	0
2582.5	0
2583.5	0
2584.5	0
2585.5	0
2586.5	0
2587.5	0
2588.5	0
2589.5	0
2590.5	0
2591.5	0
2592.5	0
2593.5	1
2594.5	0
2595.5	0
2596.5	0
2597.5	0
2598.5	0
2599.5	0
2600.5	0
2601.5	1
2602.5	0
2603.5	0
2604.5	0
2605.5	0
2606.5	1
2607.5	0
2608.5	0
2609.5	0
2610.5	0
2611.5	0
2612.5	0
2613.5	0
2614.5	1
2615.5	0
2616.5	0
2617.5	1
2618.5	0
2619.5	0
2620.5	0
2621.5	0
2622.5	0
2623.5	0
2624.5	0
2625.5	0
2626.5	0
2627.5	1
2628.5	0
2629.5	0
2630.5	0
2631.5	0
2632.5	0
2633.5	0
2634.5	0
2635.5	0
2636.5	0
2637.5	0
2638.5	0
2639.5	0
2640.5	0
2641.5	0
2642.5	0
2643.5	0
2644.5	0
2645.5	0
2646.5	0
2647.5	0
2648.5	0
2649.5	0
2650.5	0
2651.5	0
2652.5	0
2653.5	0
2654.5	0
2655.5	0
2656.5	0
2657.5	0
2658.5	0
2659.5	0
2660.5	0
2661.5	0
2662.5	0
2663.5	0
2664.5	0
2665.5	0
2666.5	0
2667.5	0
2668.5	0
2669.5	0
2670.5	0
2671.5	0
2672.5	0
2673.5	0
2674.5	0
2675.5	0
2676.5	0
2677.5	0
2678.5	0
2679.5	0
2680.5	0
2681.5	0
2682.5	0
2683.5	0
2684.5	0
2685.5	0
2686.5	0
2687.5	0
2688.5	0
2689.5	0
2690.5	0
2691.5	0
2692.5	0
2693.5	0
2694.5	0
2695.5	0
2696.5	0
2697.5	0
2698.5	0
2699.5	0
2700.5	0
2701.5	0
2702.5	0
2703.5	0
2704.5	0
2705.5	0
2706.5	0
2707.5	1
2708.5	0
2709.5	0
2710.5	0
2711.5	0
2712.5	0
2713.5	0
2714.5	0
2715.5	0
2716.5	0
2717.5	0
2718.5	0
2719.5	0
2720.5	0
2721.5	0
2722.5	0
2723.5	0
2724.5	0
2725.5	0
2726.5	0
2727.5	0
2728.5	0
2729.5	0
2730.5	0
2731.5	0
2732.5	0
2733.5	0
2734.5	0
2735.5	0
2736.5	0
2737.5	0
2738.5	0
2739.5	0
2740.5	0
2741.5	0
2742.5	0
2743.5	1
2744.5	0
2745.5	0
2746.5	0
2747.5	0
2748.5	0
2749.5	0
2750.5	0
2751.5	0
2752.5	1
2753.5	0
2754.5	0
2755.5	0
2756.5	0
2757.5	0
2758.5	0
2759.5	0
2760.5	0
2761.5	0
2762.5	0
2763.5	0
2764.5	0
2765.5	0
2766.5	0
2767.5	0
2768.5	0
2769.5	0
2770.5	0
2771.5	0
2772.5	0
2773.5	0
2774.5	0
2775.5	0
2776.5	0
2777.5	0
2778.5	0
2779.5	0
2780.5	0
2781.5	0
2782.5	0
2783.5	0
2784.5	0
2785.5	0
2786.5	0
2787.5	0
2788.5	0
2789.5	0
2790.5	0
2791.5	0
2792.5	0
2793.5	0
2794.5	0
2795.5	0
2796.5	0
2797.5	0
2798.5	0
2799.5	0
2800.5	0
2801.5	0
2802.5	0
2803.5	0
2804.5	0
2805.5	0
2806.5	0
2807.5	0
2808.5	0
2809.5	0
2810.5	0
2811.5	0
2812.5	0
2813.5	0
2814.5	0
2815.5	0
2816.5	0
2817.5	0
2818.5	0
2819.5	0
2820.5	0
2821.5	0
2822.5	0
2823.5	0
2824.5	0
2825.5	0
2826.5	1
2827.5	0
2828.5	0
2829.5	0
2830.5	0
2831.5	0
2832.5	0
2833.5	0
2834.5	0
2835.5	0
2836.5	0
2837.5	0
2838.5	0
2839.5	0
2840.5	0
2841.5	0
2842.5	0
2843.5	0
2844.5	0
2845.5	0
2846.5	0
2847.5	0
2848.5	0
2849.5	0
2850.5	0
2851.5	0
2852.5	0
2853.5	0
2854.5	0
2855.5	0
2856.5	0
2857.5	0
2858.5	0
2859.5	0
2860.5	0
2861.5	0
2862.5	0
2863.5	0
2864.5	0
2865.5	0
2866.5	0
2867.5	0
2868.5	0
2869.5	0
2870.5	0
2871.5	0
2872.5	0
2873.5	0
2874.5	2
2875.5	0
2876.5	0
2877.5	0
2878.5	0
2879.5	0
2880.5	0
2881.5	0
2882.5	0
2883.5	0
2884.5	0
2885.5	1
2886.5	0
2887.5	0
2888.5	1
2889.5	0
2890.5	0
2891.5	0
2892.5	0
2893.5	0
2894.5	0
2895.5	0
2896.5	0
2897.5	0
2898.5	0
2899.5	0
2900.5	0
2901.5	0
2902.5	0
2903.5	0
2904.5	0
2905.5	0
2906.5	0
2907.5	0
2908.5	0
2909.5	0
2910.5	0
2911.5	0
2912.5	0
2913.5	0
2914.5	0
2915.5	0
2916.5	0
2917.5	0
2918.5	0
2919.5	0
2920.5	0
2921.5	0
2922.5	0
2923.5	0
2924.5	0
2925.5	1
2926.5	0
2927.5	0
2928.5	1
2929.5	0
2930.5	0
2931.5	0
2932.5	1
2933.5	0
2934.5	0
2935.5	0
2936.5	0
2937.5	0
2938.5	0
2939.5	0
2940.5	0
2941.5	0
2942.5	0
2943.5	0
2944.5	0
2945.5	0
2946.5	0
2947.5	0
2948.5	0
2949.5	0
2950.5	0
2951.5	0
2952.5	0
2953.5	0
2954.5	0
2955.5	0
2956.5	0
2957.5	0
2958.5	0
2959.5	1
2960.5	0
2961.5	0
2962.5	0
2963.5	0
2964.5	0
2965.5	0
2966.5	0
2967.5	0
2968.5	0
2969.5	0
2970.5	0
2971.5	0
2972.5	0
2973.5	0
2974.5	0
2975.5	0
2976.5	0
2977.5	0
2978.5	0
2979.5	0
2980.5	0
2981.5	0
2982.5	0
2983.5	0
2984.5	0
2985.5	0
2986.5	0
2987.5	0
2988.5	0
2989.5	0
2990.5	1
2991.5	0
2992.5	0
2993.5	0
2994.5	0
2995.5	0
2996.5	0
2997.5	0
2998.5	0
2999.5	0
3000.5	0
3001.5	0
3002.5	0
3003.5	0
3004.5	0
3005.5	0
3006.5	0
3007.5	0
3008.5	0
3009.5	0
3010.5	0
3011.5	0
3012.5	0
3013.5	0
3014.5	0
3015.5	1
3016.5	0
3017.5	0
3018.5	0
3019.5	0
3020.5	0
3021.5	0
3022.5	0
3023.5	0
3024.5	0
3025.5	0
3026.5	0
3027.5	0
3028.5	0
3029.5	0
3030.5	0
3031.5	0
3032.5	0
3033.5	0
3034.5	0
3035.5	0
3036.5	0
3037.5	0
3038.5	0
3039.5	0
3040.5	0
3041.5	0
3042.5	0
3043.5	1
3044.5	0
3045.5	0
3046.5	0
3047.5	0
3048.5	0
3049.5	0
3050.5	0
3051.5	1
3052.5	0
3053.5	0
3054.5	0
3055.5	0
3056.5	0
3057.5	1
3058.5	0
3059.5	0
3060.5	0
3061.5	0
3062.5	0
3063.5	0
3064.5	0
3065.5	0
3066.5	0
3067.5	0
3068.5	0
3069.5	0
3070.5	0
3071.5	0
3072.5	0
3073.5	0
3074.5	0
3075.5	0
3076.5	0
3077.5	0
3078.5	0
3079.5	0
3080.5	0
3081.5	0
3082.5	0
3083.5	0
3084.5	0
3085.5	0
3086.5	0
3087.5	0
3088.5	0
3089.5	0
3090.5	0
3091.5	0
3092.5	0
3093.5	0
3094.5	0
3095.5	0
3096.5	1
3097.5	0
3098.5	0
3099.5	0
3100.5	0
3101.5	0
3102.5	0
3103.5	0
3104.5	0
3105.5	0
3106.5	0
3107.5	0
3108.5	0
3109.5	0
3110.5	0
3111.5	0
3112.5	0
3113.5	0
3114.5	0
3115.5	0
3116.5	0
3117.5	0
3118.5	0
3119.5	0
3120.5	0
3121.5	1
3122.5	0
3123.5	0
3124.5	0
3125.5	0
3126.5	0
3127.5	0
3128.5	0
3129.5	0
3130.5	0
3131.5	0
3132.5	0
3133.5	0
3134.5	0
3135.5	0
3136.5	0
3137.5	0
3138.5	0
3139.5	0
3140.5	0
3141.5	0
3142.5	0
3143.5	0
3144.5	0
3145.5	0
3146.5	0
3147.5	0
3148.5	1
3149.5	0
3150.5	0
3151.5	0
3152.5	0
3153.5	0
3154.5	0
3155.5	0
3156.5	0
3157.5	0
3158.5	0
3159.5	0
3160.5	0
3161.5	0
3162.5	0
3163.5	0
3164.5	0
3165.5	0
3166.5	0
3167.5	0
3168.5	0
3169.5	0
3170.5	0
3171.5	0
3172.5	0
3173.5	0
3174.5	0
3175.5	0
3176.5	0
3177.5	0
3178.5	0
3179.5	0
3180.5	0
3181.5	0
3182.5	0
3183.5	0
3184.5	0
3185.5	0
3186.5	0
3187.5	0
3188.5	0
3189.5	0
3190.5	0
3191.5	0
3192.5	0
3193.5	0
3194.5	0
3195.5	0
3196.5	0
3197.5	0
3198.5	0
3199.5	0
3200.5	0
3201.5	0
3202.5	0
3203.5	0
3204.5	0
3205.5	0
3206.5	0
3207.5	0
3208.5	0
3209.5	0
3210.5	0
3211.5	0
3212.5	0
3213.5	0
3214.5	0
3215.5	0
3216.5	0
3217.5	0
3218.5	0
3219.5	0
3220.5	0
3221.5	0
3222.5	0
3223.5	0
3224.5	0
3225.5	0
3226.5	0
3227.5	0
3228.5	0
3229.5	0
3230.5	0
3231.5	0
3232.5	0
3233.5	0
3234.5	0
3235.5	0
3236.5	0
3237.5	0
3238.5	0
3239.5	0
3240.5	0
3241.5	0
3242.5	0
3243.5	0
3244.5	0
3245.5	0
3246.5	0
3247.5	0
3248.5	0
3249.5	0
3250.5	0
3251.5	0
3252.5	0
3253.5	0
3254.5	0
3255.5	0
3256.5	0
3257.5	0
3258.5	0
3259.5	1
3260.5	0
3261.5	0
3262.5	0
3263.5	0
3264.5	0
3265.5	0
3266.5	0
3267.5	0
3268.5	0
3269.5	0
3270.5	0
3271.5	0
3272.5	0
3273.5	1
3274.5	0
3275.5	0
3276.5	0
3277.5	0
3278.5	0
3279.5	0
3280.5	0
3281.5	0
3282.5	0
3283.5	0
3284.5	0
3285.5	0
3286.5	0
3287.5	0
3288.5	0
3289.5	0
3290.5	0
3291.5	0
3292.5	0
3293.5	0
3294.5	0
3295.5	0
3296.5	0
3297.5	0
3298.5	0
3299.5	0
3300.5	0
3301.5	0
3302.5	0
3303.5	0
3304.5	0
3305.5	0
3306.5	0
3307.5	0
3308.5	0
3309.5	0
3310.5	0
3311.5	0
3312.5	0
3313.5	0
3314.5	0
3315.5	0
3316.5	0
3317.5	0
3318.5	0
3319.5	0
3320.5	0
3321.5	0
3322.5	0
3323.5	0
3324.5	0
3325.5	0
3326.5	0
3327.5	0
3328.5	0
3329.5	0
3330.5	0
3331.5	0
3332.5	0
3333.5	0
3334.5	0
3335.5	0
3336.5	0
3337.5	0
3338.5	0
3339.5	0
3340.5	0
3341.5	1
3342.5	0
3343.5	0
3344.5	0
3345.5	0
3346.5	0
3347.5	0
3348.5	0
3349.5	0
3350.5	0
3351.5	0
3352.5	0
3353.5	0
3354.5	0
3355.5	0
3356.5	0
3357.5	0
3358.5	0
3359.5	0
3360.5	0
3361.5	0
3362.5	0
3363.5	0
3364.5	0
3365.5	0
3366.5	0
3367.5	0
3368.5	0
3369.5	0
3370.5	0
3371.5	0
3372.5	0
3373.5	0
3374.5	0
3375.5	0
3376.5	0
3377.5	0
3378.5	0
3379.5	0
3380.5	0
3381.5	0
3382.5	0
3383.5	0
3384.5	0
3385.5	0
3386.5	0
3387.5	0
3388.5	0
3389.5	0
3390.5	0
3391.5	0
3392.5	0
3393.5	0
3394.5	0
3395.5	0
3396.5	0
3397.5	0
3398.5	0
3399.5	0
3400.5	0
3401.5	0
3402.5	0
3403.5	0
3404.5	0
3405.5	0
3406.5	0
3407.5	0
3408.5	0
3409.5	0
3410.5	0
3411.5	0
3412.5	0
3413.5	0
3414.5	0
3415.5	0
3416.5	0
3417.5	0
3418.5	0
3419.5	0
3420.5	0
3421.5	0
3422.5	0
3423.5	0
3424.5	0
3425.5	0
3426.5	0
3427.5	0
3428.5	0
3429.5	0
3430.5	0
3431.5	0
3432.5	0
3433.5	0
3434.5	0
3435.5	0
3436.5	0
3437.5	0
3438.5	0
3439.5	0
3440.5	0
3441.5	0
3442.5	0
3443.5	0
3444.5	0
3445.5	0
3446.5	0
3447.5	0
3448.5	0
3449.5	0
3450.5	0
3451.5	0
3452.5	0
3453.5	0
3454.5	0
3455.5	0
3456.5	0
3457.5	0
3458.5	0
3459.5	0
3460.5	0
3461.5	0
3462.5	0
3463.5	0
3464.5	0
3465.5	0
3466.5	0
3467.5	0
3468.5	0
3469.5	0
3470.5	0
3471.5	0
3472.5	0
3473.5	0
3474.5	0
3475.5	1
3476.5	0
3477.5	0
3478.5	0
3479.5	0
3480.5	0
3481.5	0
3482.5	0
3483.5	0
3484.5	0
3485.5	0
3486.5	0
3487.5	1
3488.5	0
3489.5	0
3490.5	0
3491.5	0
3492.5	0
3493.5	0
3494.5	0
3495.5	1
3496.5	0
3497.5	0
3498.5	1
3499.5	0
3500.5	0
3501.5	0
3502.5	0
3503.5	0
3504.5	1
3505.5	1
3506.5	0
3507.5	0
3508.5	0
3509.5	0
3510.5	0
3511.5	0
3512.5	0
3513.5	0
3514.5	0
3515.5	0
3516.5	0
3517.5	0
3518.5	0
3519.5	0
3520.5	0
3521.5	0
3522.5	0
3523.5	0
3524.5	0
3525.5	0
3526.5	1
3527.5	0
3528.5	0
3529.5	0
3530.5	0
3531.5	0
3532.5	0
3533.5	0
3534.5	0
3535.5	0
3536.5	0
3537.5	0
3538.5	0
3539.5	0
3540.5	0
3541.5	0
3542.5	0
3543.5	1
3544.5	0
3545.5	0
3546.5	0
3547.5	0
3548.5	0
3549.5	0
3550.5	0
3551.5	0
3552.5	0
3553.5	0
3554.5	0
3555.5	0
3556.5	0
3557.5	0
3558.5	0
3559.5	0
3560.5	0
3561.5	0
3562.5	0
3563.5	0
3564.5	0
3565.5	0
3566.5	0
3567.5	0
3568.5	0
3569.5	0
3570.5	0
3571.5	0
3572.5	0
3573.5	0
3574.5	0
3575.5	0
3576.5	0
3577.5	0
3578.5	0
3579.5	0
3580.5	0
3581.5	0
3582.5	0
3583.5	0
3584.5	0
3585.5	0
3586.5	0
3587.5	0
3588.5	0
3589.5	0
3590.5	0
3591.5	0
3592.5	0
3593.5	0
3594.5	0
3595.5	0
3596.5	0
3597.5	0
3598.5	0
3599.5	0
3600.5	0
3601.5	0
3602.5	0
3603.5	0
3604.5	0
3605.5	0
3606.5	0
3607.5	0
3608.5	0
3609.5	0
3610.5	0
3611.5	0
3612.5	0
3613.5	0
3614.5	0
3615.5	0
3616.5	0
3617.5	0
3618.5	0
3619.5	0
3620.5	0
3621.5	0
3622.5	0
3623.5	0
3624.5	0
3625.5	0
3626.5	0
3627.5	0
3628.5	0
3629.5	0
3630.5	0
3631.5	0
3632.5	0
3633.5	0
3634.5	0
3635.5	0
3636.5	0
3637.5	0
3638.5	0
3639.5	0
3640.5	0
3641.5	0
3642.5	0
3643.5	0
3644.5	0
3645.5	0
3646.5	0
3647.5	0
3648.5	0
3649.5	0
3650.5	0
3651.5	0
3652.5	0
3653.5	0
3654.5	0
3655.5	0
3656.5	0
3657.5	0
3658.5	0
3659.5	0
3660.5	0
3661.5	0
3662.5	0
3663.5	0
3664.5	0
3665.5	0
3666.5	0
3667.5	0
3668.5	0
3669.5	0
3670.5	0
3671.5	0
3672.5	0
3673.5	0
3674.5	0
3675.5	0
3676.5	0
3677.5	0
3678.5	0
3679.5	0
3680.5	0
3681.5	0
3682.5	0
3683.5	0
3684.5	0
3685.5	0
3686.5	0
3687.5	0
3688.5	0
3689.5	0
3690.5	0
3691.5	0
3692.5	0
3693.5	0
3694.5	0
3695.5	0
3696.5	0
3697.5	0
3698.5	0
3699.5	0
3700.5	0
3701.5	0
3702.5	0
3703.5	0
3704.5	0
3705.5	0
3706.5	0
3707.5	0
3708.5	0
3709.5	0
3710.5	0
3711.5	0
3712.5	0
3713.5	0
3714.5	0
3715.5	0
3716.5	0
3717.5	0
3718.5	0
3719.5	0
3720.5	0
3721.5	0
3722.5	0
3723.5	0
3724.5	0
3725.5	0
3726.5	0
3727.5	0
3728.5	0
3729.5	0
3730.5	0
3731.5	0
3732.5	0
3733.5	0
3734.5	0
3735.5	0
3736.5	0
3737.5	0
3738.5	0
3739.5	0
3740.5	0
3741.5	0
3742.5	0
3743.5	0
3744.5	0
3745.5	0
3746.5	0
3747.5	0
3748.5	0
3749.5	0
3750.5	0
3751.5	0
3752.5	0
3753.5	0
3754.5	0
3755.5	0
3756.5	0
3757.5	0
3758.5	0
3759.5	0
3760.5	0
3761.5	0
3762.5	0
3763.5	0
3764.5	0
3765.5	0
3766.5	0
3767.5	0
3768.5	0
3769.5	0
3770.5	0
3771.5	0
3772.5	0
3773.5	0
3774.5	0
3775.5	0
3776.5	0
3777.5	0
3778.5	0
3779.5	0
3780.5	0
3781.5	0
3782.5	0
3783.5	0
3784.5	0
3785.5	0
3786.5	0
3787.5	0
3788.5	0
3789.5	0
3790.5	0
3791.5	0
3792.5	0
3793.5	0
3794.5	0
3795.5	0
3796.5	0
3797.5	0
3798.5	0
3799.5	0
3800.5	0
3801.5	0
3802.5	0
3803.5	0
3804.5	0
3805.5	0
3806.5	0
3807.5	0
3808.5	0
3809.5	0
3810.5	0
3811.5	0
3812.5	0
3813.5	0
3814.5	0
3815.5	0
3816.5	0
3817.5	0
3818.5	0
3819.5	0
3820.5	0
3821.5	0
3822.5	0
3823.5	0
3824.5	0
3825.5	0
3826.5	0
3827.5	0
3828.5	0
3829.5	0
3830.5	0
3831.5	0
3832.5	0
3833.5	0
3834.5	0
3835.5	0
3836.5	0
3837.5	0
3838.5	0
3839.5	0
3840.5	0
3841.5	0
3842.5	0
3843.5	0
3844.5	0
3845.5	0
3846.5	0
3847.5	0
3848.5	0
3849.5	0
3850.5	0
3851.5	0
3852.5	0
3853.5	0
3854.5	0
3855.5	0
3856.5	0
3857.5	0
3858.5	0
3859.5	0
3860.5	0
3861.5	0
3862.5	0
3863.5	0
3864.5	0
3865.5	0
3866.5	0
3867.5	0
3868.5	0
3869.5	0
3870.5	0
3871.5	0
3872.5	0
3873.5	0
3874.5	0
3875.5	0
3876.5	0
3877.5	0
3878.5	0
3879.5	0
3880.5	0
3881.5	0
3882.5	0
3883.5	0
3884.5	0
3885.5	0
3886.5	0
3887.5	0
3888.5	0
3889.5	0
3890.5	0
3891.5	0
3892.5	0
3893.5	0
3894.5	0
3895.5	0
3896.5	0
3897.5	0
3898.5	0
3899.5	0
3900.5	0
3901.5	0
3902.5	1
3903.5	0
3904.5	0
3905.5	0
3906.5	0
3907.5	0
3908.5	0
3909.5	0
3910.5	0
3911.5	0
3912.5	0
3913.5	0
3914.5	0
3915.5	0
3916.5	0
3917.5	0
3918.5	0
3919.5	0
3920.5	0
3921.5	0
3922.5	0
3923.5	0
3924.5	0
3925.5	0
3926.5	0
3927.5	0
3928.5	0
3929.5	0
3930.5	0
3931.5	0
3932.5	0
3933.5	0
3934.5	0
3935.5	0
3936.5	0
3937.5	0
3938.5	0
3939.5	0
3940.5	0
3941.5	0
3942.5	0
3943.5	0
3944.5	0
3945.5	0
3946.5	0
3947.5	0
3948.5	0
3949.5	0
3950.5	0
3951.5	0
3952.5	0
3953.5	0
3954.5	0
3955.5	0
3956.5	0
3957.5	0
3958.5	0
3959.5	0
3960.5	0
3961.5	0
3962.5	0
3963.5	0
3964.5	0
3965.5	0
3966.5	0
3967.5	0
3968.5	0
3969.5	0
3970.5	0
3971.5	0
3972.5	0
3973.5	0
3974.5	0
3975.5	0
3976.5	0
3977.5	0
3978.5	0
3979.5	0
3980.5	0
3981.5	0
3982.5	0
3983.5	0
3984.5	0
3985.5	0
3986.5	0
3987.5	0
3988.5	0
3989.5	0
3990.5	0
3991.5	0
3992.5	0
3993.5	0
3994.5	0
3995.5	0
3996.5	0
3997.5	0
3998.5	0
3999.5	0
4000.5	0
4001.5	0
4002.5	0
4003.5	0
4004.5	0
4005.5	0
4006.5	0
4007.5	0
4008.5	0
4009.5	0
4010.5	0
4011.5	0
4012.5	0
4013.5	0
4014.5	0
4015.5	0
4016.5	0
4017.5	0
4018.5	0
4019.5	0
4020.5	0
4021.5	0
4022.5	0
4023.5	0
4024.5	0
4025.5	0
4026.5	0
4027.5	0
4028.5	0
4029.5	0
4030.5	0
4031.5	0
4032.5	0
4033.5	0
4034.5	0
4035.5	0
4036.5	0
4037.5	0
4038.5	0
4039.5	0
4040.5	0
4041.5	0
4042.5	0
4043.5	0
4044.5	0
4045.5	0
4046.5	0
4047.5	0
4048.5	0
4049.5	0
4050.5	0
4051.5	0
4052.5	0
4053.5	0
4054.5	0
4055.5	0
4056.5	0
4057.5	0
4058.5	0
4059.5	0
4060.5	0
4061.5	0
4062.5	0
4063.5	0
4064.5	0
4065.5	0
4066.5	0
4067.5	0
4068.5	0
4069.5	0
4070.5	0
4071.5	0
4072.5	0
4073.5	0
4074.5	0
4075.5	0
4076.5	0
4077.5	0
4078.5	0
4079.5	0
4080.5	0
4081.5	0
4082.5	0
4083.5	0
4084.5	0
4085.5	0
4086.5	0
4087.5	0
4088.5	0
4089.5	0
4090.5	0
4091.5	0
4092.5	0
4093.5	0
4094.5	0
4095.5	0
