0.5	0
1.5	0
2.5	0
3.5	0
4.5	0
5.5	0
6.5	0
7.5	0
8.5	0
9.5	0
10.5	0
11.5	0
12.5	0
13.5	0
14.5	0
15.5	0
16.5	0
17.5	0
18.5	0
19.5	0
20.5	0
21.5	0
22.5	0
23.5	0
24.5	0
25.5	0
26.5	0
27.5	0
28.5	0
29.5	0
30.5	0
31.5	0
32.5	0
33.5	0
34.5	0
35.5	1
36.5	1
37.5	1
38.5	1
39.5	1
40.5	1
41.5	3
42.5	2
43.5	1
44.5	4
45.5	6
46.5	4
47.5	3
48.5	3
49.5	7
50.5	10
51.5	8
52.5	23
53.5	16
54.5	13
55.5	16
56.5	19
57.5	27
58.5	24
59.5	25
60.5	22
61.5	37
62.5	23
63.5	40
64.5	28
65.5	52
66.5	38
67.5	42
68.5	29
69.5	60
70.5	46
71.5	38
72.5	56
73.5	72
74.5	56
75.5	58
76.5	60
77.5	51
78.5	73
79.5	74
80.5	72
81.5	82
82.5	73
83.5	79
84.5	74
85.5	68
86.5	79
87.5	89
88.5	73
89.5	90
90.5	86
91.5	102
92.5	97
93.5	89
94.5	105
95.5	128
96.5	118
97.5	113
98.5	110
99.5	111
100.5	100
101.5	119
102.5	140
103.5	135
104.5	137
105.5	141
106.5	149
107.5	127
108.5	129
109.5	158
110.5	128
111.5	133
112.5	162
113.5	180
114.5	179
115.5	160
116.5	157
117.5	178
118.5	169
119.5	167
120.5	183
121.5	179
122.5	190
123.5	197
124.5	198
125.5	167
126.5	181
127.5	192
128.5	153
129.5	175
130.5	189
131.5	167
132.5	189
133.5	190
134.5	175
135.5	180
136.5	204
137.5	203
138.5	197
139.5	204
140.5	184
141.5	199
142.5	216
143.5	195
144.5	211
145.5	198
146.5	191
147.5	182
148.5	195
149.5	188
150.5	204
151.5	185
152.5	178
153.5	169
154.5	195
155.5	200
156.5	179
157.5	188
158.5	191
159.5	205
160.5	178
161.5	215
162.5	194
163.5	183
164.5	161
165.5	205
166.5	164
167.5	184
168.5	168
169.5	172
170.5	190
171.5	208
172.5	207
173.5	207
174.5	216
175.5	197
176.5	165
177.5	179
178.5	189
179.5	186
180.5	177
181.5	201
182.5	175
183.5	169
184.5	151
185.5	169
186.5	151
187.5	158
188.5	178
189.5	169
190.5	154
191.5	171
192.5	173
193.5	151
194.5	175
195.5	169
196.5	179
197.5	148
198.5	144
199.5	166
200.5	160
201.5	147
202.5	162
203.5	175
204.5	160
205.5	143
206.5	160
207.5	150
208.5	158
209.5	159
210.5	161
211.5	141
212.5	149
213.5	156
214.5	146
215.5	147
216.5	146
217.5	142
218.5	138
219.5	133
220.5	179
221.5	132
222.5	144
223.5	138
224.5	129
225.5	120
226.5	147
227.5	138
228.5	161
229.5	142
230.5	138
231.5	132
232.5	131
233.5	143
234.5	141
235.5	142
236.5	135
237.5	136
238.5	137
239.5	133
240.5	134
241.5	133
242.5	119
243.5	123
244.5	133
245.5	107
246.5	135
247.5	118
248.5	99
249.5	107
250.5	117
251.5	96
252.5	96
253.5	99
254.5	126
255.5	104
256.5	92
257.5	104
258.5	107
259.5	110
260.5	104
261.5	118
262.5	93
263.5	103
264.5	118
265.5	111
266.5	95
267.5	104
268.5	109
269.5	111
270.5	102
271.5	89
272.5	107
273.5	94
274.5	98
275.5	94
276.5	88
277.5	82
278.5	90
279.5	96
280.5	96
281.5	95
282.5	78
283.5	99
284.5	89
285.5	93
286.5	82
287.5	87
288.5	95
289.5	83
290.5	90
291.5	92
292.5	96
293.5	81
294.5	78
295.5	92
296.5	88
297.5	84
298.5	67
299.5	60
300.5	91
301.5	92
302.5	86
303.5	95
304.5	78
305.5	92
306.5	78
307.5	82
308.5	75
309.5	76
310.5	86
311.5	82
312.5	73
313.5	82
314.5	70
315.5	73
316.5	97
317.5	75
318.5	73
319.5	73
320.5	68
321.5	81
322.5	75
323.5	63
324.5	60
325.5	75
326.5	65
327.5	77
328.5	75
329.5	74
330.5	57
331.5	62
332.5	62
333.5	71
334.5	70
335.5	69
336.5	73
337.5	55
338.5	52
339.5	69
340.5	62
341.5	60
342.5	62
343.5	68
344.5	57
345.5	59
346.5	53
347.5	67
348.5	68
349.5	67
350.5	59
351.5	64
352.5	75
353.5	70
354.5	63
355.5	62
356.5	57
357.5	65
358.5	57
359.5	73
360.5	56
361.5	59
362.5	69
363.5	52
364.5	67
365.5	73
366.5	55
367.5	77
368.5	43
369.5	63
370.5	46
371.5	58
372.5	55
373.5	52
374.5	50
375.5	46
376.5	49
377.5	56
378.5	69
379.5	62
380.5	37
381.5	48
382.5	47
383.5	40
384.5	58
385.5	47
386.5	42
387.5	37
388.5	47
389.5	53
390.5	46
391.5	38
392.5	37
393.5	44
394.5	38
395.5	49
396.5	41
397.5	33
398.5	43
399.5	51
400.5	26
401.5	47
402.5	46
403.5	51
404.5	32
405.5	29
406.5	44
407.5	48
408.5	27
409.5	28
410.5	27
411.5	32
412.5	43
413.5	25
414.5	39
415.5	35
416.5	32
417.5	41
418.5	31
419.5	35
420.5	46
421.5	45
422.5	29
423.5	41
424.5	39
425.5	26
426.5	37
427.5	37
428.5	30
429.5	23
430.5	33
431.5	33
432.5	28
433.5	29
434.5	46
435.5	25
436.5	42
437.5	32
438.5	35
439.5	25
440.5	35
441.5	32
442.5	25
443.5	31
444.5	40
445.5	32
446.5	29
447.5	38
448.5	23
449.5	25
450.5	24
451.5	27
452.5	29
453.5	30
454.5	24
455.5	33
456.5	25
457.5	25
458.5	24
459.5	31
460.5	22
461.5	32
462.5	18
463.5	25
464.5	28
465.5	30
466.5	34
467.5	28
468.5	20
469.5	22
470.5	20
471.5	19
472.5	38
473.5	20
474.5	19
475.5	24
476.5	26
477.5	22
478.5	25
479.5	19
480.5	29
481.5	24
482.5	18
483.5	25
484.5	28
485.5	20
486.5	24
487.5	21
488.5	24
489.5	18
490.5	20
491.5	23
492.5	26
493.5	17
494.5	19
495.5	20
496.5	17
497.5	28
498.5	27
499.5	22
500.5	29
501.5	22
502.5	22
503.5	25
504.5	19
505.5	23
506.5	20
507.5	17
508.5	32
509.5	27
510.5	26
511.5	21
512.5	25
513.5	27
514.5	31
515.5	26
516.5	24
517.5	32
518.5	18
519.5	16
520.5	21
521.5	19
522.5	25
523.5	24
524.5	22
525.5	20
526.5	18
527.5	29
528.5	20
529.5	21
530.5	24
531.5	11
532.5	20
533.5	10
534.5	14
535.5	9
536.5	20
537.5	19
538.5	17
539.5	19
540.5	20
541.5	16
542.5	23
543.5	19
544.5	17
545.5	25
546.5	12
547.5	12
548.5	16
549.5	21
550.5	19
551.5	18
552.5	20
553.5	15
554.5	12
555.5	12
556.5	15
557.5	11
558.5	17
559.5	12
560.5	11
561.5	20
562.5	17
563.5	17
564.5	12
565.5	13
566.5	11
567.5	10
568.5	17
569.5	17
570.5	10
571.5	18
572.5	14
573.5	10
574.5	13
575.5	18
576.5	16
577.5	15
578.5	9
579.5	15
580.5	21
581.5	10
582.5	10
583.5	13
584.5	15
585.5	7
586.5	18
587.5	16
588.5	9
589.5	11
590.5	14
591.5	17
592.5	12
593.5	12
594.5	24
595.5	13
596.5	17
597.5	15
598.5	10
599.5	9
600.5	15
601.5	11
602.5	20
603.5	9
604.5	18
605.5	13
606.5	8
607.5	7
608.5	13
609.5	14
610.5	10
611.5	14
612.5	16
613.5	15
614.5	9
615.5	10
616.5	14
617.5	16
618.5	13
619.5	13
620.5	6
621.5	12
622.5	9
623.5	10
624.5	11
625.5	12
626.5	12
627.5	8
628.5	10
629.5	15
630.5	6
631.5	8
632.5	12
633.5	9
634.5	11
635.5	7
636.5	7
637.5	6
638.5	10
639.5	10
640.5	13
641.5	10
642.5	13
643.5	14
644.5	12
645.5	12
646.5	5
647.5	9
648.5	7
649.5	11
650.5	6
651.5	6
652.5	10
653.5	5
654.5	13
655.5	4
656.5	3
657.5	8
658.5	9
659.5	10
660.5	9
661.5	8
662.5	9
663.5	21
664.5	5
665.5	11
666.5	9
667.5	10
668.5	9
669.5	6
670.5	9
671.5	11
672.5	12
673.5	7
674.5	7
675.5	11
676.5	9
677.5	9
678.5	12
679.5	11
680.5	15
681.5	8
682.5	9
683.5	5
684.5	12
685.5	11
686.5	8
687.5	11
688.5	7
689.5	8
690.5	12
691.5	10
692.5	5
693.5	6
694.5	4
695.5	5
696.5	7
697.5	8
698.5	4
699.5	16
700.5	10
701.5	5
702.5	6
703.5	8
704.5	12
705.5	9
706.5	8
707.5	8
708.5	3
709.5	8
710.5	16
711.5	8
712.5	11
713.5	15
714.5	9
715.5	10
716.5	13
717.5	9
718.5	9
719.5	8
720.5	4
721.5	9
722.5	8
723.5	10
724.5	14
725.5	6
726.5	9
727.5	6
728.5	9
729.5	11
730.5	7
731.5	9
732.5	4
733.5	8
734.5	3
735.5	10
736.5	9
737.5	7
738.5	10
739.5	5
740.5	11
741.5	12
742.5	5
743.5	9
744.5	9
745.5	10
746.5	8
747.5	6
748.5	8
749.5	14
750.5	7
751.5	5
752.5	5
753.5	9
754.5	10
755.5	8
756.5	8
757.5	8
758.5	6
759.5	9
760.5	5
761.5	12
762.5	6
763.5	4
764.5	8
765.5	6
766.5	9
767.5	10
768.5	7
769.5	10
770.5	6
771.5	11
772.5	4
773.5	6
774.5	5
775.5	7
776.5	3
777.5	4
778.5	6
779.5	7
780.5	5
781.5	8
782.5	7
783.5	10
784.5	9
785.5	8
786.5	9
787.5	6
788.5	6
789.5	9
790.5	10
791.5	7
792.5	7
793.5	8
794.5	7
795.5	6
796.5	2
797.5	6
798.5	4
799.5	3
800.5	4
801.5	7
802.5	3
803.5	4
804.5	5
805.5	7
806.5	4
807.5	4
808.5	4
809.5	5
810.5	10
811.5	4
812.5	9
813.5	7
814.5	3
815.5	4
816.5	3
817.5	6
818.5	4
819.5	9
820.5	5
821.5	6
822.5	9
823.5	4
824.5	8
825.5	8
826.5	6
827.5	7
828.5	8
829.5	11
830.5	8
831.5	11
832.5	7
833.5	6
834.5	9
835.5	5
836.5	11
837.5	7
838.5	9
839.5	12
840.5	10
841.5	9
842.5	5
843.5	6
844.5	11
845.5	5
846.5	6
847.5	11
848.5	5
849.5	9
850.5	8
851.5	6
852.5	5
853.5	10
854.5	11
855.5	4
856.5	8
857.5	12
858.5	12
859.5	11
860.5	8
861.5	9
862.5	4
863.5	4
864.5	10
865.5	6
866.5	10
867.5	8
868.5	7
869.5	11
870.5	12
871.5	8
872.5	10
873.5	7
874.5	10
875.5	3
876.5	8
877.5	10
878.5	6
879.5	9
880.5	5
881.5	3
882.5	10
883.5	5
884.5	8
885.5	10
886.5	7
887.5	4
888.5	8
889.5	2
890.5	7
891.5	10
892.5	7
893.5	3
894.5	11
895.5	5
896.5	1
897.5	12
898.5	9
899.5	8
900.5	7
901.5	9
902.5	3
903.5	5
904.5	5
905.5	5
906.5	4
907.5	7
908.5	7
909.5	5
910.5	6
911.5	5
912.5	5
913.5	8
914.5	7
915.5	4
916.5	2
917.5	8
918.5	5
919.5	8
920.5	5
921.5	2
922.5	3
923.5	5
924.5	7
925.5	1
926.5	2
927.5	4
928.5	1
929.5	3
930.5	4
931.5	11
932.5	7
933.5	7
934.5	7
935.5	3
936.5	8
937.5	2
938.5	2
939.5	0
940.5	4
941.5	5
942.5	3
943.5	4
944.5	6
945.5	7
946.5	2
947.5	3
948.5	4
949.5	4
950.5	4
951.5	4
952.5	3
953.5	1
954.5	4
955.5	3
956.5	6
957.5	4
958.5	3
959.5	1
960.5	2
961.5	5
962.5	5
963.5	2
964.5	4
965.5	6
966.5	4
967.5	4
968.5	5
969.5	4
970.5	3
971.5	4
972.5	2
973.5	3
974.5	2
975.5	2
976.5	4
977.5	10
978.5	2
979.5	1
980.5	4
981.5	4
982.5	3
983.5	6
984.5	3
985.5	2
986.5	4
987.5	4
988.5	6
989.5	6
990.5	5
991.5	4
992.5	4
993.5	2
994.5	1
995.5	2
996.5	6
997.5	4
998.5	7
999.5	6
1000.5	2
1001.5	3
1002.5	6
1003.5	4
1004.5	4
1005.5	5
1006.5	10
1007.5	5
1008.5	2
1009.5	5
1010.5	1
1011.5	2
1012.5	2
1013.5	2
1014.5	6
1015.5	2
1016.5	4
1017.5	2
1018.5	2
1019.5	6
1020.5	1
1021.5	3
1022.5	3
1023.5	2
1024.5	2
1025.5	2
1026.5	6
1027.5	6
1028.5	3
1029.5	2
1030.5	3
1031.5	5
1032.5	4
1033.5	7
1034.5	4
1035.5	4
1036.5	7
1037.5	2
1038.5	4
1039.5	3
1040.5	1
1041.5	3
1042.5	3
1043.5	4
1044.5	4
1045.5	5
1046.5	2
1047.5	3
1048.5	3
1049.5	2
1050.5	1
1051.5	3
1052.5	3
1053.5	4
1054.5	5
1055.5	3
1056.5	2
1057.5	3
1058.5	4
1059.5	3
1060.5	5
1061.5	5
1062.5	3
1063.5	4
1064.5	7
1065.5	3
1066.5	6
1067.5	2
1068.5	4
1069.5	5
1070.5	3
1071.5	5
1072.5	5
1073.5	4
1074.5	6
1075.5	2
1076.5	4
1077.5	2
1078.5	1
1079.5	6
1080.5	3
1081.5	7
1082.5	4
1083.5	3
1084.5	1
1085.5	5
1086.5	5
1087.5	2
1088.5	6
1089.5	7
1090.5	1
1091.5	9
1092.5	2
1093.5	4
1094.5	1
1095.5	3
1096.5	4
1097.5	3
1098.5	4
1099.5	3
1100.5	7
1101.5	2
1102.5	3
1103.5	4
1104.5	3
1105.5	2
1106.5	6
1107.5	1
1108.5	3
1109.5	3
1110.5	2
1111.5	1
1112.5	2
1113.5	3
1114.5	3
1115.5	5
1116.5	3
1117.5	2
1118.5	2
1119.5	3
1120.5	3
1121.5	3
1122.5	7
1123.5	5
1124.5	2
1125.5	3
1126.5	1
1127.5	2
1128.5	4
1129.5	7
1130.5	3
1131.5	1
1132.5	1
1133.5	2
1134.5	1
1135.5	2
1136.5	3
1137.5	4
1138.5	2
1139.5	3
1140.5	4
1141.5	1
1142.5	3
1143.5	5
1144.5	5
1145.5	5
1146.5	1
1147.5	2
1148.5	2
1149.5	3
1150.5	4
1151.5	2
1152.5	2
1153.5	1
1154.5	2
1155.5	2
1156.5	3
1157.5	3
1158.5	6
1159.5	2
1160.5	1
1161.5	3
1162.5	3
1163.5	4
1164.5	7
1165.5	4
1166.5	3
1167.5	5
1168.5	3
1169.5	4
1170.5	2
1171.5	6
1172.5	0
1173.5	5
1174.5	3
1175.5	3
1176.5	2
1177.5	1
1178.5	2
1179.5	2
1180.5	5
1181.5	3
1182.5	3
1183.5	3
1184.5	2
1185.5	7
1186.5	3
1187.5	3
1188.5	3
1189.5	2
1190.5	3
1191.5	5
1192.5	2
1193.5	3
1194.5	3
1195.5	2
1196.5	5
1197.5	3
1198.5	4
1199.5	2
1200.5	1
1201.5	1
1202.5	1
1203.5	5
1204.5	6
1205.5	1
1206.5	3
1207.5	3
1208.5	2
1209.5	1
1210.5	2
1211.5	4
1212.5	2
1213.5	2
1214.5	2
1215.5	3
1216.5	3
1217.5	2
1218.5	4
1219.5	3
1220.5	3
1221.5	2
1222.5	3
1223.5	3
1224.5	8
1225.5	2
1226.5	3
1227.5	1
1228.5	1
1229.5	0
1230.5	6
1231.5	2
1232.5	3
1233.5	3
1234.5	4
1235.5	4
1236.5	3
1237.5	1
1238.5	3
1239.5	2
1240.5	2
1241.5	4
1242.5	1
1243.5	3
1244.5	4
1245.5	4
1246.5	0
1247.5	7
1248.5	3
1249.5	5
1250.5	2
1251.5	6
1252.5	3
1253.5	3
1254.5	3
1255.5	2
1256.5	6
1257.5	2
1258.5	3
1259.5	1
1260.5	3
1261.5	5
1262.5	3
1263.5	3
1264.5	4
1265.5	6
1266.5	3
1267.5	4
1268.5	1
1269.5	0
1270.5	1
1271.5	4
1272.5	5
1273.5	4
1274.5	4
1275.5	5
1276.5	1
1277.5	3
1278.5	3
1279.5	7
1280.5	2
1281.5	2
1282.5	7
1283.5	2
1284.5	1
1285.5	2
1286.5	3
1287.5	2
1288.5	5
1289.5	4
1290.5	2
1291.5	3
1292.5	2
1293.5	2
1294.5	5
1295.5	3
1296.5	2
1297.5	4
1298.5	2
1299.5	5
1300.5	5
1301.5	5
1302.5	2
1303.5	1
1304.5	6
1305.5	4
1306.5	5
1307.5	5
1308.5	3
1309.5	1
1310.5	4
1311.5	0
1312.5	3
1313.5	3
1314.5	4
1315.5	2
1316.5	4
1317.5	2
1318.5	2
1319.5	0
1320.5	3
1321.5	5
1322.5	1
1323.5	4
1324.5	5
1325.5	3
1326.5	4
1327.5	1
1328.5	3
1329.5	4
1330.5	3
1331.5	3
1332.5	2
1333.5	2
1334.5	0
1335.5	2
1336.5	3
1337.5	4
1338.5	0
1339.5	1
1340.5	3
1341.5	2
1342.5	2
1343.5	3
1344.5	3
1345.5	4
1346.5	3
1347.5	4
1348.5	3
1349.5	3
1350.5	5
1351.5	4
1352.5	5
1353.5	2
1354.5	0
1355.5	1
1356.5	5
1357.5	1
1358.5	2
1359.5	0
1360.5	3
1361.5	2
1362.5	6
1363.5	3
1364.5	4
1365.5	0
1366.5	4
1367.5	3
1368.5	2
1369.5	2
1370.5	2
1371.5	3
1372.5	4
1373.5	2
1374.5	2
1375.5	4
1376.5	1
1377.5	4
1378.5	4
1379.5	3
1380.5	2
1381.5	2
1382.5	1
1383.5	2
1384.5	1
1385.5	4
1386.5	2
1387.5	2
1388.5	3
1389.5	1
1390.5	4
1391.5	1
1392.5	2
1393.5	1
1394.5	4
1395.5	3
1396.5	1
1397.5	5
1398.5	0
1399.5	0
1400.5	2
1401.5	2
1402.5	0
1403.5	1
1404.5	2
1405.5	5
1406.5	2
1407.5	2
1408.5	2
1409.5	1
1410.5	3
1411.5	2
1412.5	4
1413.5	1
1414.5	2
1415.5	2
1416.5	1
1417.5	5
1418.5	3
1419.5	2
1420.5	1
1421.5	0
1422.5	1
1423.5	1
1424.5	1
1425.5	1
1426.5	1
1427.5	1
1428.5	2
1429.5	2
1430.5	3
1431.5	2
1432.5	5
1433.5	2
1434.5	1
1435.5	3
1436.5	2
1437.5	2
1438.5	2
1439.5	0
1440.5	2
1441.5	1
1442.5	1
1443.5	0
1444.5	3
1445.5	5
1446.5	1
1447.5	0
1448.5	2
1449.5	3
1450.5	4
1451.5	1
1452.5	0
1453.5	1
1454.5	1
1455.5	1
1456.5	1
1457.5	0
1458.5	3
1459.5	6
1460.5	0
1461.5	0
1462.5	0
1463.5	2
1464.5	1
1465.5	2
1466.5	1
1467.5	0
1468.5	0
1469.5	3
1470.5	1
1471.5	4
1472.5	3
1473.5	1
1474.5	0
1475.5	5
1476.5	1
1477.5	3
1478.5	6
1479.5	2
1480.5	4
1481.5	2
1482.5	0
1483.5	0
1484.5	2
1485.5	4
1486.5	3
1487.5	0
1488.5	5
1489.5	2
1490.5	0
1491.5	3
1492.5	3
1493.5	1
1494.5	6
1495.5	0
1496.5	3
1497.5	1
1498.5	1
1499.5	2
1500.5	1
1501.5	2
1502.5	2
1503.5	0
1504.5	0
1505.5	1
1506.5	1
1507.5	3
1508.5	0
1509.5	2
1510.5	2
1511.5	3
1512.5	0
1513.5	3
1514.5	5
1515.5	0
1516.5	1
1517.5	1
1518.5	1
1519.5	1
1520.5	1
1521.5	2
1522.5	2
1523.5	2
1524.5	1
1525.5	0
1526.5	2
1527.5	0
1528.5	0
1529.5	2
1530.5	2
1531.5	2
1532.5	1
1533.5	2
1534.5	2
1535.5	5
1536.5	0
1537.5	2
1538.5	2
1539.5	2
1540.5	1
1541.5	1
1542.5	1
1543.5	2
1544.5	1
1545.5	3
1546.5	0
1547.5	1
1548.5	1
1549.5	0
1550.5	2
1551.5	1
1552.5	4
1553.5	4
1554.5	4
1555.5	2
1556.5	2
1557.5	1
1558.5	0
1559.5	2
1560.5	0
1561.5	0
1562.5	2
1563.5	2
1564.5	3
1565.5	2
1566.5	1
1567.5	2
1568.5	4
1569.5	4
1570.5	2
1571.5	2
1572.5	0
1573.5	2
1574.5	0
1575.5	2
1576.5	1
1577.5	0
1578.5	4
1579.5	4
1580.5	1
1581.5	2
1582.5	2
1583.5	3
1584.5	1
1585.5	2
1586.5	2
1587.5	4
1588.5	0
1589.5	1
1590.5	6
1591.5	0
1592.5	7
1593.5	3
1594.5	3
1595.5	3
1596.5	2
1597.5	2
1598.5	1
1599.5	1
1600.5	1
1601.5	4
1602.5	0
1603.5	1
1604.5	2
1605.5	1
1606.5	1
1607.5	1
1608.5	1
1609.5	0
1610.5	1
1611.5	0
1612.5	3
1613.5	4
1614.5	2
1615.5	2
1616.5	3
1617.5	1
1618.5	2
1619.5	0
1620.5	0
1621.5	1
1622.5	1
1623.5	2
1624.5	2
1625.5	3
1626.5	2
1627.5	0
1628.5	0
1629.5	1
1630.5	0
1631.5	2
1632.5	1
1633.5	1
1634.5	2
1635.5	2
1636.5	5
1637.5	3
1638.5	1
1639.5	4
1640.5	0
1641.5	2
1642.5	1
1643.5	3
1644.5	0
1645.5	2
1646.5	2
1647.5	2
1648.5	2
1649.5	2
1650.5	3
1651.5	0
1652.5	0
1653.5	1
1654.5	1
1655.5	2
1656.5	3
1657.5	3
1658.5	2
1659.5	0
1660.5	0
1661.5	1
1662.5	5
1663.5	1
1664.5	3
1665.5	2
1666.5	1
1667.5	2
1668.5	5
1669.5	1
1670.5	2
1671.5	1
1672.5	4
1673.5	1
1674.5	1
1675.5	2
1676.5	0
1677.5	0
1678.5	2
1679.5	2
1680.5	3
1681.5	0
1682.5	1
1683.5	1
1684.5	1
1685.5	1
1686.5	3
1687.5	3
1688.5	1
1689.5	1
1690.5	1
1691.5	1
1692.5	1
1693.5	1
1694.5	3
1695.5	4
1696.5	1
1697.5	3
1698.5	1
1699.5	2
1700.5	4
1701.5	3
1702.5	0
1703.5	1
1704.5	1
1705.5	2
1706.5	4
1707.5	0
1708.5	1
1709.5	0
1710.5	1
1711.5	2
1712.5	2
1713.5	2
1714.5	1
1715.5	2
1716.5	2
1717.5	1
1718.5	1
1719.5	0
1720.5	1
1721.5	1
1722.5	1
1723.5	3
1724.5	2
1725.5	0
1726.5	1
1727.5	3
1728.5	3
1729.5	4
1730.5	1
1731.5	1
1732.5	0
1733.5	0
1734.5	2
1735.5	2
1736.5	2
1737.5	1
1738.5	1
1739.5	4
1740.5	3
1741.5	2
1742.5	1
1743.5	2
1744.5	3
1745.5	1
1746.5	1
1747.5	0
1748.5	0
1749.5	1
1750.5	0
1751.5	0
1752.5	0
1753.5	2
1754.5	2
1755.5	0
1756.5	0
1757.5	2
1758.5	1
1759.5	1
1760.5	0
1761.5	1
1762.5	1
1763.5	1
1764.5	0
1765.5	1
1766.5	2
1767.5	0
1768.5	1
1769.5	0
1770.5	3
1771.5	1
1772.5	2
1773.5	2
1774.5	0
1775.5	1
1776.5	0
1777.5	3
1778.5	1
1779.5	0
1780.5	0
1781.5	0
1782.5	0
1783.5	0
1784.5	2
1785.5	1
1786.5	0
1787.5	1
1788.5	1
1789.5	1
1790.5	2
1791.5	0
1792.5	1
1793.5	2
1794.5	0
1795.5	1
1796.5	1
1797.5	0
1798.5	1
1799.5	1
1800.5	1
1801.5	3
1802.5	0
1803.5	0
1804.5	1
1805.5	1
1806.5	1
1807.5	1
1808.5	0
1809.5	1
1810.5	2
1811.5	1
1812.5	1
1813.5	2
1814.5	0
1815.5	0
1816.5	1
1817.5	0
1818.5	0
1819.5	0
1820.5	2
1821.5	2
1822.5	0
1823.5	2
1824.5	0
1825.5	2
1826.5	0
1827.5	0
1828.5	1
1829.5	0
1830.5	0
1831.5	1
1832.5	2
1833.5	2
1834.5	0
1835.5	0
1836.5	2
1837.5	0
1838.5	2
1839.5	1
1840.5	1
1841.5	1
1842.5	3
1843.5	1
1844.5	2
1845.5	0
1846.5	0
1847.5	1
1848.5	2
1849.5	1
1850.5	3
1851.5	0
1852.5	3
1853.5	0
1854.5	1
1855.5	0
1856.5	0
1857.5	0
1858.5	0
1859.5	2
1860.5	0
1861.5	0
1862.5	1
1863.5	0
1864.5	1
1865.5	0
1866.5	1
1867.5	0
1868.5	0
1869.5	1
1870.5	0
1871.5	2
1872.5	0
1873.5	1
1874.5	3
1875.5	0
1876.5	1
1877.5	1
1878.5	2
1879.5	0
1880.5	3
1881.5	1
1882.5	0
1883.5	1
1884.5	1
1885.5	1
1886.5	0
1887.5	0
1888.5	1
1889.5	0
1890.5	0
1891.5	1
1892.5	3
1893.5	0
1894.5	1
1895.5	0
1896.5	0
1897.5	0
1898.5	2
1899.5	1
1900.5	0
1901.5	1
1902.5	0
1903.5	1
1904.5	0
1905.5	1
1906.5	0
1907.5	0
1908.5	2
1909.5	3
1910.5	0
1911.5	2
1912.5	2
1913.5	2
1914.5	0
1915.5	0
1916.5	2
1917.5	1
1918.5	1
1919.5	0
1920.5	1
1921.5	1
1922.5	1
1923.5	1
1924.5	0
1925.5	0
1926.5	1
1927.5	2
1928.5	2
1929.5	2
1930.5	2
1931.5	1
1932.5	2
1933.5	1
1934.5	0
1935.5	1
1936.5	1
1937.5	2
1938.5	1
1939.5	4
1940.5	3
1941.5	1
1942.5	1
1943.5	1
1944.5	2
1945.5	1
1946.5	0
1947.5	1
1948.5	1
1949.5	0
1950.5	1
1951.5	1
1952.5	3
1953.5	0
1954.5	0
1955.5	2
1956.5	1
1957.5	3
1958.5	2
1959.5	1
1960.5	2
1961.5	2
1962.5	2
1963.5	1
1964.5	2
1965.5	0
1966.5	0
1967.5	2
1968.5	2
1969.5	0
1970.5	3
1971.5	1
1972.5	1
1973.5	1
1974.5	3
1975.5	0
1976.5	4
1977.5	1
1978.5	2
1979.5	0
1980.5	3
1981.5	3
1982.5	1
1983.5	2
1984.5	5
1985.5	2
1986.5	0
1987.5	3
1988.5	4
1989.5	2
1990.5	6
1991.5	2
1992.5	3
1993.5	4
1994.5	2
1995.5	2
1996.5	5
1997.5	3
1998.5	6
1999.5	3
2000.5	1
2001.5	1
2002.5	1
2003.5	8
2004.5	3
2005.5	0
2006.5	3
2007.5	2
2008.5	5
2009.5	7
2010.5	5
2011.5	2
2012.5	3
2013.5	1
2014.5	2
2015.5	4
2016.5	3
2017.5	5
2018.5	3
2019.5	4
2020.5	2
2021.5	2
2022.5	3
2023.5	3
2024.5	1
2025.5	6
2026.5	3
2027.5	4
2028.5	4
2029.5	3
2030.5	2
2031.5	2
2032.5	5
2033.5	1
2034.5	0
2035.5	1
2036.5	5
2037.5	4
2038.5	1
2039.5	3
2040.5	7
2041.5	1
2042.5	0
2043.5	3
2044.5	5
2045.5	2
2046.5	1
2047.5	2
2048.5	1
2049.5	1
2050.5	2
2051.5	2
2052.5	3
2053.5	4
2054.5	1
2055.5	2
2056.5	0
2057.5	3
2058.5	4
2059.5	2
2060.5	1
2061.5	0
2062.5	0
2063.5	1
2064.5	1
2065.5	1
2066.5	1
2067.5	1
2068.5	2
2069.5	4
2070.5	1
2071.5	3
2072.5	1
2073.5	0
2074.5	0
2075.5	1
2076.5	1
2077.5	1
2078.5	1
2079.5	2
2080.5	3
2081.5	2
2082.5	3
2083.5	0
2084.5	2
2085.5	0
2086.5	1
2087.5	1
2088.5	0
2089.5	0
2090.5	0
2091.5	1
2092.5	0
2093.5	1
2094.5	0
2095.5	1
2096.5	0
2097.5	0
2098.5	0
2099.5	1
2100.5	0
2101.5	0
2102.5	1
2103.5	2
2104.5	0
2105.5	0
2106.5	1
2107.5	1
2108.5	0
2109.5	1
2110.5	0
2111.5	0
2112.5	0
2113.5	0
2114.5	0
2115.5	0
2116.5	0
2117.5	1
2118.5	2
2119.5	0
2120.5	0
2121.5	0
2122.5	0
2123.5	2
2124.5	2
2125.5	0
2126.5	0
2127.5	2
2128.5	0
2129.5	0
2130.5	0
2131.5	0
2132.5	0
2133.5	1
2134.5	0
2135.5	2
2136.5	1
2137.5	0
2138.5	1
2139.5	0
2140.5	0
2141.5	0
2142.5	0
2143.5	0
2144.5	0
2145.5	1
2146.5	0
2147.5	0
2148.5	1
2149.5	0
2150.5	1
2151.5	0
2152.5	1
2153.5	0
2154.5	1
2155.5	1
2156.5	1
2157.5	1
2158.5	0
2159.5	0
2160.5	0
2161.5	0
2162.5	0
2163.5	0
2164.5	0
2165.5	2
2166.5	0
2167.5	1
2168.5	0
2169.5	2
2170.5	0
2171.5	2
2172.5	0
2173.5	2
2174.5	0
2175.5	0
2176.5	0
2177.5	0
2178.5	0
2179.5	0
2180.5	1
2181.5	0
2182.5	2
2183.5	0
2184.5	1
2185.5	0
2186.5	1
2187.5	0
2188.5	1
2189.5	0
2190.5	1
2191.5	1
2192.5	0
2193.5	0
2194.5	0
2195.5	0
2196.5	0
2197.5	0
2198.5	1
2199.5	0
2200.5	1
2201.5	0
2202.5	0
2203.5	0
2204.5	0
2205.5	0
2206.5	0
2207.5	2
2208.5	1
2209.5	1
2210.5	0
2211.5	2
2212.5	0
2213.5	0
2214.5	0
2215.5	0
2216.5	0
2217.5	0
2218.5	0
2219.5	0
2220.5	0
2221.5	0
2222.5	1
2223.5	0
2224.5	0
2225.5	0
2226.5	0
2227.5	0
2228.5	1
2229.5	0
2230.5	0
2231.5	1
2232.5	0
2233.5	0
2234.5	0
2235.5	1
2236.5	1
2237.5	0
2238.5	0
2239.5	0
2240.5	1
2241.5	1
2242.5	0
2243.5	0
2244.5	1
2245.5	0
2246.5	1
2247.5	1
2248.5	0
2249.5	0
2250.5	0
2251.5	0
2252.5	0
2253.5	0
2254.5	0
2255.5	1
2256.5	0
2257.5	0
2258.5	0
2259.5	0
2260.5	0
2261.5	1
2262.5	1
2263.5	0
2264.5	0
2265.5	0
2266.5	1
2267.5	0
2268.5	0
2269.5	1
2270.5	0
2271.5	1
2272.5	0
2273.5	0
2274.5	1
2275.5	0
2276.5	0
2277.5	1
2278.5	0
2279.5	0
2280.5	0
2281.5	0
2282.5	0
2283.5	0
2284.5	0
2285.5	1
2286.5	0
2287.5	0
2288.5	2
2289.5	0
2290.5	1
2291.5	0
2292.5	0
2293.5	0
2294.5	0
2295.5	0
2296.5	0
2297.5	0
2298.5	0
2299.5	1
2300.5	2
2301.5	2
2302.5	0
2303.5	0
2304.5	0
2305.5	0
2306.5	0
2307.5	1
2308.5	0
2309.5	0
2310.5	1
2311.5	0
2312.5	0
2313.5	0
2314.5	0
2315.5	0
2316.5	1
2317.5	1
2318.5	0
2319.5	1
2320.5	0
2321.5	2
2322.5	0
2323.5	0
2324.5	1
2325.5	0
2326.5	0
2327.5	0
2328.5	0
2329.5	2
2330.5	0
2331.5	0
2332.5	1
2333.5	0
2334.5	0
2335.5	0
2336.5	0
2337.5	1
2338.5	0
2339.5	0
2340.5	0
2341.5	1
2342.5	0
2343.5	0
2344.5	0
2345.5	1
2346.5	1
2347.5	0
2348.5	0
2349.5	0
2350.5	0
2351.5	1
2352.5	0
2353.5	2
2354.5	1
2355.5	0
2356.5	1
2357.5	0
2358.5	1
2359.5	0
2360.5	1
2361.5	0
2362.5	0
2363.5	0
2364.5	0
2365.5	2
2366.5	0
2367.5	1
2368.5	1
2369.5	0
2370.5	0
2371.5	0
2372.5	1
2373.5	0
2374.5	3
2375.5	0
2376.5	0
2377.5	1
2378.5	2
2379.5	0
2380.5	0
2381.5	0
2382.5	0
2383.5	1
2384.5	0
2385.5	0
2386.5	2
2387.5	1
2388.5	2
2389.5	0
2390.5	0
2391.5	0
2392.5	2
2393.5	2
2394.5	0
2395.5	1
2396.5	0
2397.5	0
2398.5	1
2399.5	0
2400.5	0
2401.5	1
2402.5	0
2403.5	1
2404.5	0
2405.5	2
2406.5	1
2407.5	2
2408.5	0
2409.5	1
2410.5	1
2411.5	0
2412.5	0
2413.5	0
2414.5	1
2415.5	0
2416.5	3
2417.5	0
2418.5	2
2419.5	0
2420.5	0
2421.5	0
2422.5	0
2423.5	0
2424.5	0
2425.5	0
2426.5	0
2427.5	0
2428.5	0
2429.5	1
2430.5	0
2431.5	0
2432.5	1
2433.5	0
2434.5	0
2435.5	1
2436.5	2
2437.5	0
2438.5	1
2439.5	1
2440.5	0
2441.5	0
2442.5	0
2443.5	1
2444.5	2
2445.5	0
2446.5	0
2447.5	1
2448.5	1
2449.5	1
2450.5	1
2451.5	1
2452.5	1
2453.5	0
2454.5	1
2455.5	1
2456.5	1
2457.5	2
2458.5	0
2459.5	0
2460.5	0
2461.5	2
2462.5	1
2463.5	1
2464.5	1
2465.5	0
2466.5	2
2467.5	1
2468.5	0
2469.5	1
2470.5	1
2471.5	0
2472.5	0
2473.5	0
2474.5	0
2475.5	1
2476.5	1
2477.5	0
2478.5	0
2479.5	0
2480.5	0
2481.5	0
2482.5	1
2483.5	0
2484.5	0
2485.5	1
2486.5	1
2487.5	0
2488.5	0
2489.5	0
2490.5	0
2491.5	0
2492.5	0
2493.5	0
2494.5	0
2495.5	0
2496.5	0
2497.5	0
2498.5	0
2499.5	1
2500.5	0
2501.5	0
2502.5	1
2503.5	0
2504.5	0
2505.5	2
2506.5	1
2507.5	1
2508.5	0
2509.5	1
2510.5	0
2511.5	0
2512.5	0
2513.5	0
2514.5	0
2515.5	0
2516.5	0
2517.5	1
2518.5	0
2519.5	0
2520.5	0
2521.5	0
2522.5	0
2523.5	0
2524.5	0
2525.5	0
2526.5	0
2527.5	0
2528.5	0
2529.5	0
2530.5	0
2531.5	0
2532.5	0
2533.5	0
2534.5	0
2535.5	0
2536.5	1
2537.5	0
2538.5	0
2539.5	0
2540.5	0
2541.5	1
2542.5	0
2543.5	0
2544.5	0
2545.5	0
2546.5	0
2547.5	0
2548.5	0
2549.5	0
2550.5	0
2551.5	0
2552.5	1
2553.5	0
2554.5	0
2555.5	0
2556.5	0
2557.5	1
2558.5	1
2559.5	0
2560.5	0
2561.5	0
2562.5	0
2563.5	0
2564.5	0
2565.5	1
2566.5	0
2567.5	0
2568.5	0
2569.5	0
2570.5	0
2571.5	1
2572.5	0
2573.5	0
2574.5	0
2575.5	1
2576.5	1
2577.5	1
2578.5	0
2579.5	1
2580.5	1
2581.5	1
2582.5	0
2583.5	0
2584.5	0
2585.5	0
2586.5	1
2587.5	0
2588.5	0
2589.5	0
2590.5	0
2591.5	0
2592.5	0
2593.5	1
2594.5	0
2595.5	0
2596.5	0
2597.5	0
2598.5	0
2599.5	0
2600.5	0
2601.5	1
2602.5	0
2603.5	0
2604.5	0
2605.5	0
2606.5	1
2607.5	0
2608.5	0
2609.5	0
2610.5	0
2611.5	0
2612.5	0
2613.5	0
2614.5	1
2615.5	1
2616.5	0
2617.5	1
2618.5	0
2619.5	1
2620.5	0
2621.5	0
2622.5	0
2623.5	0
2624.5	0
2625.5	0
2626.5	0
2627.5	1
2628.5	0
2629.5	1
2630.5	1
2631.5	0
2632.5	0
2633.5	0
2634.5	0
2635.5	0
2636.5	0
2637.5	0
2638.5	1
2639.5	0
2640.5	0
2641.5	0
2642.5	0
2643.5	1
2644.5	0
2645.5	0
2646.5	0
2647.5	0
2648.5	0
2649.5	0
2650.5	0
2651.5	0
2652.5	0
2653.5	0
2654.5	0
2655.5	0
2656.5	0
2657.5	0
2658.5	0
2659.5	0
2660.5	0
2661.5	0
2662.5	1
2663.5	0
2664.5	1
2665.5	0
2666.5	0
2667.5	0
2668.5	0
2669.5	0
2670.5	0
2671.5	0
2672.5	0
2673.5	0
2674.5	1
2675.5	1
2676.5	0
2677.5	0
2678.5	0
2679.5	0
2680.5	0
2681.5	0
2682.5	0
2683.5	0
2684.5	0
2685.5	1
2686.5	0
2687.5	0
2688.5	0
2689.5	0
2690.5	1
2691.5	0
2692.5	0
2693.5	0
2694.5	0
2695.5	0
2696.5	0
2697.5	0
2698.5	0
2699.5	0
2700.5	0
2701.5	0
2702.5	0
2703.5	0
2704.5	0
2705.5	0
2706.5	0
2707.5	1
2708.5	2
2709.5	0
2710.5	0
2711.5	0
2712.5	0
2713.5	0
2714.5	0
2715.5	0
2716.5	0
2717.5	0
2718.5	0
2719.5	0
2720.5	0
2721.5	0
2722.5	0
2723.5	0
2724.5	0
2725.5	0
2726.5	0
2727.5	0
2728.5	2
2729.5	0
2730.5	0
2731.5	1
2732.5	0
2733.5	0
2734.5	0
2735.5	0
2736.5	1
2737.5	0
2738.5	0
2739.5	0
2740.5	0
2741.5	0
2742.5	0
2743.5	1
2744.5	0
2745.5	1
2746.5	0
2747.5	0
2748.5	0
2749.5	0
2750.5	0
2751.5	0
2752.5	1
2753.5	0
2754.5	0
2755.5	0
2756.5	0
2757.5	0
2758.5	0
2759.5	1
2760.5	0
2761.5	1
2762.5	0
2763.5	1
2764.5	0
2765.5	0
2766.5	0
2767.5	0
2768.5	1
2769.5	0
2770.5	0
2771.5	0
2772.5	0
2773.5	0
2774.5	0
2775.5	0
2776.5	0
2777.5	0
2778.5	0
2779.5	0
2780.5	0
2781.5	0
2782.5	0
2783.5	0
2784.5	0
2785.5	0
2786.5	1
2787.5	0
2788.5	0
2789.5	0
2790.5	0
2791.5	0
2792.5	0
2793.5	0
2794.5	0
2795.5	0
2796.5	0
2797.5	0
2798.5	0
2799.5	0
2800.5	0
2801.5	0
2802.5	0
2803.5	0
2804.5	0
2805.5	0
2806.5	0
2807.5	0
2808.5	0
2809.5	0
2810.5	0
2811.5	0
2812.5	0
2813.5	0
2814.5	0
2815.5	0
2816.5	0
2817.5	0
2818.5	0
2819.5	0
2820.5	0
2821.5	0
2822.5	1
2823.5	0
2824.5	0
2825.5	0
2826.5	1
2827.5	0
2828.5	1
2829.5	0
2830.5	0
2831.5	0
2832.5	0
2833.5	0
2834.5	0
2835.5	0
2836.5	0
2837.5	0
2838.5	1
2839.5	0
2840.5	0
2841.5	1
2842.5	0
2843.5	0
2844.5	1
2845.5	0
2846.5	1
2847.5	0
2848.5	0
2849.5	0
2850.5	0
2851.5	1
2852.5	0
2853.5	0
2854.5	0
2855.5	1
2856.5	1
2857.5	0
2858.5	0
2859.5	0
2860.5	1
2861.5	0
2862.5	1
2863.5	0
2864.5	0
2865.5	0
2866.5	0
2867.5	0
2868.5	1
2869.5	0
2870.5	0
2871.5	1
2872.5	1
2873.5	0
2874.5	2
2875.5	0
2876.5	0
2877.5	0
2878.5	0
2879.5	0
2880.5	0
2881.5	0
2882.5	1
2883.5	0
2884.5	0
2885.5	2
2886.5	0
2887.5	0
2888.5	1
2889.5	0
2890.5	1
2891.5	0
2892.5	0
2893.5	0
2894.5	0
2895.5	0
2896.5	0
2897.5	0
2898.5	0
2899.5	0
2900.5	0
2901.5	0
2902.5	0
2903.5	0
2904.5	0
2905.5	0
2906.5	0
2907.5	1
2908.5	1
2909.5	0
2910.5	0
2911.5	0
2912.5	1
2913.5	1
2914.5	0
2915.5	0
2916.5	0
2917.5	0
2918.5	1
2919.5	1
2920.5	0
2921.5	1
2922.5	1
2923.5	0
2924.5	0
2925.5	1
2926.5	1
2927.5	1
2928.5	1
2929.5	1
2930.5	0
2931.5	0
2932.5	1
2933.5	0
2934.5	0
2935.5	0
2936.5	0
2937.5	0
2938.5	0
2939.5	0
2940.5	0
2941.5	0
2942.5	1
2943.5	0
2944.5	0
2945.5	0
2946.5	1
2947.5	0
2948.5	0
2949.5	0
2950.5	0
2951.5	1
2952.5	0
2953.5	0
2954.5	0
2955.5	0
2956.5	0
2957.5	1
2958.5	1
2959.5	1
2960.5	0
2961.5	0
2962.5	0
2963.5	0
2964.5	0
2965.5	0
2966.5	0
2967.5	0
2968.5	0
2969.5	0
2970.5	0
2971.5	0
2972.5	0
2973.5	1
2974.5	0
2975.5	0
2976.5	0
2977.5	0
2978.5	0
2979.5	0
2980.5	0
2981.5	0
2982.5	0
2983.5	0
2984.5	0
2985.5	0
2986.5	1
2987.5	0
2988.5	1
2989.5	0
2990.5	1
2991.5	0
2992.5	0
2993.5	0
2994.5	0
2995.5	0
2996.5	0
2997.5	0
2998.5	0
2999.5	2
3000.5	0
3001.5	0
3002.5	0
3003.5	0
3004.5	0
3005.5	0
3006.5	0
3007.5	0
3008.5	0
3009.5	0
3010.5	0
3011.5	0
3012.5	0
3013.5	0
3014.5	0
3015.5	1
3016.5	0
3017.5	0
3018.5	0
3019.5	0
3020.5	0
3021.5	0
3022.5	0
3023.5	0
3024.5	1
3025.5	0
3026.5	0
3027.5	0
3028.5	0
3029.5	0
3030.5	0
3031.5	0
3032.5	0
3033.5	0
3034.5	0
3035.5	0
3036.5	1
3037.5	0
3038.5	2
3039.5	0
3040.5	0
3041.5	0
3042.5	0
3043.5	1
3044.5	0
3045.5	0
3046.5	0
3047.5	0
3048.5	0
3049.5	0
3050.5	0
3051.5	1
3052.5	1
3053.5	0
3054.5	0
3055.5	1
3056.5	0
3057.5	1
3058.5	0
3059.5	0
3060.5	0
3061.5	0
3062.5	0
3063.5	0
3064.5	0
3065.5	0
3066.5	1
3067.5	1
3068.5	1
3069.5	0
3070.5	0
3071.5	0
3072.5	0
3073.5	0
3074.5	0
3075.5	0
3076.5	0
3077.5	0
3078.5	0
3079.5	0
3080.5	0
3081.5	0
3082.5	0
3083.5	0
3084.5	0
3085.5	0
3086.5	0
3087.5	0
3088.5	0
3089.5	0
3090.5	0
3091.5	0
3092.5	0
3093.5	0
3094.5	0
3095.5	0
3096.5	1
3097.5	0
3098.5	0
3099.5	0
3100.5	0
3101.5	0
3102.5	1
3103.5	0
3104.5	0
3105.5	1
3106.5	0
3107.5	0
3108.5	0
3109.5	0
3110.5	1
3111.5	0
3112.5	0
3113.5	0
3114.5	1
3115.5	0
3116.5	0
3117.5	0
3118.5	0
3119.5	0
3120.5	0
3121.5	1
3122.5	0
3123.5	0
3124.5	0
3125.5	0
3126.5	0
3127.5	1
3128.5	0
3129.5	0
3130.5	0
3131.5	0
3132.5	0
3133.5	0
3134.5	0
3135.5	0
3136.5	0
3137.5	0
3138.5	0
3139.5	0
3140.5	0
3141.5	0
3142.5	0
3143.5	0
3144.5	0
3145.5	0
3146.5	0
3147.5	0
3148.5	1
3149.5	0
3150.5	0
3151.5	0
3152.5	0
3153.5	0
3154.5	0
3155.5	0
3156.5	0
3157.5	0
3158.5	0
3159.5	0
3160.5	0
3161.5	0
3162.5	0
3163.5	0
3164.5	0
3165.5	0
3166.5	0
3167.5	1
3168.5	0
3169.5	0
3170.5	0
3171.5	0
3172.5	0
3173.5	0
3174.5	0
3175.5	0
3176.5	0
3177.5	0
3178.5	0
3179.5	0
3180.5	0
3181.5	0
3182.5	0
3183.5	0
3184.5	1
3185.5	0
3186.5	1
3187.5	1
3188.5	0
3189.5	0
3190.5	0
3191.5	0
3192.5	0
3193.5	0
3194.5	0
3195.5	0
3196.5	0
3197.5	0
3198.5	0
3199.5	0
3200.5	1
3201.5	0
3202.5	0
3203.5	0
3204.5	0
3205.5	0
3206.5	0
3207.5	0
3208.5	0
3209.5	0
3210.5	0
3211.5	1
3212.5	0
3213.5	0
3214.5	0
3215.5	0
3216.5	0
3217.5	0
3218.5	0
3219.5	0
3220.5	0
3221.5	1
3222.5	1
3223.5	0
3224.5	0
3225.5	0
3226.5	0
3227.5	0
3228.5	0
3229.5	0
3230.5	0
3231.5	0
3232.5	0
3233.5	0
3234.5	0
3235.5	0
3236.5	0
3237.5	0
3238.5	0
3239.5	0
3240.5	1
3241.5	0
3242.5	0
3243.5	0
3244.5	0
3245.5	0
3246.5	0
3247.5	0
3248.5	0
3249.5	0
3250.5	0
3251.5	0
3252.5	0
3253.5	0
3254.5	0
3255.5	1
3256.5	0
3257.5	0
3258.5	1
3259.5	1
3260.5	0
3261.5	0
3262.5	0
3263.5	0
3264.5	0
3265.5	0
3266.5	0
3267.5	0
3268.5	0
3269.5	1
3270.5	0
3271.5	0
3272.5	0
3273.5	1
3274.5	0
3275.5	0
3276.5	0
3277.5	1
3278.5	0
3279.5	0
3280.5	0
3281.5	0
3282.5	0
3283.5	0
3284.5	0
3285.5	0
3286.5	0
3287.5	0
3288.5	0
3289.5	0
3290.5	0
3291.5	0
3292.5	0
3293.5	0
3294.5	0
3295.5	0
3296.5	1
3297.5	0
3298.5	0
3299.5	0
3300.5	0
3301.5	0
3302.5	0
3303.5	0
3304.5	0
3305.5	0
3306.5	0
3307.5	0
3308.5	0
3309.5	0
3310.5	0
3311.5	0
3312.5	0
3313.5	0
3314.5	0
3315.5	0
3316.5	0
3317.5	0
3318.5	0
3319.5	0
3320.5	0
3321.5	0
3322.5	0
3323.5	0
3324.5	1
3325.5	0
3326.5	0
3327.5	0
3328.5	0
3329.5	1
3330.5	0
3331.5	0
3332.5	0
3333.5	0
3334.5	0
3335.5	0
3336.5	0
3337.5	0
3338.5	0
3339.5	0
3340.5	0
3341.5	1
3342.5	0
3343.5	0
3344.5	0
3345.5	0
3346.5	0
3347.5	0
3348.5	0
3349.5	0
3350.5	0
3351.5	0
3352.5	0
3353.5	0
3354.5	0
3355.5	0
3356.5	0
3357.5	0
3358.5	0
3359.5	0
3360.5	0
3361.5	0
3362.5	0
3363.5	0
3364.5	0
3365.5	0
3366.5	0
3367.5	0
3368.5	0
3369.5	0
3370.5	0
3371.5	0
3372.5	0
3373.5	0
3374.5	0
3375.5	0
3376.5	0
3377.5	0
3378.5	0
3379.5	0
3380.5	0
3381.5	0
3382.5	0
3383.5	0
3384.5	0
3385.5	0
3386.5	0
3387.5	0
3388.5	0
3389.5	0
3390.5	0
3391.5	0
3392.5	0
3393.5	0
3394.5	0
3395.5	0
3396.5	0
3397.5	0
3398.5	0
3399.5	0
3400.5	0
3401.5	0
3402.5	0
3403.5	0
3404.5	0
3405.5	0
3406.5	1
3407.5	0
3408.5	1
3409.5	0
3410.5	0
3411.5	2
3412.5	0
3413.5	0
3414.5	0
3415.5	0
3416.5	0
3417.5	0
3418.5	0
3419.5	0
3420.5	0
3421.5	0
3422.5	0
3423.5	0
3424.5	0
3425.5	0
3426.5	0
3427.5	0
3428.5	0
3429.5	0
3430.5	0
3431.5	0
3432.5	0
3433.5	0
3434.5	0
3435.5	0
3436.5	0
3437.5	0
3438.5	0
3439.5	0
3440.5	0
3441.5	0
3442.5	1
3443.5	0
3444.5	0
3445.5	0
3446.5	0
3447.5	1
3448.5	0
3449.5	0
3450.5	1
3451.5	0
3452.5	1
3453.5	1
3454.5	1
3455.5	0
3456.5	0
3457.5	0
3458.5	0
3459.5	0
3460.5	0
3461.5	0
3462.5	0
3463.5	0
3464.5	0
3465.5	0
3466.5	0
3467.5	0
3468.5	0
3469.5	0
3470.5	0
3471.5	0
3472.5	0
3473.5	1
3474.5	0
3475.5	1
3476.5	0
3477.5	0
3478.5	1
3479.5	0
3480.5	0
3481.5	1
3482.5	1
3483.5	1
3484.5	1
3485.5	0
3486.5	1
3487.5	1
3488.5	0
3489.5	0
3490.5	0
3491.5	0
3492.5	1
3493.5	0
3494.5	0
3495.5	1
3496.5	0
3497.5	0
3498.5	1
3499.5	0
3500.5	0
3501.5	0
3502.5	1
3503.5	2
3504.5	1
3505.5	2
3506.5	2
3507.5	0
3508.5	1
3509.5	0
3510.5	1
3511.5	0
3512.5	0
3513.5	0
3514.5	0
3515.5	0
3516.5	0
3517.5	0
3518.5	0
3519.5	1
3520.5	1
3521.5	0
3522.5	0
3523.5	0
3524.5	1
3525.5	1
3526.5	1
3527.5	1
3528.5	0
3529.5	0
3530.5	0
3531.5	0
3532.5	0
3533.5	0
3534.5	0
3535.5	0
3536.5	0
3537.5	1
3538.5	0
3539.5	0
3540.5	0
3541.5	0
3542.5	1
3543.5	1
3544.5	0
3545.5	0
3546.5	0
3547.5	0
3548.5	0
3549.5	0
3550.5	0
3551.5	0
3552.5	0
3553.5	0
3554.5	0
3555.5	0
3556.5	0
3557.5	0
3558.5	0
3559.5	0
3560.5	0
3561.5	0
3562.5	0
3563.5	0
3564.5	0
3565.5	0
3566.5	0
3567.5	0
3568.5	0
3569.5	0
3570.5	0
3571.5	0
3572.5	0
3573.5	0
3574.5	0
3575.5	0
3576.5	0
3577.5	0
3578.5	0
3579.5	0
3580.5	0
3581.5	0
3582.5	0
3583.5	0
3584.5	0
3585.5	0
3586.5	0
3587.5	0
3588.5	0
3589.5	0
3590.5	0
3591.5	0
3592.5	0
3593.5	0
3594.5	0
3595.5	0
3596.5	0
3597.5	0
3598.5	0
3599.5	0
3600.5	0
3601.5	0
3602.5	0
3603.5	0
3604.5	0
3605.5	0
3606.5	0
3607.5	0
3608.5	0
3609.5	0
3610.5	0
3611.5	0
3612.5	0
3613.5	0
3614.5	0
3615.5	0
3616.5	0
3617.5	0
3618.5	0
3619.5	0
3620.5	0
3621.5	0
3622.5	0
3623.5	0
3624.5	0
3625.5	0
3626.5	0
3627.5	0
3628.5	0
3629.5	0
3630.5	0
3631.5	0
3632.5	0
3633.5	0
3634.5	0
3635.5	0
3636.5	0
3637.5	0
3638.5	0
3639.5	0
3640.5	0
3641.5	0
3642.5	0
3643.5	0
3644.5	0
3645.5	0
3646.5	0
3647.5	0
3648.5	0
3649.5	0
3650.5	0
3651.5	0
3652.5	0
3653.5	0
3654.5	0
3655.5	0
3656.5	0
3657.5	0
3658.5	0
3659.5	0
3660.5	0
3661.5	0
3662.5	0
3663.5	0
3664.5	0
3665.5	0
3666.5	0
3667.5	0
3668.5	0
3669.5	0
3670.5	0
3671.5	0
3672.5	0
3673.5	0
3674.5	0
3675.5	0
3676.5	0
3677.5	0
3678.5	0
3679.5	0
3680.5	0
3681.5	0
3682.5	0
3683.5	0
3684.5	0
3685.5	0
3686.5	1
3687.5	0
3688.5	0
3689.5	0
3690.5	0
3691.5	0
3692.5	0
3693.5	1
3694.5	0
3695.5	0
3696.5	0
3697.5	0
3698.5	0
3699.5	0
3700.5	0
3701.5	0
3702.5	0
3703.5	0
3704.5	0
3705.5	0
3706.5	0
3707.5	0
3708.5	0
3709.5	0
3710.5	0
3711.5	0
3712.5	0
3713.5	0
3714.5	0
3715.5	0
3716.5	0
3717.5	0
3718.5	0
3719.5	0
3720.5	0
3721.5	0
3722.5	0
3723.5	0
3724.5	0
3725.5	0
3726.5	0
3727.5	0
3728.5	0
3729.5	0
3730.5	0
3731.5	0
3732.5	0
3733.5	0
3734.5	0
3735.5	0
3736.5	0
3737.5	0
3738.5	0
3739.5	0
3740.5	0
3741.5	0
3742.5	0
3743.5	0
3744.5	0
3745.5	0
3746.5	0
3747.5	0
3748.5	0
3749.5	0
3750.5	0
3751.5	0
3752.5	0
3753.5	0
3754.5	0
3755.5	0
3756.5	0
3757.5	0
3758.5	0
3759.5	0
3760.5	0
3761.5	0
3762.5	0
3763.5	0
3764.5	0
3765.5	0
3766.5	0
3767.5	0
3768.5	0
3769.5	0
3770.5	0
3771.5	0
3772.5	0
3773.5	0
3774.5	0
3775.5	0
3776.5	0
3777.5	0
3778.5	0
3779.5	0
3780.5	0
3781.5	0
3782.5	0
3783.5	0
3784.5	0
3785.5	0
3786.5	0
3787.5	0
3788.5	0
3789.5	0
3790.5	0
3791.5	0
3792.5	0
3793.5	0
3794.5	0
3795.5	0
3796.5	0
3797.5	0
3798.5	0
3799.5	0
3800.5	0
3801.5	0
3802.5	0
3803.5	0
3804.5	0
3805.5	0
3806.5	0
3807.5	0
3808.5	0
3809.5	0
3810.5	0
3811.5	0
3812.5	0
3813.5	0
3814.5	0
3815.5	0
3816.5	0
3817.5	0
3818.5	0
3819.5	0
3820.5	0
3821.5	0
3822.5	0
3823.5	0
3824.5	0
3825.5	0
3826.5	0
3827.5	0
3828.5	0
3829.5	0
3830.5	0
3831.5	0
3832.5	0
3833.5	0
3834.5	0
3835.5	0
3836.5	0
3837.5	0
3838.5	0
3839.5	0
3840.5	0
3841.5	0
3842.5	0
3843.5	0
3844.5	0
3845.5	0
3846.5	0
3847.5	0
3848.5	0
3849.5	0
3850.5	0
3851.5	0
3852.5	0
3853.5	0
3854.5	0
3855.5	0
3856.5	0
3857.5	0
3858.5	0
3859.5	0
3860.5	0
3861.5	0
3862.5	0
3863.5	0
3864.5	0
3865.5	0
3866.5	0
3867.5	0
3868.5	0
3869.5	0
3870.5	0
3871.5	0
3872.5	0
3873.5	0
3874.5	0
3875.5	0
3876.5	0
3877.5	0
3878.5	0
3879.5	0
3880.5	0
3881.5	0
3882.5	0
3883.5	1
3884.5	0
3885.5	0
3886.5	0
3887.5	0
3888.5	0
3889.5	0
3890.5	0
3891.5	0
3892.5	0
3893.5	0
3894.5	0
3895.5	0
3896.5	0
3897.5	0
3898.5	0
3899.5	0
3900.5	0
3901.5	0
3902.5	1
3903.5	0
3904.5	0
3905.5	0
3906.5	0
3907.5	0
3908.5	0
3909.5	0
3910.5	0
3911.5	0
3912.5	0
3913.5	0
3914.5	0
3915.5	0
3916.5	0
3917.5	0
3918.5	0
3919.5	0
3920.5	0
3921.5	0
3922.5	0
3923.5	0
3924.5	0
3925.5	0
3926.5	0
3927.5	0
3928.5	0
3929.5	0
3930.5	0
3931.5	0
3932.5	0
3933.5	0
3934.5	0
3935.5	0
3936.5	0
3937.5	0
3938.5	0
3939.5	1
3940.5	0
3941.5	0
3942.5	0
3943.5	0
3944.5	0
3945.5	0
3946.5	0
3947.5	0
3948.5	0
3949.5	0
3950.5	0
3951.5	0
3952.5	0
3953.5	0
3954.5	0
3955.5	0
3956.5	0
3957.5	0
3958.5	0
3959.5	0
3960.5	0
3961.5	0
3962.5	0
3963.5	0
3964.5	0
3965.5	0
3966.5	0
3967.5	0
3968.5	0
3969.5	0
3970.5	0
3971.5	0
3972.5	0
3973.5	0
3974.5	0
3975.5	0
3976.5	0
3977.5	0
3978.5	0
3979.5	0
3980.5	0
3981.5	0
3982.5	0
3983.5	0
3984.5	0
3985.5	0
3986.5	0
3987.5	0
3988.5	0
3989.5	0
3990.5	0
3991.5	0
3992.5	0
3993.5	0
3994.5	0
3995.5	0
3996.5	0
3997.5	0
3998.5	0
3999.5	0
4000.5	0
4001.5	0
4002.5	0
4003.5	0
4004.5	0
4005.5	0
4006.5	0
4007.5	0
4008.5	0
4009.5	0
4010.5	0
4011.5	0
4012.5	0
4013.5	0
4014.5	0
4015.5	0
4016.5	0
4017.5	0
4018.5	0
4019.5	0
4020.5	0
4021.5	0
4022.5	0
4023.5	0
4024.5	0
4025.5	0
4026.5	0
4027.5	0
4028.5	0
4029.5	0
4030.5	0
4031.5	0
4032.5	0
4033.5	0
4034.5	0
4035.5	0
4036.5	0
4037.5	0
4038.5	0
4039.5	0
4040.5	0
4041.5	0
4042.5	0
4043.5	0
4044.5	0
4045.5	0
4046.5	0
4047.5	0
4048.5	0
4049.5	0
4050.5	0
4051.5	0
4052.5	0
4053.5	0
4054.5	0
4055.5	0
4056.5	0
4057.5	0
4058.5	0
4059.5	0
4060.5	0
4061.5	0
4062.5	0
4063.5	0
4064.5	0
4065.5	0
4066.5	0
4067.5	0
4068.5	0
4069.5	0
4070.5	0
4071.5	0
4072.5	0
4073.5	0
4074.5	0
4075.5	0
4076.5	0
4077.5	0
4078.5	0
4079.5	1
4080.5	0
4081.5	0
4082.5	0
4083.5	1
4084.5	0
4085.5	0
4086.5	0
4087.5	0
4088.5	0
4089.5	0
4090.5	0
4091.5	0
4092.5	0
4093.5	0
4094.5	0
4095.5	0
