0.5	0
1.5	0
2.5	0
3.5	0
4.5	0
5.5	0
6.5	0
7.5	0
8.5	0
9.5	0
10.5	0
11.5	0
12.5	0
13.5	0
14.5	0
15.5	0
16.5	0
17.5	0
18.5	0
19.5	0
20.5	0
21.5	0
22.5	0
23.5	0
24.5	0
25.5	0
26.5	0
27.5	0
28.5	0
29.5	0
30.5	1
31.5	0
32.5	0
33.5	1
34.5	4
35.5	4
36.5	9
37.5	7
38.5	10
39.5	8
40.5	10
41.5	16
42.5	19
43.5	12
44.5	28
45.5	31
46.5	31
47.5	38
48.5	34
49.5	60
50.5	71
51.5	82
52.5	99
53.5	97
54.5	118
55.5	147
56.5	155
57.5	174
58.5	182
59.5	192
60.5	201
61.5	229
62.5	216
63.5	276
64.5	265
65.5	319
66.5	294
67.5	286
68.5	287
69.5	358
70.5	360
71.5	368
72.5	383
73.5	425
74.5	413
75.5	425
76.5	462
77.5	439
78.5	458
79.5	491
80.5	472
81.5	488
82.5	510
83.5	537
84.5	558
85.5	614
86.5	610
87.5	612
88.5	629
89.5	651
90.5	651
91.5	648
92.5	689
93.5	680
94.5	744
95.5	723
96.5	793
97.5	776
98.5	828
99.5	846
100.5	809
101.5	877
102.5	921
103.5	982
104.5	950
105.5	976
106.5	1008
107.5	1026
108.5	1001
109.5	1026
110.5	1022
111.5	1078
112.5	1104
113.5	1127
114.5	1132
115.5	1142
116.5	1192
117.5	1159
118.5	1302
119.5	1144
120.5	1311
121.5	1252
122.5	1310
123.5	1265
124.5	1382
125.5	1299
126.5	1352
127.5	1352
128.5	1357
129.5	1373
130.5	1415
131.5	1386
132.5	1386
133.5	1386
134.5	1462
135.5	1450
136.5	1437
137.5	1438
138.5	1401
139.5	1407
140.5	1390
141.5	1449
142.5	1410
143.5	1498
144.5	1429
145.5	1389
146.5	1401
147.5	1405
148.5	1472
149.5	1401
150.5	1382
151.5	1353
152.5	1391
153.5	1462
154.5	1421
155.5	1523
156.5	1378
157.5	1385
158.5	1410
159.5	1341
160.5	1397
161.5	1381
162.5	1370
163.5	1346
164.5	1341
165.5	1398
166.5	1381
167.5	1362
168.5	1356
169.5	1344
170.5	1342
171.5	1401
172.5	1414
173.5	1410
174.5	1395
175.5	1266
176.5	1263
177.5	1283
178.5	1288
179.5	1302
180.5	1313
181.5	1277
182.5	1267
183.5	1218
184.5	1200
185.5	1257
186.5	1214
187.5	1214
188.5	1207
189.5	1210
190.5	1259
191.5	1201
192.5	1199
193.5	1208
194.5	1209
195.5	1169
196.5	1163
197.5	1179
198.5	1117
199.5	1106
200.5	1154
201.5	1096
202.5	1171
203.5	1199
204.5	1140
205.5	1080
206.5	1178
207.5	1102
208.5	1176
209.5	1145
210.5	1111
211.5	1068
212.5	1164
213.5	1114
214.5	1110
215.5	1053
216.5	1098
217.5	1058
218.5	1005
219.5	1012
220.5	1070
221.5	1045
222.5	1010
223.5	1045
224.5	1000
225.5	977
226.5	1034
227.5	976
228.5	974
229.5	977
230.5	972
231.5	908
232.5	948
233.5	950
234.5	978
235.5	969
236.5	880
237.5	961
238.5	922
239.5	950
240.5	889
241.5	956
242.5	889
243.5	887
244.5	880
245.5	899
246.5	882
247.5	870
248.5	803
249.5	804
250.5	827
251.5	814
252.5	804
253.5	810
254.5	815
255.5	829
256.5	764
257.5	768
258.5	844
259.5	784
260.5	771
261.5	760
262.5	780
263.5	797
264.5	760
265.5	753
266.5	739
267.5	765
268.5	744
269.5	733
270.5	720
271.5	740
272.5	683
273.5	663
274.5	701
275.5	710
276.5	693
277.5	667
278.5	719
279.5	653
280.5	688
281.5	640
282.5	652
283.5	623
284.5	669
285.5	672
286.5	628
287.5	689
288.5	667
289.5	676
290.5	669
291.5	594
292.5	607
293.5	590
294.5	621
295.5	656
296.5	645
297.5	632
298.5	635
299.5	572
300.5	604
301.5	621
302.5	589
303.5	591
304.5	610
305.5	577
306.5	569
307.5	553
308.5	562
309.5	566
310.5	526
311.5	544
312.5	539
313.5	546
314.5	534
315.5	525
316.5	543
317.5	557
318.5	529
319.5	502
320.5	498
321.5	508
322.5	516
323.5	484
324.5	477
325.5	522
326.5	520
327.5	483
328.5	512
329.5	511
330.5	443
331.5	493
332.5	495
333.5	475
334.5	481
335.5	500
336.5	434
337.5	472
338.5	482
339.5	479
340.5	470
341.5	475
342.5	434
343.5	437
344.5	467
345.5	449
346.5	442
347.5	442
348.5	464
349.5	458
350.5	487
351.5	443
352.5	455
353.5	443
354.5	451
355.5	487
356.5	471
357.5	444
358.5	455
359.5	444
360.5	448
361.5	447
362.5	469
363.5	422
364.5	437
365.5	414
366.5	385
367.5	407
368.5	374
369.5	418
370.5	367
371.5	439
372.5	407
373.5	334
374.5	390
375.5	352
376.5	350
377.5	361
378.5	381
379.5	350
380.5	296
381.5	337
382.5	355
383.5	308
384.5	318
385.5	335
386.5	317
387.5	313
388.5	327
389.5	307
390.5	317
391.5	287
392.5	293
393.5	297
394.5	308
395.5	307
396.5	298
397.5	275
398.5	300
399.5	334
400.5	264
401.5	299
402.5	256
403.5	289
404.5	274
405.5	263
406.5	283
407.5	284
408.5	264
409.5	280
410.5	247
411.5	255
412.5	273
413.5	255
414.5	260
415.5	258
416.5	243
417.5	251
418.5	255
419.5	272
420.5	274
421.5	249
422.5	235
423.5	241
424.5	255
425.5	210
426.5	268
427.5	270
428.5	230
429.5	235
430.5	239
431.5	248
432.5	246
433.5	235
434.5	251
435.5	215
436.5	233
437.5	225
438.5	255
439.5	216
440.5	251
441.5	225
442.5	235
443.5	224
444.5	216
445.5	228
446.5	235
447.5	227
448.5	198
449.5	210
450.5	191
451.5	183
452.5	183
453.5	193
454.5	206
455.5	245
456.5	208
457.5	179
458.5	181
459.5	186
460.5	220
461.5	207
462.5	175
463.5	201
464.5	178
465.5	187
466.5	193
467.5	174
468.5	195
469.5	174
470.5	164
471.5	192
472.5	198
473.5	178
474.5	170
475.5	177
476.5	177
477.5	203
478.5	191
479.5	173
480.5	193
481.5	187
482.5	173
483.5	196
484.5	179
485.5	151
486.5	186
487.5	172
488.5	168
489.5	180
490.5	149
491.5	182
492.5	172
493.5	173
494.5	147
495.5	167
496.5	157
497.5	193
498.5	163
499.5	172
500.5	166
501.5	159
502.5	169
503.5	158
504.5	159
505.5	169
506.5	164
507.5	168
508.5	186
509.5	166
510.5	168
511.5	159
512.5	167
513.5	159
514.5	170
515.5	158
516.5	162
517.5	176
518.5	159
519.5	159
520.5	166
521.5	162
522.5	176
523.5	139
524.5	160
525.5	158
526.5	154
527.5	150
528.5	140
529.5	153
530.5	140
531.5	118
532.5	123
533.5	159
534.5	129
535.5	109
536.5	140
537.5	124
538.5	125
539.5	124
540.5	129
541.5	144
542.5	143
543.5	143
544.5	120
545.5	135
546.5	110
547.5	100
548.5	121
549.5	127
550.5	118
551.5	106
552.5	111
553.5	107
554.5	113
555.5	103
556.5	105
557.5	101
558.5	109
559.5	105
560.5	106
561.5	115
562.5	94
563.5	102
564.5	108
565.5	103
566.5	112
567.5	88
568.5	91
569.5	100
570.5	92
571.5	110
572.5	101
573.5	105
574.5	95
575.5	115
576.5	108
577.5	104
578.5	90
579.5	97
580.5	99
581.5	92
582.5	83
583.5	83
584.5	93
585.5	92
586.5	108
587.5	103
588.5	89
589.5	103
590.5	89
591.5	81
592.5	107
593.5	108
594.5	106
595.5	83
596.5	86
597.5	94
598.5	82
599.5	73
600.5	82
601.5	97
602.5	108
603.5	86
604.5	101
605.5	85
606.5	81
607.5	74
608.5	98
609.5	90
610.5	94
611.5	83
612.5	97
613.5	92
614.5	78
615.5	73
616.5	87
617.5	88
618.5	84
619.5	86
620.5	68
621.5	76
622.5	92
623.5	91
624.5	78
625.5	97
626.5	81
627.5	79
628.5	81
629.5	84
630.5	61
631.5	84
632.5	68
633.5	79
634.5	71
635.5	74
636.5	80
637.5	68
638.5	72
639.5	70
640.5	74
641.5	76
642.5	83
643.5	64
644.5	64
645.5	86
646.5	63
647.5	88
648.5	68
649.5	71
650.5	75
651.5	80
652.5	82
653.5	65
654.5	90
655.5	79
656.5	52
657.5	64
658.5	76
659.5	64
660.5	74
661.5	61
662.5	63
663.5	79
664.5	65
665.5	69
666.5	64
667.5	78
668.5	70
669.5	63
670.5	55
671.5	65
672.5	77
673.5	78
674.5	58
675.5	79
676.5	77
677.5	78
678.5	62
679.5	94
680.5	77
681.5	66
682.5	65
683.5	58
684.5	73
685.5	76
686.5	62
687.5	75
688.5	73
689.5	61
690.5	71
691.5	59
692.5	50
693.5	54
694.5	56
695.5	66
696.5	61
697.5	62
698.5	50
699.5	67
700.5	51
701.5	59
702.5	58
703.5	64
704.5	62
705.5	66
706.5	64
707.5	66
708.5	58
709.5	70
710.5	70
711.5	66
712.5	70
713.5	60
714.5	53
715.5	60
716.5	68
717.5	71
718.5	50
719.5	57
720.5	58
721.5	72
722.5	56
723.5	62
724.5	76
725.5	61
726.5	69
727.5	61
728.5	59
729.5	69
730.5	61
731.5	70
732.5	69
733.5	59
734.5	61
735.5	71
736.5	75
737.5	53
738.5	63
739.5	64
740.5	64
741.5	59
742.5	59
743.5	58
744.5	53
745.5	60
746.5	55
747.5	63
748.5	69
749.5	63
750.5	51
751.5	67
752.5	52
753.5	60
754.5	53
755.5	59
756.5	50
757.5	48
758.5	54
759.5	47
760.5	66
761.5	57
762.5	46
763.5	50
764.5	51
765.5	58
766.5	49
767.5	60
768.5	62
769.5	60
770.5	45
771.5	71
772.5	46
773.5	42
774.5	51
775.5	50
776.5	49
777.5	35
778.5	54
779.5	43
780.5	41
781.5	48
782.5	56
783.5	49
784.5	46
785.5	45
786.5	62
787.5	45
788.5	53
789.5	51
790.5	46
791.5	56
792.5	42
793.5	52
794.5	55
795.5	46
796.5	34
797.5	61
798.5	36
799.5	44
800.5	53
801.5	53
802.5	45
803.5	37
804.5	45
805.5	38
806.5	48
807.5	45
808.5	43
809.5	47
810.5	50
811.5	47
812.5	55
813.5	57
814.5	60
815.5	46
816.5	50
817.5	42
818.5	38
819.5	46
820.5	60
821.5	38
822.5	61
823.5	48
824.5	53
825.5	45
826.5	71
827.5	55
828.5	41
829.5	47
830.5	45
831.5	61
832.5	52
833.5	60
834.5	59
835.5	57
836.5	70
837.5	55
838.5	57
839.5	60
840.5	62
841.5	48
842.5	50
843.5	56
844.5	61
845.5	44
846.5	57
847.5	77
848.5	57
849.5	53
850.5	71
851.5	57
852.5	55
853.5	57
854.5	53
855.5	53
856.5	51
857.5	62
858.5	56
859.5	60
860.5	57
861.5	64
862.5	45
863.5	49
864.5	54
865.5	57
866.5	62
867.5	49
868.5	50
869.5	54
870.5	56
871.5	62
872.5	45
873.5	48
874.5	65
875.5	51
876.5	59
877.5	67
878.5	54
879.5	44
880.5	55
881.5	49
882.5	51
883.5	48
884.5	46
885.5	44
886.5	51
887.5	41
888.5	50
889.5	40
890.5	44
891.5	46
892.5	43
893.5	36
894.5	46
895.5	31
896.5	36
897.5	44
898.5	52
899.5	43
900.5	41
901.5	41
902.5	46
903.5	36
904.5	43
905.5	35
906.5	36
907.5	27
908.5	32
909.5	37
910.5	36
911.5	38
912.5	41
913.5	36
914.5	39
915.5	43
916.5	31
917.5	29
918.5	35
919.5	33
920.5	25
921.5	28
922.5	23
923.5	40
924.5	28
925.5	33
926.5	30
927.5	36
928.5	22
929.5	43
930.5	30
931.5	29
932.5	35
933.5	26
934.5	46
935.5	19
936.5	34
937.5	22
938.5	33
939.5	27
940.5	36
941.5	41
942.5	44
943.5	33
944.5	21
945.5	38
946.5	25
947.5	32
948.5	31
949.5	32
950.5	31
951.5	33
952.5	33
953.5	25
954.5	34
955.5	26
956.5	37
957.5	34
958.5	24
959.5	25
960.5	23
961.5	31
962.5	30
963.5	23
964.5	23
965.5	25
966.5	35
967.5	23
968.5	24
969.5	17
970.5	21
971.5	26
972.5	30
973.5	30
974.5	24
975.5	30
976.5	20
977.5	34
978.5	27
979.5	28
980.5	28
981.5	24
982.5	21
983.5	21
984.5	29
985.5	27
986.5	30
987.5	26
988.5	26
989.5	22
990.5	32
991.5	26
992.5	23
993.5	31
994.5	18
995.5	20
996.5	24
997.5	29
998.5	39
999.5	27
1000.5	21
1001.5	23
1002.5	30
1003.5	24
1004.5	22
1005.5	31
1006.5	34
1007.5	33
1008.5	28
1009.5	29
1010.5	29
1011.5	24
1012.5	27
1013.5	26
1014.5	39
1015.5	29
1016.5	31
1017.5	24
1018.5	22
1019.5	33
1020.5	21
1021.5	17
1022.5	18
1023.5	30
1024.5	16
1025.5	22
1026.5	38
1027.5	26
1028.5	33
1029.5	21
1030.5	22
1031.5	25
1032.5	32
1033.5	24
1034.5	23
1035.5	33
1036.5	26
1037.5	27
1038.5	24
1039.5	27
1040.5	35
1041.5	30
1042.5	22
1043.5	36
1044.5	24
1045.5	31
1046.5	25
1047.5	27
1048.5	28
1049.5	26
1050.5	15
1051.5	23
1052.5	25
1053.5	24
1054.5	29
1055.5	26
1056.5	20
1057.5	21
1058.5	12
1059.5	30
1060.5	28
1061.5	35
1062.5	26
1063.5	18
1064.5	34
1065.5	24
1066.5	33
1067.5	16
1068.5	22
1069.5	34
1070.5	26
1071.5	30
1072.5	27
1073.5	26
1074.5	26
1075.5	22
1076.5	27
1077.5	23
1078.5	22
1079.5	20
1080.5	23
1081.5	26
1082.5	19
1083.5	27
1084.5	21
1085.5	33
1086.5	25
1087.5	25
1088.5	29
1089.5	32
1090.5	18
1091.5	27
1092.5	22
1093.5	26
1094.5	27
1095.5	21
1096.5	28
1097.5	33
1098.5	33
1099.5	24
1100.5	25
1101.5	25
1102.5	13
1103.5	31
1104.5	24
1105.5	21
1106.5	31
1107.5	29
1108.5	20
1109.5	26
1110.5	31
1111.5	23
1112.5	22
1113.5	14
1114.5	22
1115.5	21
1116.5	25
1117.5	20
1118.5	22
1119.5	26
1120.5	24
1121.5	20
1122.5	32
1123.5	32
1124.5	16
1125.5	19
1126.5	18
1127.5	23
1128.5	23
1129.5	23
1130.5	28
1131.5	21
1132.5	15
1133.5	19
1134.5	23
1135.5	27
1136.5	10
1137.5	17
1138.5	24
1139.5	25
1140.5	25
1141.5	21
1142.5	17
1143.5	24
1144.5	31
1145.5	21
1146.5	23
1147.5	18
1148.5	26
1149.5	25
1150.5	18
1151.5	19
1152.5	19
1153.5	11
1154.5	24
1155.5	24
1156.5	21
1157.5	28
1158.5	27
1159.5	22
1160.5	16
1161.5	24
1162.5	15
1163.5	22
1164.5	23
1165.5	20
1166.5	27
1167.5	34
1168.5	24
1169.5	20
1170.5	20
1171.5	20
1172.5	11
1173.5	19
1174.5	22
1175.5	16
1176.5	13
1177.5	17
1178.5	18
1179.5	22
1180.5	20
1181.5	23
1182.5	21
1183.5	20
1184.5	14
1185.5	28
1186.5	23
1187.5	27
1188.5	23
1189.5	21
1190.5	24
1191.5	13
1192.5	18
1193.5	23
1194.5	25
1195.5	24
1196.5	23
1197.5	19
1198.5	21
1199.5	17
1200.5	19
1201.5	25
1202.5	12
1203.5	25
1204.5	26
1205.5	24
1206.5	27
1207.5	19
1208.5	20
1209.5	15
1210.5	18
1211.5	21
1212.5	17
1213.5	22
1214.5	17
1215.5	17
1216.5	20
1217.5	25
1218.5	24
1219.5	19
1220.5	23
1221.5	22
1222.5	16
1223.5	21
1224.5	23
1225.5	16
1226.5	32
1227.5	21
1228.5	18
1229.5	14
1230.5	24
1231.5	17
1232.5	17
1233.5	25
1234.5	18
1235.5	29
1236.5	28
1237.5	21
1238.5	23
1239.5	20
1240.5	20
1241.5	22
1242.5	13
1243.5	19
1244.5	19
1245.5	17
1246.5	15
1247.5	30
1248.5	14
1249.5	23
1250.5	19
1251.5	20
1252.5	26
1253.5	29
1254.5	23
1255.5	14
1256.5	25
1257.5	16
1258.5	18
1259.5	15
1260.5	22
1261.5	27
1262.5	22
1263.5	20
1264.5	24
1265.5	20
1266.5	31
1267.5	27
1268.5	22
1269.5	19
1270.5	18
1271.5	25
1272.5	23
1273.5	29
1274.5	23
1275.5	30
1276.5	24
1277.5	28
1278.5	14
1279.5	28
1280.5	21
1281.5	19
1282.5	26
1283.5	22
1284.5	19
1285.5	27
1286.5	29
1287.5	29
1288.5	25
1289.5	20
1290.5	16
1291.5	16
1292.5	18
1293.5	17
1294.5	20
1295.5	20
1296.5	27
1297.5	24
1298.5	14
1299.5	19
1300.5	27
1301.5	21
1302.5	12
1303.5	19
1304.5	22
1305.5	22
1306.5	28
1307.5	19
1308.5	19
1309.5	15
1310.5	25
1311.5	16
1312.5	15
1313.5	22
1314.5	19
1315.5	24
1316.5	30
1317.5	23
1318.5	27
1319.5	17
1320.5	21
1321.5	24
1322.5	8
1323.5	24
1324.5	21
1325.5	26
1326.5	17
1327.5	14
1328.5	13
1329.5	22
1330.5	10
1331.5	19
1332.5	18
1333.5	18
1334.5	20
1335.5	13
1336.5	18
1337.5	26
1338.5	9
1339.5	20
1340.5	21
1341.5	18
1342.5	21
1343.5	21
1344.5	22
1345.5	25
1346.5	18
1347.5	17
1348.5	16
1349.5	17
1350.5	23
1351.5	27
1352.5	20
1353.5	20
1354.5	15
1355.5	14
1356.5	17
1357.5	20
1358.5	21
1359.5	24
1360.5	27
1361.5	17
1362.5	28
1363.5	22
1364.5	22
1365.5	18
1366.5	18
1367.5	20
1368.5	18
1369.5	15
1370.5	19
1371.5	17
1372.5	20
1373.5	23
1374.5	15
1375.5	16
1376.5	21
1377.5	22
1378.5	23
1379.5	21
1380.5	14
1381.5	22
1382.5	18
1383.5	12
1384.5	17
1385.5	26
1386.5	19
1387.5	18
1388.5	17
1389.5	14
1390.5	21
1391.5	19
1392.5	9
1393.5	15
1394.5	23
1395.5	11
1396.5	7
1397.5	14
1398.5	19
1399.5	20
1400.5	10
1401.5	14
1402.5	16
1403.5	10
1404.5	16
1405.5	23
1406.5	16
1407.5	14
1408.5	19
1409.5	13
1410.5	13
1411.5	14
1412.5	18
1413.5	16
1414.5	12
1415.5	7
1416.5	14
1417.5	22
1418.5	12
1419.5	11
1420.5	19
1421.5	11
1422.5	7
1423.5	13
1424.5	11
1425.5	13
1426.5	14
1427.5	9
1428.5	12
1429.5	11
1430.5	21
1431.5	9
1432.5	12
1433.5	12
1434.5	11
1435.5	12
1436.5	8
1437.5	10
1438.5	12
1439.5	14
1440.5	19
1441.5	13
1442.5	16
1443.5	7
1444.5	14
1445.5	17
1446.5	11
1447.5	6
1448.5	13
1449.5	12
1450.5	16
1451.5	7
1452.5	10
1453.5	9
1454.5	14
1455.5	14
1456.5	11
1457.5	8
1458.5	10
1459.5	27
1460.5	10
1461.5	9
1462.5	16
1463.5	11
1464.5	12
1465.5	12
1466.5	12
1467.5	12
1468.5	13
1469.5	14
1470.5	12
1471.5	16
1472.5	17
1473.5	12
1474.5	10
1475.5	13
1476.5	15
1477.5	8
1478.5	16
1479.5	8
1480.5	9
1481.5	10
1482.5	11
1483.5	8
1484.5	10
1485.5	19
1486.5	17
1487.5	10
1488.5	17
1489.5	12
1490.5	13
1491.5	17
1492.5	19
1493.5	14
1494.5	12
1495.5	8
1496.5	19
1497.5	14
1498.5	10
1499.5	16
1500.5	12
1501.5	13
1502.5	18
1503.5	6
1504.5	6
1505.5	9
1506.5	10
1507.5	13
1508.5	8
1509.5	14
1510.5	9
1511.5	15
1512.5	12
1513.5	10
1514.5	18
1515.5	11
1516.5	16
1517.5	13
1518.5	15
1519.5	11
1520.5	12
1521.5	13
1522.5	11
1523.5	10
1524.5	7
1525.5	10
1526.5	17
1527.5	20
1528.5	11
1529.5	10
1530.5	18
1531.5	15
1532.5	11
1533.5	14
1534.5	16
1535.5	19
1536.5	10
1537.5	12
1538.5	11
1539.5	12
1540.5	14
1541.5	16
1542.5	16
1543.5	16
1544.5	12
1545.5	7
1546.5	17
1547.5	16
1548.5	14
1549.5	19
1550.5	16
1551.5	17
1552.5	21
1553.5	20
1554.5	18
1555.5	10
1556.5	14
1557.5	19
1558.5	14
1559.5	14
1560.5	20
1561.5	11
1562.5	20
1563.5	19
1564.5	12
1565.5	18
1566.5	17
1567.5	17
1568.5	12
1569.5	18
1570.5	12
1571.5	11
1572.5	14
1573.5	12
1574.5	10
1575.5	14
1576.5	12
1577.5	11
1578.5	19
1579.5	22
1580.5	10
1581.5	15
1582.5	9
1583.5	11
1584.5	15
1585.5	11
1586.5	10
1587.5	14
1588.5	13
1589.5	18
1590.5	17
1591.5	13
1592.5	18
1593.5	17
1594.5	17
1595.5	16
1596.5	13
1597.5	11
1598.5	9
1599.5	13
1600.5	14
1601.5	16
1602.5	13
1603.5	10
1604.5	13
1605.5	19
1606.5	12
1607.5	9
1608.5	13
1609.5	13
1610.5	15
1611.5	19
1612.5	19
1613.5	14
1614.5	10
1615.5	17
1616.5	18
1617.5	13
1618.5	13
1619.5	11
1620.5	11
1621.5	18
1622.5	13
1623.5	10
1624.5	21
1625.5	15
1626.5	8
1627.5	6
1628.5	10
1629.5	16
1630.5	15
1631.5	17
1632.5	7
1633.5	11
1634.5	13
1635.5	13
1636.5	13
1637.5	16
1638.5	16
1639.5	8
1640.5	11
1641.5	13
1642.5	13
1643.5	10
1644.5	6
1645.5	8
1646.5	9
1647.5	12
1648.5	12
1649.5	10
1650.5	18
1651.5	8
1652.5	11
1653.5	7
1654.5	8
1655.5	11
1656.5	12
1657.5	15
1658.5	15
1659.5	12
1660.5	12
1661.5	9
1662.5	14
1663.5	8
1664.5	13
1665.5	14
1666.5	12
1667.5	12
1668.5	12
1669.5	17
1670.5	12
1671.5	15
1672.5	11
1673.5	11
1674.5	10
1675.5	13
1676.5	11
1677.5	10
1678.5	15
1679.5	12
1680.5	8
1681.5	6
1682.5	10
1683.5	10
1684.5	13
1685.5	11
1686.5	17
1687.5	17
1688.5	17
1689.5	8
1690.5	17
1691.5	7
1692.5	6
1693.5	12
1694.5	10
1695.5	8
1696.5	11
1697.5	10
1698.5	10
1699.5	9
1700.5	12
1701.5	11
1702.5	4
1703.5	16
1704.5	6
1705.5	14
1706.5	9
1707.5	7
1708.5	11
1709.5	5
1710.5	7
1711.5	10
1712.5	13
1713.5	13
1714.5	6
1715.5	12
1716.5	9
1717.5	10
1718.5	5
1719.5	8
1720.5	4
1721.5	5
1722.5	8
1723.5	10
1724.5	14
1725.5	3
1726.5	8
1727.5	12
1728.5	10
1729.5	18
1730.5	14
1731.5	8
1732.5	7
1733.5	11
1734.5	17
1735.5	8
1736.5	7
1737.5	9
1738.5	11
1739.5	14
1740.5	8
1741.5	7
1742.5	10
1743.5	7
1744.5	11
1745.5	9
1746.5	11
1747.5	10
1748.5	14
1749.5	14
1750.5	12
1751.5	4
1752.5	4
1753.5	6
1754.5	9
1755.5	3
1756.5	6
1757.5	9
1758.5	5
1759.5	10
1760.5	6
1761.5	9
1762.5	10
1763.5	7
1764.5	5
1765.5	6
1766.5	8
1767.5	3
1768.5	3
1769.5	9
1770.5	7
1771.5	7
1772.5	9
1773.5	12
1774.5	4
1775.5	13
1776.5	6
1777.5	9
1778.5	10
1779.5	5
1780.5	2
1781.5	5
1782.5	12
1783.5	6
1784.5	9
1785.5	9
1786.5	5
1787.5	9
1788.5	4
1789.5	12
1790.5	12
1791.5	9
1792.5	5
1793.5	9
1794.5	5
1795.5	7
1796.5	6
1797.5	4
1798.5	9
1799.5	4
1800.5	3
1801.5	11
1802.5	7
1803.5	8
1804.5	6
1805.5	8
1806.5	9
1807.5	8
1808.5	5
1809.5	3
1810.5	6
1811.5	3
1812.5	5
1813.5	6
1814.5	4
1815.5	8
1816.5	3
1817.5	0
1818.5	3
1819.5	5
1820.5	7
1821.5	9
1822.5	3
1823.5	7
1824.5	7
1825.5	6
1826.5	4
1827.5	6
1828.5	5
1829.5	4
1830.5	5
1831.5	5
1832.5	4
1833.5	7
1834.5	0
1835.5	8
1836.5	6
1837.5	5
1838.5	10
1839.5	5
1840.5	7
1841.5	7
1842.5	6
1843.5	6
1844.5	10
1845.5	3
1846.5	5
1847.5	6
1848.5	7
1849.5	4
1850.5	8
1851.5	3
1852.5	5
1853.5	2
1854.5	3
1855.5	3
1856.5	3
1857.5	8
1858.5	2
1859.5	6
1860.5	0
1861.5	5
1862.5	6
1863.5	4
1864.5	9
1865.5	3
1866.5	8
1867.5	6
1868.5	0
1869.5	5
1870.5	7
1871.5	5
1872.5	4
1873.5	2
1874.5	10
1875.5	7
1876.5	7
1877.5	3
1878.5	5
1879.5	3
1880.5	6
1881.5	7
1882.5	4
1883.5	5
1884.5	2
1885.5	9
1886.5	6
1887.5	5
1888.5	5
1889.5	5
1890.5	2
1891.5	5
1892.5	8
1893.5	2
1894.5	5
1895.5	8
1896.5	8
1897.5	4
1898.5	7
1899.5	4
1900.5	4
1901.5	3
1902.5	4
1903.5	4
1904.5	4
1905.5	4
1906.5	6
1907.5	3
1908.5	4
1909.5	7
1910.5	4
1911.5	7
1912.5	9
1913.5	14
1914.5	6
1915.5	3
1916.5	10
1917.5	3
1918.5	4
1919.5	3
1920.5	5
1921.5	5
1922.5	6
1923.5	9
1924.5	4
1925.5	2
1926.5	4
1927.5	5
1928.5	7
1929.5	5
1930.5	9
1931.5	7
1932.5	9
1933.5	7
1934.5	9
1935.5	4
1936.5	5
1937.5	9
1938.5	5
1939.5	8
1940.5	11
1941.5	5
1942.5	8
1943.5	8
1944.5	6
1945.5	7
1946.5	9
1947.5	8
1948.5	4
1949.5	11
1950.5	10
1951.5	8
1952.5	16
1953.5	10
1954.5	9
1955.5	19
1956.5	9
1957.5	12
1958.5	8
1959.5	14
1960.5	12
1961.5	11
1962.5	8
1963.5	11
1964.5	14
1965.5	13
1966.5	10
1967.5	20
1968.5	13
1969.5	7
1970.5	16
1971.5	14
1972.5	13
1973.5	16
1974.5	10
1975.5	13
1976.5	20
1977.5	19
1978.5	20
1979.5	15
1980.5	15
1981.5	17
1982.5	14
1983.5	19
1984.5	12
1985.5	17
1986.5	12
1987.5	20
1988.5	26
1989.5	17
1990.5	25
1991.5	22
1992.5	21
1993.5	23
1994.5	16
1995.5	21
1996.5	21
1997.5	21
1998.5	24
1999.5	21
2000.5	18
2001.5	21
2002.5	16
2003.5	27
2004.5	26
2005.5	15
2006.5	21
2007.5	22
2008.5	30
2009.5	27
2010.5	28
2011.5	18
2012.5	26
2013.5	10
2014.5	23
2015.5	18
2016.5	26
2017.5	23
2018.5	23
2019.5	27
2020.5	22
2021.5	15
2022.5	25
2023.5	25
2024.5	24
2025.5	26
2026.5	15
2027.5	31
2028.5	21
2029.5	15
2030.5	24
2031.5	17
2032.5	26
2033.5	20
2034.5	9
2035.5	16
2036.5	17
2037.5	17
2038.5	15
2039.5	18
2040.5	22
2041.5	15
2042.5	18
2043.5	23
2044.5	18
2045.5	17
2046.5	13
2047.5	14
2048.5	12
2049.5	12
2050.5	14
2051.5	15
2052.5	6
2053.5	19
2054.5	14
2055.5	10
2056.5	13
2057.5	16
2058.5	15
2059.5	14
2060.5	8
2061.5	14
2062.5	9
2063.5	9
2064.5	7
2065.5	6
2066.5	11
2067.5	8
2068.5	9
2069.5	8
2070.5	9
2071.5	6
2072.5	6
2073.5	7
2074.5	2
2075.5	7
2076.5	13
2077.5	6
2078.5	8
2079.5	5
2080.5	7
2081.5	9
2082.5	4
2083.5	5
2084.5	9
2085.5	5
2086.5	10
2087.5	5
2088.5	7
2089.5	3
2090.5	5
2091.5	5
2092.5	4
2093.5	5
2094.5	2
2095.5	8
2096.5	5
2097.5	2
2098.5	1
2099.5	3
2100.5	4
2101.5	0
2102.5	5
2103.5	9
2104.5	9
2105.5	3
2106.5	1
2107.5	3
2108.5	2
2109.5	5
2110.5	4
2111.5	2
2112.5	2
2113.5	1
2114.5	1
2115.5	4
2116.5	2
2117.5	1
2118.5	2
2119.5	1
2120.5	4
2121.5	4
2122.5	1
2123.5	6
2124.5	4
2125.5	1
2126.5	2
2127.5	5
2128.5	2
2129.5	1
2130.5	2
2131.5	1
2132.5	1
2133.5	4
2134.5	4
2135.5	4
2136.5	6
2137.5	3
2138.5	4
2139.5	2
2140.5	3
2141.5	1
2142.5	2
2143.5	5
2144.5	2
2145.5	9
2146.5	5
2147.5	3
2148.5	5
2149.5	1
2150.5	3
2151.5	1
2152.5	6
2153.5	4
2154.5	6
2155.5	3
2156.5	3
2157.5	4
2158.5	4
2159.5	3
2160.5	4
2161.5	3
2162.5	1
2163.5	6
2164.5	1
2165.5	3
2166.5	4
2167.5	1
2168.5	2
2169.5	6
2170.5	6
2171.5	7
2172.5	1
2173.5	5
2174.5	5
2175.5	4
2176.5	3
2177.5	1
2178.5	1
2179.5	4
2180.5	5
2181.5	2
2182.5	5
2183.5	3
2184.5	3
2185.5	1
2186.5	3
2187.5	2
2188.5	7
2189.5	4
2190.5	2
2191.5	2
2192.5	5
2193.5	7
2194.5	3
2195.5	2
2196.5	6
2197.5	1
2198.5	4
2199.5	2
2200.5	4
2201.5	2
2202.5	1
2203.5	3
2204.5	7
2205.5	0
2206.5	1
2207.5	4
2208.5	6
2209.5	3
2210.5	3
2211.5	6
2212.5	1
2213.5	1
2214.5	3
2215.5	1
2216.5	0
2217.5	2
2218.5	6
2219.5	3
2220.5	3
2221.5	2
2222.5	4
2223.5	1
2224.5	4
2225.5	3
2226.5	1
2227.5	1
2228.5	6
2229.5	1
2230.5	4
2231.5	1
2232.5	0
2233.5	5
2234.5	3
2235.5	5
2236.5	2
2237.5	2
2238.5	4
2239.5	3
2240.5	3
2241.5	5
2242.5	1
2243.5	3
2244.5	2
2245.5	1
2246.5	3
2247.5	1
2248.5	0
2249.5	3
2250.5	0
2251.5	2
2252.5	2
2253.5	4
2254.5	1
2255.5	2
2256.5	5
2257.5	0
2258.5	1
2259.5	3
2260.5	3
2261.5	3
2262.5	4
2263.5	0
2264.5	1
2265.5	0
2266.5	5
2267.5	2
2268.5	2
2269.5	2
2270.5	1
2271.5	4
2272.5	3
2273.5	2
2274.5	2
2275.5	1
2276.5	3
2277.5	4
2278.5	1
2279.5	5
2280.5	0
2281.5	1
2282.5	2
2283.5	1
2284.5	0
2285.5	5
2286.5	2
2287.5	2
2288.5	3
2289.5	2
2290.5	2
2291.5	3
2292.5	1
2293.5	2
2294.5	0
2295.5	2
2296.5	2
2297.5	1
2298.5	2
2299.5	2
2300.5	3
2301.5	3
2302.5	0
2303.5	0
2304.5	5
2305.5	1
2306.5	0
2307.5	4
2308.5	2
2309.5	1
2310.5	1
2311.5	0
2312.5	0
2313.5	2
2314.5	0
2315.5	1
2316.5	3
2317.5	4
2318.5	4
2319.5	2
2320.5	3
2321.5	3
2322.5	2
2323.5	2
2324.5	2
2325.5	1
2326.5	2
2327.5	3
2328.5	3
2329.5	4
2330.5	3
2331.5	1
2332.5	2
2333.5	2
2334.5	1
2335.5	3
2336.5	4
2337.5	3
2338.5	1
2339.5	2
2340.5	1
2341.5	6
2342.5	4
2343.5	6
2344.5	3
2345.5	5
2346.5	3
2347.5	4
2348.5	1
2349.5	1
2350.5	3
2351.5	1
2352.5	0
2353.5	5
2354.5	6
2355.5	0
2356.5	3
2357.5	2
2358.5	3
2359.5	2
2360.5	5
2361.5	3
2362.5	3
2363.5	4
2364.5	2
2365.5	6
2366.5	1
2367.5	1
2368.5	3
2369.5	5
2370.5	3
2371.5	0
2372.5	4
2373.5	2
2374.5	4
2375.5	2
2376.5	4
2377.5	3
2378.5	4
2379.5	2
2380.5	2
2381.5	5
2382.5	0
2383.5	3
2384.5	2
2385.5	2
2386.5	6
2387.5	5
2388.5	3
2389.5	2
2390.5	3
2391.5	2
2392.5	4
2393.5	5
2394.5	5
2395.5	2
2396.5	2
2397.5	0
2398.5	4
2399.5	4
2400.5	2
2401.5	4
2402.5	5
2403.5	2
2404.5	2
2405.5	3
2406.5	6
2407.5	3
2408.5	3
2409.5	6
2410.5	3
2411.5	2
2412.5	5
2413.5	1
2414.5	4
2415.5	2
2416.5	6
2417.5	2
2418.5	4
2419.5	3
2420.5	6
2421.5	3
2422.5	0
2423.5	3
2424.5	0
2425.5	3
2426.5	1
2427.5	2
2428.5	5
2429.5	6
2430.5	3
2431.5	1
2432.5	4
2433.5	2
2434.5	0
2435.5	2
2436.5	3
2437.5	2
2438.5	4
2439.5	1
2440.5	4
2441.5	3
2442.5	2
2443.5	2
2444.5	4
2445.5	4
2446.5	5
2447.5	5
2448.5	8
2449.5	4
2450.5	2
2451.5	5
2452.5	5
2453.5	0
2454.5	4
2455.5	4
2456.5	4
2457.5	4
2458.5	1
2459.5	2
2460.5	1
2461.5	5
2462.5	1
2463.5	3
2464.5	2
2465.5	3
2466.5	5
2467.5	1
2468.5	2
2469.5	3
2470.5	2
2471.5	1
2472.5	1
2473.5	3
2474.5	1
2475.5	3
2476.5	2
2477.5	2
2478.5	5
2479.5	1
2480.5	1
2481.5	4
2482.5	1
2483.5	1
2484.5	0
2485.5	5
2486.5	3
2487.5	2
2488.5	4
2489.5	0
2490.5	4
2491.5	2
2492.5	1
2493.5	2
2494.5	1
2495.5	2
2496.5	3
2497.5	1
2498.5	2
2499.5	2
2500.5	1
2501.5	2
2502.5	3
2503.5	2
2504.5	0
2505.5	6
2506.5	3
2507.5	2
2508.5	2
2509.5	3
2510.5	1
2511.5	2
2512.5	0
2513.5	3
2514.5	0
2515.5	2
2516.5	1
2517.5	2
2518.5	3
2519.5	1
2520.5	2
2521.5	1
2522.5	2
2523.5	1
2524.5	1
2525.5	1
2526.5	0
2527.5	3
2528.5	2
2529.5	0
2530.5	2
2531.5	2
2532.5	2
2533.5	1
2534.5	2
2535.5	3
2536.5	3
2537.5	3
2538.5	3
2539.5	1
2540.5	1
2541.5	2
2542.5	0
2543.5	0
2544.5	5
2545.5	1
2546.5	1
2547.5	2
2548.5	1
2549.5	2
2550.5	2
2551.5	1
2552.5	2
2553.5	1
2554.5	0
2555.5	5
2556.5	0
2557.5	2
2558.5	1
2559.5	2
2560.5	1
2561.5	2
2562.5	1
2563.5	2
2564.5	2
2565.5	2
2566.5	1
2567.5	2
2568.5	1
2569.5	2
2570.5	2
2571.5	2
2572.5	1
2573.5	1
2574.5	1
2575.5	2
2576.5	2
2577.5	1
2578.5	3
2579.5	3
2580.5	2
2581.5	1
2582.5	4
2583.5	1
2584.5	3
2585.5	1
2586.5	2
2587.5	2
2588.5	1
2589.5	0
2590.5	0
2591.5	0
2592.5	2
2593.5	2
2594.5	1
2595.5	2
2596.5	1
2597.5	2
2598.5	1
2599.5	0
2600.5	2
2601.5	1
2602.5	0
2603.5	2
2604.5	1
2605.5	2
2606.5	2
2607.5	0
2608.5	0
2609.5	0
2610.5	1
2611.5	1
2612.5	1
2613.5	1
2614.5	3
2615.5	3
2616.5	0
2617.5	3
2618.5	0
2619.5	2
2620.5	0
2621.5	0
2622.5	2
2623.5	2
2624.5	0
2625.5	1
2626.5	1
2627.5	4
2628.5	3
2629.5	4
2630.5	3
2631.5	0
2632.5	0
2633.5	4
2634.5	1
2635.5	1
2636.5	0
2637.5	3
2638.5	1
2639.5	0
2640.5	1
2641.5	1
2642.5	2
2643.5	4
2644.5	3
2645.5	1
2646.5	1
2647.5	2
2648.5	0
2649.5	0
2650.5	1
2651.5	0
2652.5	1
2653.5	1
2654.5	1
2655.5	3
2656.5	6
2657.5	0
2658.5	2
2659.5	1
2660.5	0
2661.5	2
2662.5	1
2663.5	2
2664.5	2
2665.5	0
2666.5	0
2667.5	2
2668.5	0
2669.5	2
2670.5	4
2671.5	1
2672.5	1
2673.5	2
2674.5	2
2675.5	2
2676.5	1
2677.5	0
2678.5	2
2679.5	2
2680.5	2
2681.5	0
2682.5	0
2683.5	0
2684.5	1
2685.5	1
2686.5	2
2687.5	3
2688.5	0
2689.5	2
2690.5	1
2691.5	1
2692.5	2
2693.5	0
2694.5	0
2695.5	1
2696.5	0
2697.5	4
2698.5	1
2699.5	2
2700.5	1
2701.5	0
2702.5	1
2703.5	2
2704.5	1
2705.5	0
2706.5	0
2707.5	3
2708.5	3
2709.5	3
2710.5	1
2711.5	2
2712.5	1
2713.5	0
2714.5	2
2715.5	0
2716.5	1
2717.5	2
2718.5	0
2719.5	0
2720.5	3
2721.5	0
2722.5	0
2723.5	2
2724.5	1
2725.5	2
2726.5	2
2727.5	1
2728.5	3
2729.5	1
2730.5	1
2731.5	3
2732.5	0
2733.5	0
2734.5	1
2735.5	1
2736.5	3
2737.5	0
2738.5	1
2739.5	1
2740.5	4
2741.5	2
2742.5	2
2743.5	1
2744.5	3
2745.5	2
2746.5	1
2747.5	0
2748.5	2
2749.5	1
2750.5	2
2751.5	0
2752.5	1
2753.5	2
2754.5	1
2755.5	3
2756.5	2
2757.5	1
2758.5	3
2759.5	2
2760.5	2
2761.5	1
2762.5	0
2763.5	3
2764.5	1
2765.5	1
2766.5	2
2767.5	1
2768.5	2
2769.5	1
2770.5	0
2771.5	1
2772.5	1
2773.5	2
2774.5	1
2775.5	3
2776.5	1
2777.5	3
2778.5	1
2779.5	3
2780.5	0
2781.5	2
2782.5	0
2783.5	1
2784.5	1
2785.5	0
2786.5	2
2787.5	0
2788.5	1
2789.5	1
2790.5	2
2791.5	0
2792.5	0
2793.5	0
2794.5	1
2795.5	3
2796.5	0
2797.5	1
2798.5	1
2799.5	4
2800.5	2
2801.5	2
2802.5	3
2803.5	0
2804.5	3
2805.5	2
2806.5	3
2807.5	2
2808.5	1
2809.5	2
2810.5	3
2811.5	1
2812.5	1
2813.5	0
2814.5	0
2815.5	0
2816.5	2
2817.5	1
2818.5	0
2819.5	2
2820.5	0
2821.5	1
2822.5	2
2823.5	2
2824.5	2
2825.5	2
2826.5	4
2827.5	0
2828.5	2
2829.5	2
2830.5	2
2831.5	1
2832.5	2
2833.5	2
2834.5	2
2835.5	1
2836.5	1
2837.5	3
2838.5	5
2839.5	1
2840.5	1
2841.5	3
2842.5	0
2843.5	1
2844.5	4
2845.5	1
2846.5	2
2847.5	1
2848.5	3
2849.5	4
2850.5	3
2851.5	3
2852.5	3
2853.5	1
2854.5	6
2855.5	6
2856.5	2
2857.5	2
2858.5	4
2859.5	2
2860.5	3
2861.5	1
2862.5	1
2863.5	1
2864.5	2
2865.5	1
2866.5	2
2867.5	4
2868.5	4
2869.5	6
2870.5	0
2871.5	5
2872.5	3
2873.5	2
2874.5	4
2875.5	0
2876.5	3
2877.5	1
2878.5	2
2879.5	1
2880.5	1
2881.5	4
2882.5	1
2883.5	0
2884.5	3
2885.5	4
2886.5	0
2887.5	1
2888.5	2
2889.5	0
2890.5	1
2891.5	2
2892.5	3
2893.5	0
2894.5	6
2895.5	1
2896.5	2
2897.5	1
2898.5	2
2899.5	1
2900.5	2
2901.5	1
2902.5	2
2903.5	5
2904.5	1
2905.5	1
2906.5	1
2907.5	3
2908.5	1
2909.5	0
2910.5	3
2911.5	1
2912.5	3
2913.5	3
2914.5	1
2915.5	2
2916.5	2
2917.5	5
2918.5	2
2919.5	3
2920.5	0
2921.5	3
2922.5	1
2923.5	3
2924.5	1
2925.5	3
2926.5	1
2927.5	2
2928.5	1
2929.5	3
2930.5	0
2931.5	3
2932.5	4
2933.5	0
2934.5	5
2935.5	1
2936.5	1
2937.5	2
2938.5	2
2939.5	2
2940.5	0
2941.5	2
2942.5	2
2943.5	4
2944.5	3
2945.5	0
2946.5	1
2947.5	2
2948.5	5
2949.5	0
2950.5	1
2951.5	1
2952.5	1
2953.5	2
2954.5	2
2955.5	0
2956.5	2
2957.5	4
2958.5	5
2959.5	3
2960.5	0
2961.5	3
2962.5	1
2963.5	3
2964.5	5
2965.5	2
2966.5	2
2967.5	0
2968.5	2
2969.5	4
2970.5	1
2971.5	0
2972.5	4
2973.5	3
2974.5	0
2975.5	3
2976.5	1
2977.5	1
2978.5	4
2979.5	1
2980.5	4
2981.5	3
2982.5	0
2983.5	0
2984.5	0
2985.5	3
2986.5	2
2987.5	2
2988.5	2
2989.5	0
2990.5	4
2991.5	2
2992.5	3
2993.5	0
2994.5	0
2995.5	2
2996.5	0
2997.5	0
2998.5	0
2999.5	6
3000.5	0
3001.5	0
3002.5	2
3003.5	2
3004.5	2
3005.5	1
3006.5	0
3007.5	1
3008.5	2
3009.5	2
3010.5	1
3011.5	3
3012.5	1
3013.5	0
3014.5	3
3015.5	1
3016.5	0
3017.5	3
3018.5	1
3019.5	2
3020.5	1
3021.5	2
3022.5	1
3023.5	1
3024.5	3
3025.5	2
3026.5	0
3027.5	1
3028.5	1
3029.5	0
3030.5	0
3031.5	0
3032.5	2
3033.5	3
3034.5	2
3035.5	1
3036.5	3
3037.5	3
3038.5	4
3039.5	1
3040.5	5
3041.5	1
3042.5	1
3043.5	5
3044.5	1
3045.5	3
3046.5	3
3047.5	2
3048.5	3
3049.5	1
3050.5	1
3051.5	5
3052.5	2
3053.5	0
3054.5	1
3055.5	4
3056.5	1
3057.5	2
3058.5	0
3059.5	1
3060.5	2
3061.5	2
3062.5	0
3063.5	0
3064.5	1
3065.5	2
3066.5	2
3067.5	4
3068.5	2
3069.5	1
3070.5	3
3071.5	1
3072.5	2
3073.5	3
3074.5	0
3075.5	0
3076.5	0
3077.5	1
3078.5	1
3079.5	1
3080.5	0
3081.5	2
3082.5	0
3083.5	3
3084.5	1
3085.5	0
3086.5	1
3087.5	1
3088.5	1
3089.5	1
3090.5	3
3091.5	0
3092.5	0
3093.5	1
3094.5	3
3095.5	0
3096.5	3
3097.5	1
3098.5	1
3099.5	1
3100.5	4
3101.5	1
3102.5	2
3103.5	1
3104.5	0
3105.5	5
3106.5	1
3107.5	2
3108.5	0
3109.5	0
3110.5	2
3111.5	0
3112.5	1
3113.5	0
3114.5	2
3115.5	1
3116.5	3
3117.5	2
3118.5	0
3119.5	2
3120.5	2
3121.5	5
3122.5	2
3123.5	1
3124.5	3
3125.5	1
3126.5	2
3127.5	3
3128.5	0
3129.5	1
3130.5	2
3131.5	0
3132.5	0
3133.5	1
3134.5	0
3135.5	0
3136.5	4
3137.5	3
3138.5	2
3139.5	2
3140.5	1
3141.5	1
3142.5	0
3143.5	1
3144.5	1
3145.5	2
3146.5	1
3147.5	0
3148.5	3
3149.5	2
3150.5	0
3151.5	2
3152.5	0
3153.5	2
3154.5	0
3155.5	2
3156.5	0
3157.5	1
3158.5	2
3159.5	1
3160.5	1
3161.5	0
3162.5	2
3163.5	1
3164.5	1
3165.5	0
3166.5	2
3167.5	4
3168.5	0
3169.5	0
3170.5	2
3171.5	0
3172.5	0
3173.5	0
3174.5	1
3175.5	0
3176.5	1
3177.5	1
3178.5	1
3179.5	2
3180.5	2
3181.5	1
3182.5	0
3183.5	0
3184.5	2
3185.5	0
3186.5	3
3187.5	1
3188.5	0
3189.5	0
3190.5	0
3191.5	1
3192.5	1
3193.5	1
3194.5	1
3195.5	2
3196.5	1
3197.5	2
3198.5	2
3199.5	2
3200.5	3
3201.5	3
3202.5	0
3203.5	2
3204.5	1
3205.5	1
3206.5	1
3207.5	1
3208.5	2
3209.5	1
3210.5	0
3211.5	1
3212.5	1
3213.5	1
3214.5	2
3215.5	1
3216.5	1
3217.5	0
3218.5	0
3219.5	1
3220.5	0
3221.5	3
3222.5	2
3223.5	3
3224.5	1
3225.5	1
3226.5	1
3227.5	0
3228.5	0
3229.5	1
3230.5	1
3231.5	0
3232.5	1
3233.5	1
3234.5	0
3235.5	1
3236.5	4
3237.5	0
3238.5	0
3239.5	0
3240.5	2
3241.5	0
3242.5	0
3243.5	1
3244.5	0
3245.5	0
3246.5	2
3247.5	1
3248.5	0
3249.5	2
3250.5	0
3251.5	0
3252.5	1
3253.5	0
3254.5	0
3255.5	1
3256.5	4
3257.5	1
3258.5	1
3259.5	1
3260.5	0
3261.5	1
3262.5	0
3263.5	0
3264.5	1
3265.5	0
3266.5	0
3267.5	1
3268.5	0
3269.5	1
3270.5	2
3271.5	1
3272.5	0
3273.5	1
3274.5	0
3275.5	1
3276.5	2
3277.5	2
3278.5	0
3279.5	0
3280.5	0
3281.5	0
3282.5	0
3283.5	0
3284.5	0
3285.5	0
3286.5	1
3287.5	0
3288.5	1
3289.5	0
3290.5	0
3291.5	0
3292.5	0
3293.5	0
3294.5	0
3295.5	1
3296.5	1
3297.5	0
3298.5	0
3299.5	0
3300.5	0
3301.5	2
3302.5	1
3303.5	0
3304.5	1
3305.5	0
3306.5	0
3307.5	1
3308.5	1
3309.5	2
3310.5	0
3311.5	1
3312.5	0
3313.5	0
3314.5	0
3315.5	1
3316.5	1
3317.5	1
3318.5	0
3319.5	0
3320.5	0
3321.5	0
3322.5	0
3323.5	0
3324.5	1
3325.5	0
3326.5	0
3327.5	0
3328.5	0
3329.5	1
3330.5	3
3331.5	0
3332.5	0
3333.5	0
3334.5	0
3335.5	1
3336.5	0
3337.5	1
3338.5	0
3339.5	1
3340.5	0
3341.5	1
3342.5	1
3343.5	0
3344.5	0
3345.5	0
3346.5	1
3347.5	0
3348.5	2
3349.5	0
3350.5	1
3351.5	0
3352.5	3
3353.5	0
3354.5	0
3355.5	0
3356.5	0
3357.5	0
3358.5	0
3359.5	1
3360.5	1
3361.5	0
3362.5	0
3363.5	0
3364.5	0
3365.5	0
3366.5	0
3367.5	0
3368.5	1
3369.5	0
3370.5	1
3371.5	0
3372.5	1
3373.5	0
3374.5	0
3375.5	1
3376.5	0
3377.5	1
3378.5	0
3379.5	1
3380.5	1
3381.5	0
3382.5	1
3383.5	0
3384.5	0
3385.5	1
3386.5	0
3387.5	0
3388.5	1
3389.5	0
3390.5	1
3391.5	2
3392.5	0
3393.5	1
3394.5	0
3395.5	0
3396.5	0
3397.5	0
3398.5	0
3399.5	1
3400.5	0
3401.5	0
3402.5	1
3403.5	0
3404.5	0
3405.5	2
3406.5	1
3407.5	3
3408.5	1
3409.5	0
3410.5	0
3411.5	4
3412.5	2
3413.5	1
3414.5	2
3415.5	0
3416.5	0
3417.5	0
3418.5	1
3419.5	1
3420.5	2
3421.5	1
3422.5	1
3423.5	1
3424.5	0
3425.5	1
3426.5	2
3427.5	2
3428.5	1
3429.5	1
3430.5	4
3431.5	4
3432.5	1
3433.5	1
3434.5	0
3435.5	2
3436.5	2
3437.5	5
3438.5	3
3439.5	2
3440.5	0
3441.5	1
3442.5	6
3443.5	2
3444.5	2
3445.5	5
3446.5	2
3447.5	3
3448.5	4
3449.5	2
3450.5	2
3451.5	2
3452.5	2
3453.5	5
3454.5	2
3455.5	1
3456.5	4
3457.5	3
3458.5	3
3459.5	4
3460.5	5
3461.5	6
3462.5	1
3463.5	5
3464.5	4
3465.5	1
3466.5	1
3467.5	0
3468.5	0
3469.5	3
3470.5	5
3471.5	5
3472.5	2
3473.5	2
3474.5	2
3475.5	6
3476.5	1
3477.5	2
3478.5	2
3479.5	6
3480.5	0
3481.5	5
3482.5	2
3483.5	3
3484.5	1
3485.5	2
3486.5	3
3487.5	4
3488.5	1
3489.5	1
3490.5	3
3491.5	0
3492.5	1
3493.5	4
3494.5	4
3495.5	4
3496.5	2
3497.5	3
3498.5	4
3499.5	2
3500.5	2
3501.5	0
3502.5	4
3503.5	3
3504.5	2
3505.5	3
3506.5	4
3507.5	3
3508.5	2
3509.5	0
3510.5	1
3511.5	1
3512.5	0
3513.5	3
3514.5	1
3515.5	0
3516.5	1
3517.5	1
3518.5	1
3519.5	1
3520.5	1
3521.5	2
3522.5	1
3523.5	0
3524.5	2
3525.5	2
3526.5	1
3527.5	3
3528.5	1
3529.5	1
3530.5	1
3531.5	0
3532.5	0
3533.5	1
3534.5	3
3535.5	0
3536.5	1
3537.5	1
3538.5	1
3539.5	1
3540.5	0
3541.5	0
3542.5	1
3543.5	2
3544.5	0
3545.5	0
3546.5	0
3547.5	0
3548.5	0
3549.5	1
3550.5	1
3551.5	0
3552.5	0
3553.5	0
3554.5	0
3555.5	0
3556.5	0
3557.5	0
3558.5	1
3559.5	0
3560.5	0
3561.5	0
3562.5	0
3563.5	0
3564.5	0
3565.5	0
3566.5	0
3567.5	0
3568.5	0
3569.5	0
3570.5	0
3571.5	1
3572.5	0
3573.5	0
3574.5	0
3575.5	0
3576.5	0
3577.5	0
3578.5	0
3579.5	0
3580.5	0
3581.5	0
3582.5	0
3583.5	0
3584.5	0
3585.5	0
3586.5	0
3587.5	0
3588.5	0
3589.5	0
3590.5	0
3591.5	0
3592.5	0
3593.5	0
3594.5	0
3595.5	0
3596.5	0
3597.5	0
3598.5	0
3599.5	0
3600.5	0
3601.5	0
3602.5	0
3603.5	1
3604.5	0
3605.5	0
3606.5	0
3607.5	0
3608.5	0
3609.5	0
3610.5	0
3611.5	0
3612.5	0
3613.5	1
3614.5	0
3615.5	0
3616.5	0
3617.5	0
3618.5	0
3619.5	0
3620.5	0
3621.5	0
3622.5	0
3623.5	0
3624.5	0
3625.5	0
3626.5	0
3627.5	0
3628.5	0
3629.5	0
3630.5	0
3631.5	0
3632.5	0
3633.5	0
3634.5	0
3635.5	0
3636.5	0
3637.5	0
3638.5	0
3639.5	0
3640.5	0
3641.5	0
3642.5	0
3643.5	0
3644.5	0
3645.5	0
3646.5	0
3647.5	0
3648.5	0
3649.5	0
3650.5	1
3651.5	0
3652.5	0
3653.5	0
3654.5	0
3655.5	0
3656.5	0
3657.5	0
3658.5	0
3659.5	0
3660.5	0
3661.5	0
3662.5	0
3663.5	0
3664.5	0
3665.5	0
3666.5	0
3667.5	0
3668.5	0
3669.5	0
3670.5	0
3671.5	0
3672.5	0
3673.5	0
3674.5	0
3675.5	0
3676.5	0
3677.5	0
3678.5	0
3679.5	0
3680.5	0
3681.5	0
3682.5	0
3683.5	0
3684.5	0
3685.5	0
3686.5	1
3687.5	0
3688.5	0
3689.5	0
3690.5	0
3691.5	0
3692.5	0
3693.5	1
3694.5	0
3695.5	0
3696.5	0
3697.5	0
3698.5	0
3699.5	0
3700.5	0
3701.5	0
3702.5	0
3703.5	0
3704.5	0
3705.5	1
3706.5	1
3707.5	0
3708.5	0
3709.5	0
3710.5	0
3711.5	0
3712.5	0
3713.5	0
3714.5	0
3715.5	0
3716.5	0
3717.5	0
3718.5	1
3719.5	0
3720.5	0
3721.5	0
3722.5	0
3723.5	0
3724.5	0
3725.5	0
3726.5	0
3727.5	0
3728.5	0
3729.5	0
3730.5	1
3731.5	1
3732.5	3
3733.5	0
3734.5	0
3735.5	0
3736.5	1
3737.5	1
3738.5	0
3739.5	0
3740.5	0
3741.5	0
3742.5	0
3743.5	0
3744.5	0
3745.5	0
3746.5	0
3747.5	0
3748.5	0
3749.5	0
3750.5	0
3751.5	0
3752.5	0
3753.5	0
3754.5	0
3755.5	0
3756.5	0
3757.5	0
3758.5	0
3759.5	0
3760.5	0
3761.5	0
3762.5	0
3763.5	0
3764.5	0
3765.5	0
3766.5	0
3767.5	0
3768.5	0
3769.5	0
3770.5	0
3771.5	0
3772.5	0
3773.5	0
3774.5	0
3775.5	0
3776.5	0
3777.5	0
3778.5	1
3779.5	0
3780.5	0
3781.5	0
3782.5	0
3783.5	0
3784.5	1
3785.5	0
3786.5	0
3787.5	0
3788.5	0
3789.5	0
3790.5	0
3791.5	0
3792.5	0
3793.5	0
3794.5	0
3795.5	0
3796.5	0
3797.5	0
3798.5	0
3799.5	1
3800.5	0
3801.5	0
3802.5	0
3803.5	0
3804.5	0
3805.5	0
3806.5	0
3807.5	0
3808.5	0
3809.5	0
3810.5	1
3811.5	0
3812.5	0
3813.5	0
3814.5	0
3815.5	0
3816.5	0
3817.5	0
3818.5	0
3819.5	0
3820.5	0
3821.5	0
3822.5	0
3823.5	0
3824.5	0
3825.5	0
3826.5	0
3827.5	0
3828.5	0
3829.5	0
3830.5	0
3831.5	0
3832.5	0
3833.5	0
3834.5	0
3835.5	0
3836.5	0
3837.5	0
3838.5	0
3839.5	0
3840.5	0
3841.5	1
3842.5	0
3843.5	0
3844.5	0
3845.5	1
3846.5	0
3847.5	1
3848.5	0
3849.5	0
3850.5	0
3851.5	0
3852.5	0
3853.5	0
3854.5	0
3855.5	0
3856.5	0
3857.5	0
3858.5	0
3859.5	0
3860.5	0
3861.5	0
3862.5	0
3863.5	0
3864.5	0
3865.5	0
3866.5	0
3867.5	0
3868.5	0
3869.5	0
3870.5	0
3871.5	0
3872.5	0
3873.5	0
3874.5	0
3875.5	0
3876.5	0
3877.5	0
3878.5	1
3879.5	0
3880.5	0
3881.5	0
3882.5	0
3883.5	1
3884.5	0
3885.5	0
3886.5	0
3887.5	0
3888.5	0
3889.5	0
3890.5	0
3891.5	0
3892.5	0
3893.5	0
3894.5	0
3895.5	0
3896.5	0
3897.5	0
3898.5	0
3899.5	1
3900.5	0
3901.5	1
3902.5	1
3903.5	0
3904.5	0
3905.5	0
3906.5	0
3907.5	0
3908.5	0
3909.5	0
3910.5	1
3911.5	0
3912.5	0
3913.5	0
3914.5	0
3915.5	0
3916.5	0
3917.5	0
3918.5	0
3919.5	0
3920.5	0
3921.5	0
3922.5	0
3923.5	0
3924.5	0
3925.5	0
3926.5	0
3927.5	0
3928.5	0
3929.5	0
3930.5	0
3931.5	0
3932.5	0
3933.5	0
3934.5	0
3935.5	0
3936.5	0
3937.5	0
3938.5	0
3939.5	1
3940.5	0
3941.5	0
3942.5	0
3943.5	0
3944.5	0
3945.5	0
3946.5	0
3947.5	0
3948.5	0
3949.5	0
3950.5	1
3951.5	0
3952.5	0
3953.5	0
3954.5	0
3955.5	0
3956.5	0
3957.5	0
3958.5	0
3959.5	0
3960.5	0
3961.5	0
3962.5	0
3963.5	0
3964.5	0
3965.5	0
3966.5	0
3967.5	0
3968.5	0
3969.5	0
3970.5	0
3971.5	0
3972.5	1
3973.5	0
3974.5	0
3975.5	0
3976.5	0
3977.5	0
3978.5	0
3979.5	0
3980.5	0
3981.5	0
3982.5	0
3983.5	0
3984.5	0
3985.5	0
3986.5	1
3987.5	0
3988.5	0
3989.5	0
3990.5	0
3991.5	0
3992.5	0
3993.5	0
3994.5	1
3995.5	1
3996.5	0
3997.5	0
3998.5	1
3999.5	0
4000.5	0
4001.5	0
4002.5	0
4003.5	0
4004.5	0
4005.5	0
4006.5	0
4007.5	0
4008.5	0
4009.5	0
4010.5	0
4011.5	0
4012.5	0
4013.5	0
4014.5	0
4015.5	0
4016.5	0
4017.5	0
4018.5	1
4019.5	0
4020.5	0
4021.5	1
4022.5	0
4023.5	0
4024.5	0
4025.5	0
4026.5	0
4027.5	0
4028.5	0
4029.5	0
4030.5	0
4031.5	0
4032.5	0
4033.5	0
4034.5	0
4035.5	0
4036.5	1
4037.5	0
4038.5	0
4039.5	0
4040.5	0
4041.5	0
4042.5	0
4043.5	0
4044.5	0
4045.5	0
4046.5	0
4047.5	0
4048.5	0
4049.5	0
4050.5	0
4051.5	0
4052.5	2
4053.5	0
4054.5	0
4055.5	0
4056.5	0
4057.5	0
4058.5	0
4059.5	0
4060.5	0
4061.5	0
4062.5	0
4063.5	0
4064.5	0
4065.5	0
4066.5	0
4067.5	0
4068.5	0
4069.5	0
4070.5	0
4071.5	0
4072.5	0
4073.5	0
4074.5	0
4075.5	2
4076.5	0
4077.5	0
4078.5	0
4079.5	1
4080.5	0
4081.5	0
4082.5	0
4083.5	1
4084.5	0
4085.5	1
4086.5	0
4087.5	0
4088.5	1
4089.5	1
4090.5	0
4091.5	0
4092.5	0
4093.5	0
4094.5	0
4095.5	0
