0.5	0
1.5	2
2.5	1
3.5	0
4.5	0
5.5	0
6.5	0
7.5	0
8.5	0
9.5	0
10.5	0
11.5	0
12.5	0
13.5	0
14.5	0
15.5	0
16.5	0
17.5	0
18.5	0
19.5	0
20.5	0
21.5	0
22.5	0
23.5	0
24.5	1
25.5	0
26.5	0
27.5	3
28.5	0
29.5	5
30.5	2
31.5	3
32.5	7
33.5	12
34.5	16
35.5	17
36.5	28
37.5	43
38.5	42
39.5	65
40.5	69
41.5	92
42.5	130
43.5	190
44.5	178
45.5	210
46.5	277
47.5	393
48.5	434
49.5	484
50.5	650
51.5	700
52.5	813
53.5	911
54.5	1059
55.5	1160
56.5	1297
57.5	1512
58.5	1671
59.5	1810
60.5	1954
61.5	2148
62.5	2336
63.5	2380
64.5	2589
65.5	2708
66.5	2836
67.5	2979
68.5	3206
69.5	3184
70.5	3456
71.5	3382
72.5	3555
73.5	3610
74.5	3775
75.5	3868
76.5	3868
77.5	4070
78.5	4116
79.5	4289
80.5	4259
81.5	4576
82.5	4695
83.5	4747
84.5	4984
85.5	4966
86.5	5150
87.5	5309
88.5	5546
89.5	5573
90.5	5715
91.5	5910
92.5	6217
93.5	6354
94.5	6588
95.5	6625
96.5	6832
97.5	7130
98.5	7114
99.5	7470
100.5	7889
101.5	8059
102.5	8154
103.5	8473
104.5	8667
105.5	8912
106.5	9304
107.5	9428
108.5	9796
109.5	9883
110.5	10115
111.5	10526
112.5	10685
113.5	10900
114.5	11294
115.5	11327
116.5	11559
117.5	11813
118.5	12161
119.5	12269
120.5	12383
121.5	12702
122.5	13006
123.5	13163
124.5	13402
125.5	13529
126.5	13743
127.5	13923
128.5	14108
129.5	14070
130.5	14092
131.5	14283
132.5	14568
133.5	14527
134.5	14651
135.5	14866
136.5	15081
137.5	15084
138.5	15234
139.5	14985
140.5	15359
141.5	15246
142.5	15186
143.5	15440
144.5	15291
145.5	15338
146.5	15260
147.5	15369
148.5	15546
149.5	15353
150.5	15210
151.5	15237
152.5	15372
153.5	15449
154.5	15581
155.5	15286
156.5	15441
157.5	15430
158.5	15414
159.5	15439
160.5	15372
161.5	15410
162.5	15225
163.5	15109
164.5	15358
165.5	15192
166.5	14993
167.5	15059
168.5	14960
169.5	14971
170.5	15160
171.5	14685
172.5	14892
173.5	14820
174.5	14561
175.5	14975
176.5	14791
177.5	14507
178.5	14684
179.5	14629
180.5	14474
181.5	14594
182.5	14617
183.5	14432
184.5	14025
185.5	14471
186.5	14298
187.5	14037
188.5	14122
189.5	13683
190.5	14107
191.5	13883
192.5	13810
193.5	13553
194.5	13662
195.5	13540
196.5	13684
197.5	13685
198.5	13538
199.5	13423
200.5	13333
201.5	13232
202.5	13262
203.5	13341
204.5	12879
205.5	12955
206.5	12895
207.5	12805
208.5	12841
209.5	12674
210.5	12670
211.5	12450
212.5	12462
213.5	12615
214.5	12312
215.5	12445
216.5	12130
217.5	12112
218.5	11999
219.5	11908
220.5	12003
221.5	11847
222.5	11662
223.5	11746
224.5	11662
225.5	11505
226.5	11475
227.5	11308
228.5	11191
229.5	11113
230.5	10912
231.5	11222
232.5	10960
233.5	10998
234.5	10831
235.5	10806
236.5	10654
237.5	10536
238.5	10554
239.5	10632
240.5	10481
241.5	10278
242.5	10077
243.5	10154
244.5	10177
245.5	10005
246.5	9943
247.5	9935
248.5	9676
249.5	9811
250.5	9528
251.5	9511
252.5	9355
253.5	9316
254.5	9350
255.5	9365
256.5	9221
257.5	9223
258.5	9112
259.5	9042
260.5	9018
261.5	9089
262.5	8846
263.5	8808
264.5	8686
265.5	8553
266.5	8638
267.5	8354
268.5	8445
269.5	8550
270.5	8295
271.5	8346
272.5	8426
273.5	8093
274.5	8221
275.5	8136
276.5	8143
277.5	7995
278.5	7858
279.5	7893
280.5	7889
281.5	7779
282.5	7861
283.5	7901
284.5	7641
285.5	7689
286.5	7620
287.5	7514
288.5	7600
289.5	7491
290.5	7371
291.5	7345
292.5	7208
293.5	7180
294.5	7212
295.5	7097
296.5	7138
297.5	7022
298.5	7019
299.5	7130
300.5	6951
301.5	6797
302.5	6891
303.5	6701
304.5	6597
305.5	6709
306.5	6540
307.5	6705
308.5	6519
309.5	6461
310.5	6573
311.5	6312
312.5	6481
313.5	6371
314.5	6286
315.5	6376
316.5	6232
317.5	6146
318.5	6189
319.5	6085
320.5	6090
321.5	6093
322.5	6053
323.5	5946
324.5	5998
325.5	5877
326.5	6033
327.5	5837
328.5	5760
329.5	5782
330.5	5915
331.5	5877
332.5	5565
333.5	5652
334.5	5701
335.5	5563
336.5	5696
337.5	5429
338.5	5548
339.5	5568
340.5	5598
341.5	5542
342.5	5451
343.5	5423
344.5	5261
345.5	5422
346.5	5331
347.5	5390
348.5	5207
349.5	5344
350.5	5262
351.5	5316
352.5	5257
353.5	5121
354.5	5419
355.5	5272
356.5	5358
357.5	5229
358.5	5260
359.5	5216
360.5	5249
361.5	5100
362.5	5094
363.5	5178
364.5	5118
365.5	5161
366.5	5130
367.5	5059
368.5	5047
369.5	4829
370.5	4893
371.5	4840
372.5	4810
373.5	4785
374.5	4706
375.5	4607
376.5	4471
377.5	4424
378.5	4438
379.5	4494
380.5	4353
381.5	4228
382.5	4200
383.5	4167
384.5	4166
385.5	4114
386.5	3916
387.5	3908
388.5	3856
389.5	3763
390.5	3838
391.5	3760
392.5	3755
393.5	3697
394.5	3541
395.5	3685
396.5	3505
397.5	3425
398.5	3609
399.5	3555
400.5	3478
401.5	3385
402.5	3338
403.5	3268
404.5	3337
405.5	3272
406.5	3224
407.5	3225
408.5	3173
409.5	3210
410.5	3251
411.5	3198
412.5	3197
413.5	3056
414.5	3124
415.5	3012
416.5	2945
417.5	3199
418.5	3035
419.5	3005
420.5	3029
421.5	3026
422.5	3038
423.5	2917
424.5	3013
425.5	2884
426.5	2959
427.5	2915
428.5	2938
429.5	2890
430.5	2863
431.5	2880
432.5	2840
433.5	2860
434.5	2795
435.5	2867
436.5	2852
437.5	2751
438.5	2759
439.5	2774
440.5	2790
441.5	2689
442.5	2769
443.5	2715
444.5	2701
445.5	2640
446.5	2586
447.5	2626
448.5	2652
449.5	2675
450.5	2573
451.5	2575
452.5	2501
453.5	2619
454.5	2496
455.5	2447
456.5	2488
457.5	2529
458.5	2426
459.5	2349
460.5	2424
461.5	2338
462.5	2406
463.5	2375
464.5	2348
465.5	2248
466.5	2238
467.5	2261
468.5	2238
469.5	2276
470.5	2256
471.5	2181
472.5	2172
473.5	2115
474.5	2150
475.5	2098
476.5	2020
477.5	2074
478.5	2113
479.5	2023
480.5	2052
481.5	2058
482.5	2069
483.5	2097
484.5	2022
485.5	2009
486.5	2058
487.5	2021
488.5	1940
489.5	2072
490.5	1999
491.5	1976
492.5	2008
493.5	1918
494.5	2000
495.5	1977
496.5	2009
497.5	2111
498.5	1999
499.5	2004
500.5	1892
501.5	1999
502.5	1933
503.5	1959
504.5	1883
505.5	1879
506.5	1955
507.5	1975
508.5	1955
509.5	1931
510.5	2011
511.5	1950
512.5	1947
513.5	1875
514.5	1936
515.5	1820
516.5	1974
517.5	1919
518.5	1918
519.5	1964
520.5	1843
521.5	1867
522.5	1887
523.5	1926
524.5	1824
525.5	1795
526.5	1919
527.5	1832
528.5	1778
529.5	1708
530.5	1778
531.5	1772
532.5	1717
533.5	1785
534.5	1806
535.5	1779
536.5	1656
537.5	1661
538.5	1659
539.5	1577
540.5	1606
541.5	1596
542.5	1583
543.5	1571
544.5	1563
545.5	1506
546.5	1491
547.5	1498
548.5	1527
549.5	1383
550.5	1396
551.5	1333
552.5	1410
553.5	1396
554.5	1368
555.5	1430
556.5	1391
557.5	1369
558.5	1334
559.5	1328
560.5	1326
561.5	1291
562.5	1304
563.5	1254
564.5	1269
565.5	1195
566.5	1225
567.5	1300
568.5	1230
569.5	1181
570.5	1226
571.5	1258
572.5	1224
573.5	1179
574.5	1092
575.5	1242
576.5	1180
577.5	1208
578.5	1202
579.5	1178
580.5	1208
581.5	1170
582.5	1128
583.5	1164
584.5	1145
585.5	1151
586.5	1150
587.5	1121
588.5	1149
589.5	1140
590.5	1100
591.5	1083
592.5	1053
593.5	1021
594.5	1112
595.5	1034
596.5	1067
597.5	1083
598.5	1033
599.5	1100
600.5	1027
601.5	1058
602.5	1086
603.5	1013
604.5	1040
605.5	1044
606.5	1045
607.5	1047
608.5	1063
609.5	1034
610.5	1059
611.5	1087
612.5	979
613.5	973
614.5	1030
615.5	990
616.5	990
617.5	998
618.5	965
619.5	992
620.5	928
621.5	974
622.5	980
623.5	989
624.5	950
625.5	986
626.5	955
627.5	921
628.5	976
629.5	915
630.5	928
631.5	894
632.5	924
633.5	905
634.5	887
635.5	902
636.5	910
637.5	877
638.5	919
639.5	923
640.5	955
641.5	908
642.5	925
643.5	906
644.5	848
645.5	905
646.5	879
647.5	816
648.5	848
649.5	837
650.5	945
651.5	882
652.5	882
653.5	818
654.5	834
655.5	888
656.5	862
657.5	882
658.5	887
659.5	824
660.5	921
661.5	864
662.5	872
663.5	841
664.5	833
665.5	845
666.5	879
667.5	818
668.5	897
669.5	805
670.5	818
671.5	840
672.5	771
673.5	810
674.5	831
675.5	837
676.5	783
677.5	785
678.5	789
679.5	784
680.5	801
681.5	726
682.5	790
683.5	848
684.5	786
685.5	779
686.5	790
687.5	797
688.5	795
689.5	779
690.5	792
691.5	799
692.5	781
693.5	784
694.5	745
695.5	777
696.5	756
697.5	754
698.5	773
699.5	771
700.5	733
701.5	773
702.5	721
703.5	737
704.5	748
705.5	741
706.5	739
707.5	684
708.5	730
709.5	674
710.5	723
711.5	770
712.5	685
713.5	768
714.5	702
715.5	734
716.5	713
717.5	749
718.5	686
719.5	749
720.5	737
721.5	710
722.5	708
723.5	665
724.5	690
725.5	685
726.5	675
727.5	737
728.5	724
729.5	713
730.5	687
731.5	738
732.5	755
733.5	676
734.5	704
735.5	716
736.5	715
737.5	690
738.5	699
739.5	681
740.5	780
741.5	667
742.5	769
743.5	726
744.5	723
745.5	718
746.5	672
747.5	667
748.5	723
749.5	656
750.5	686
751.5	660
752.5	706
753.5	714
754.5	690
755.5	691
756.5	677
757.5	661
758.5	669
759.5	687
760.5	621
761.5	645
762.5	647
763.5	668
764.5	644
765.5	661
766.5	638
767.5	688
768.5	600
769.5	618
770.5	642
771.5	602
772.5	608
773.5	643
774.5	636
775.5	588
776.5	615
777.5	619
778.5	586
779.5	608
780.5	604
781.5	572
782.5	599
783.5	544
784.5	616
785.5	607
786.5	583
787.5	598
788.5	639
789.5	591
790.5	570
791.5	534
792.5	583
793.5	578
794.5	582
795.5	577
796.5	566
797.5	576
798.5	560
799.5	542
800.5	525
801.5	543
802.5	602
803.5	524
804.5	607
805.5	596
806.5	581
807.5	529
808.5	555
809.5	583
810.5	566
811.5	580
812.5	583
813.5	559
814.5	565
815.5	539
816.5	587
817.5	559
818.5	594
819.5	560
820.5	549
821.5	568
822.5	590
823.5	586
824.5	537
825.5	585
826.5	603
827.5	575
828.5	602
829.5	616
830.5	573
831.5	602
832.5	585
833.5	617
834.5	600
835.5	620
836.5	639
837.5	576
838.5	624
839.5	615
840.5	618
841.5	647
842.5	641
843.5	647
844.5	615
845.5	652
846.5	629
847.5	664
848.5	667
849.5	656
850.5	693
851.5	662
852.5	636
853.5	711
854.5	666
855.5	603
856.5	670
857.5	688
858.5	612
859.5	627
860.5	667
861.5	648
862.5	679
863.5	716
864.5	703
865.5	669
866.5	626
867.5	622
868.5	659
869.5	598
870.5	610
871.5	623
872.5	733
873.5	618
874.5	709
875.5	613
876.5	687
877.5	655
878.5	633
879.5	595
880.5	602
881.5	632
882.5	623
883.5	596
884.5	673
885.5	608
886.5	615
887.5	605
888.5	621
889.5	555
890.5	620
891.5	608
892.5	588
893.5	598
894.5	591
895.5	618
896.5	603
897.5	518
898.5	545
899.5	561
900.5	508
901.5	557
902.5	514
903.5	536
904.5	506
905.5	498
906.5	523
907.5	496
908.5	469
909.5	492
910.5	494
911.5	494
912.5	473
913.5	453
914.5	488
915.5	452
916.5	474
917.5	452
918.5	441
919.5	395
920.5	449
921.5	444
922.5	453
923.5	421
924.5	394
925.5	424
926.5	443
927.5	406
928.5	404
929.5	397
930.5	408
931.5	402
932.5	394
933.5	351
934.5	378
935.5	365
936.5	376
937.5	388
938.5	389
939.5	359
940.5	344
941.5	376
942.5	439
943.5	369
944.5	357
945.5	383
946.5	378
947.5	358
948.5	379
949.5	400
950.5	391
951.5	365
952.5	372
953.5	372
954.5	345
955.5	363
956.5	366
957.5	349
958.5	319
959.5	352
960.5	375
961.5	329
962.5	359
963.5	357
964.5	322
965.5	339
966.5	348
967.5	315
968.5	358
969.5	319
970.5	360
971.5	360
972.5	331
973.5	311
974.5	341
975.5	338
976.5	380
977.5	318
978.5	339
979.5	350
980.5	322
981.5	318
982.5	315
983.5	334
984.5	360
985.5	333
986.5	347
987.5	337
988.5	350
989.5	349
990.5	302
991.5	344
992.5	321
993.5	297
994.5	343
995.5	320
996.5	321
997.5	326
998.5	298
999.5	300
1000.5	313
1001.5	307
1002.5	314
1003.5	316
1004.5	367
1005.5	333
1006.5	326
1007.5	332
1008.5	327
1009.5	300
1010.5	302
1011.5	328
1012.5	276
1013.5	299
1014.5	331
1015.5	313
1016.5	323
1017.5	277
1018.5	346
1019.5	306
1020.5	316
1021.5	343
1022.5	315
1023.5	324
1024.5	323
1025.5	321
1026.5	327
1027.5	332
1028.5	318
1029.5	311
1030.5	300
1031.5	328
1032.5	319
1033.5	326
1034.5	309
1035.5	307
1036.5	303
1037.5	352
1038.5	328
1039.5	315
1040.5	348
1041.5	315
1042.5	313
1043.5	333
1044.5	315
1045.5	307
1046.5	295
1047.5	342
1048.5	289
1049.5	341
1050.5	322
1051.5	300
1052.5	352
1053.5	309
1054.5	295
1055.5	331
1056.5	370
1057.5	323
1058.5	319
1059.5	328
1060.5	317
1061.5	319
1062.5	309
1063.5	290
1064.5	268
1065.5	323
1066.5	306
1067.5	319
1068.5	302
1069.5	337
1070.5	302
1071.5	294
1072.5	335
1073.5	279
1074.5	306
1075.5	286
1076.5	304
1077.5	259
1078.5	272
1079.5	296
1080.5	304
1081.5	286
1082.5	284
1083.5	284
1084.5	294
1085.5	273
1086.5	301
1087.5	294
1088.5	322
1089.5	285
1090.5	269
1091.5	318
1092.5	255
1093.5	315
1094.5	317
1095.5	287
1096.5	338
1097.5	319
1098.5	293
1099.5	276
1100.5	277
1101.5	260
1102.5	252
1103.5	267
1104.5	287
1105.5	296
1106.5	312
1107.5	296
1108.5	273
1109.5	274
1110.5	290
1111.5	303
1112.5	289
1113.5	282
1114.5	295
1115.5	270
1116.5	279
1117.5	289
1118.5	291
1119.5	292
1120.5	299
1121.5	302
1122.5	275
1123.5	287
1124.5	302
1125.5	279
1126.5	295
1127.5	280
1128.5	274
1129.5	286
1130.5	273
1131.5	258
1132.5	296
1133.5	298
1134.5	277
1135.5	299
1136.5	273
1137.5	272
1138.5	282
1139.5	265
1140.5	285
1141.5	287
1142.5	266
1143.5	311
1144.5	264
1145.5	260
1146.5	257
1147.5	256
1148.5	267
1149.5	270
1150.5	275
1151.5	269
1152.5	310
1153.5	258
1154.5	268
1155.5	238
1156.5	257
1157.5	268
1158.5	263
1159.5	263
1160.5	255
1161.5	240
1162.5	242
1163.5	246
1164.5	257
1165.5	258
1166.5	270
1167.5	240
1168.5	251
1169.5	237
1170.5	282
1171.5	243
1172.5	245
1173.5	247
1174.5	230
1175.5	255
1176.5	267
1177.5	214
1178.5	247
1179.5	207
1180.5	285
1181.5	239
1182.5	256
1183.5	257
1184.5	233
1185.5	247
1186.5	224
1187.5	271
1188.5	203
1189.5	251
1190.5	236
1191.5	233
1192.5	250
1193.5	256
1194.5	242
1195.5	237
1196.5	244
1197.5	247
1198.5	231
1199.5	235
1200.5	231
1201.5	252
1202.5	238
1203.5	228
1204.5	246
1205.5	236
1206.5	213
1207.5	250
1208.5	243
1209.5	261
1210.5	231
1211.5	226
1212.5	203
1213.5	247
1214.5	240
1215.5	251
1216.5	228
1217.5	224
1218.5	238
1219.5	214
1220.5	240
1221.5	254
1222.5	220
1223.5	221
1224.5	230
1225.5	230
1226.5	218
1227.5	219
1228.5	225
1229.5	226
1230.5	216
1231.5	218
1232.5	240
1233.5	241
1234.5	247
1235.5	231
1236.5	230
1237.5	217
1238.5	224
1239.5	223
1240.5	219
1241.5	212
1242.5	232
1243.5	233
1244.5	219
1245.5	284
1246.5	255
1247.5	239
1248.5	225
1249.5	198
1250.5	238
1251.5	248
1252.5	235
1253.5	216
1254.5	246
1255.5	234
1256.5	239
1257.5	238
1258.5	213
1259.5	245
1260.5	257
1261.5	228
1262.5	247
1263.5	224
1264.5	233
1265.5	249
1266.5	233
1267.5	270
1268.5	217
1269.5	271
1270.5	211
1271.5	220
1272.5	253
1273.5	225
1274.5	257
1275.5	234
1276.5	254
1277.5	243
1278.5	247
1279.5	255
1280.5	218
1281.5	239
1282.5	261
1283.5	251
1284.5	264
1285.5	258
1286.5	248
1287.5	269
1288.5	278
1289.5	273
1290.5	249
1291.5	288
1292.5	247
1293.5	249
1294.5	284
1295.5	272
1296.5	243
1297.5	266
1298.5	246
1299.5	269
1300.5	277
1301.5	262
1302.5	228
1303.5	279
1304.5	278
1305.5	247
1306.5	261
1307.5	241
1308.5	242
1309.5	252
1310.5	246
1311.5	257
1312.5	240
1313.5	261
1314.5	223
1315.5	270
1316.5	249
1317.5	244
1318.5	240
1319.5	249
1320.5	240
1321.5	243
1322.5	264
1323.5	253
1324.5	261
1325.5	249
1326.5	263
1327.5	242
1328.5	245
1329.5	240
1330.5	261
1331.5	227
1332.5	218
1333.5	228
1334.5	244
1335.5	259
1336.5	248
1337.5	229
1338.5	221
1339.5	220
1340.5	233
1341.5	248
1342.5	231
1343.5	252
1344.5	226
1345.5	229
1346.5	207
1347.5	238
1348.5	244
1349.5	246
1350.5	247
1351.5	247
1352.5	275
1353.5	215
1354.5	240
1355.5	220
1356.5	221
1357.5	239
1358.5	256
1359.5	243
1360.5	239
1361.5	235
1362.5	232
1363.5	222
1364.5	240
1365.5	224
1366.5	201
1367.5	218
1368.5	223
1369.5	228
1370.5	250
1371.5	226
1372.5	223
1373.5	211
1374.5	240
1375.5	239
1376.5	234
1377.5	220
1378.5	222
1379.5	219
1380.5	228
1381.5	221
1382.5	229
1383.5	207
1384.5	226
1385.5	232
1386.5	238
1387.5	248
1388.5	226
1389.5	232
1390.5	216
1391.5	224
1392.5	195
1393.5	240
1394.5	239
1395.5	222
1396.5	229
1397.5	202
1398.5	235
1399.5	216
1400.5	203
1401.5	229
1402.5	227
1403.5	197
1404.5	216
1405.5	214
1406.5	192
1407.5	219
1408.5	194
1409.5	212
1410.5	170
1411.5	184
1412.5	205
1413.5	189
1414.5	193
1415.5	184
1416.5	183
1417.5	172
1418.5	211
1419.5	171
1420.5	170
1421.5	194
1422.5	193
1423.5	173
1424.5	162
1425.5	168
1426.5	157
1427.5	162
1428.5	184
1429.5	174
1430.5	186
1431.5	172
1432.5	182
1433.5	155
1434.5	178
1435.5	179
1436.5	162
1437.5	176
1438.5	162
1439.5	168
1440.5	135
1441.5	158
1442.5	161
1443.5	143
1444.5	161
1445.5	163
1446.5	188
1447.5	159
1448.5	164
1449.5	188
1450.5	149
1451.5	172
1452.5	151
1453.5	161
1454.5	163
1455.5	168
1456.5	137
1457.5	132
1458.5	146
1459.5	169
1460.5	169
1461.5	159
1462.5	203
1463.5	154
1464.5	167
1465.5	162
1466.5	150
1467.5	156
1468.5	167
1469.5	162
1470.5	162
1471.5	149
1472.5	135
1473.5	168
1474.5	196
1475.5	137
1476.5	149
1477.5	158
1478.5	159
1479.5	170
1480.5	148
1481.5	155
1482.5	172
1483.5	149
1484.5	157
1485.5	179
1486.5	140
1487.5	164
1488.5	161
1489.5	148
1490.5	145
1491.5	160
1492.5	150
1493.5	160
1494.5	159
1495.5	150
1496.5	160
1497.5	159
1498.5	153
1499.5	141
1500.5	169
1501.5	171
1502.5	172
1503.5	169
1504.5	152
1505.5	175
1506.5	153
1507.5	178
1508.5	159
1509.5	145
1510.5	156
1511.5	148
1512.5	167
1513.5	152
1514.5	166
1515.5	169
1516.5	164
1517.5	165
1518.5	173
1519.5	139
1520.5	167
1521.5	175
1522.5	165
1523.5	168
1524.5	159
1525.5	167
1526.5	182
1527.5	160
1528.5	177
1529.5	143
1530.5	184
1531.5	171
1532.5	182
1533.5	151
1534.5	185
1535.5	168
1536.5	149
1537.5	173
1538.5	161
1539.5	170
1540.5	165
1541.5	180
1542.5	146
1543.5	145
1544.5	176
1545.5	184
1546.5	193
1547.5	153
1548.5	177
1549.5	175
1550.5	157
1551.5	149
1552.5	167
1553.5	198
1554.5	163
1555.5	171
1556.5	168
1557.5	186
1558.5	183
1559.5	176
1560.5	172
1561.5	170
1562.5	187
1563.5	186
1564.5	187
1565.5	170
1566.5	176
1567.5	159
1568.5	192
1569.5	165
1570.5	171
1571.5	176
1572.5	178
1573.5	158
1574.5	160
1575.5	163
1576.5	151
1577.5	200
1578.5	196
1579.5	184
1580.5	171
1581.5	169
1582.5	146
1583.5	171
1584.5	152
1585.5	189
1586.5	163
1587.5	182
1588.5	194
1589.5	157
1590.5	191
1591.5	165
1592.5	179
1593.5	165
1594.5	173
1595.5	161
1596.5	154
1597.5	160
1598.5	169
1599.5	174
1600.5	171
1601.5	192
1602.5	172
1603.5	168
1604.5	177
1605.5	185
1606.5	162
1607.5	167
1608.5	172
1609.5	167
1610.5	164
1611.5	160
1612.5	194
1613.5	180
1614.5	174
1615.5	183
1616.5	170
1617.5	160
1618.5	184
1619.5	168
1620.5	166
1621.5	183
1622.5	181
1623.5	172
1624.5	164
1625.5	172
1626.5	160
1627.5	173
1628.5	203
1629.5	154
1630.5	153
1631.5	148
1632.5	156
1633.5	154
1634.5	153
1635.5	175
1636.5	160
1637.5	146
1638.5	143
1639.5	164
1640.5	131
1641.5	157
1642.5	163
1643.5	160
1644.5	145
1645.5	147
1646.5	149
1647.5	154
1648.5	164
1649.5	160
1650.5	152
1651.5	155
1652.5	165
1653.5	163
1654.5	133
1655.5	151
1656.5	141
1657.5	157
1658.5	152
1659.5	143
1660.5	144
1661.5	155
1662.5	171
1663.5	170
1664.5	133
1665.5	148
1666.5	128
1667.5	156
1668.5	139
1669.5	139
1670.5	149
1671.5	144
1672.5	167
1673.5	150
1674.5	130
1675.5	148
1676.5	163
1677.5	135
1678.5	143
1679.5	124
1680.5	147
1681.5	139
1682.5	133
1683.5	116
1684.5	152
1685.5	159
1686.5	132
1687.5	136
1688.5	118
1689.5	145
1690.5	142
1691.5	177
1692.5	126
1693.5	137
1694.5	143
1695.5	151
1696.5	140
1697.5	115
1698.5	141
1699.5	146
1700.5	126
1701.5	142
1702.5	152
1703.5	147
1704.5	108
1705.5	105
1706.5	115
1707.5	110
1708.5	129
1709.5	140
1710.5	115
1711.5	125
1712.5	163
1713.5	136
1714.5	113
1715.5	124
1716.5	131
1717.5	135
1718.5	140
1719.5	126
1720.5	135
1721.5	117
1722.5	116
1723.5	132
1724.5	106
1725.5	125
1726.5	114
1727.5	112
1728.5	102
1729.5	111
1730.5	130
1731.5	140
1732.5	131
1733.5	113
1734.5	121
1735.5	118
1736.5	118
1737.5	119
1738.5	118
1739.5	116
1740.5	113
1741.5	130
1742.5	115
1743.5	119
1744.5	118
1745.5	95
1746.5	101
1747.5	106
1748.5	100
1749.5	110
1750.5	110
1751.5	97
1752.5	91
1753.5	101
1754.5	91
1755.5	115
1756.5	105
1757.5	96
1758.5	97
1759.5	103
1760.5	93
1761.5	110
1762.5	90
1763.5	90
1764.5	97
1765.5	118
1766.5	102
1767.5	83
1768.5	97
1769.5	101
1770.5	84
1771.5	120
1772.5	94
1773.5	83
1774.5	97
1775.5	110
1776.5	104
1777.5	79
1778.5	96
1779.5	80
1780.5	67
1781.5	79
1782.5	79
1783.5	101
1784.5	82
1785.5	91
1786.5	74
1787.5	86
1788.5	98
1789.5	104
1790.5	78
1791.5	88
1792.5	84
1793.5	82
1794.5	80
1795.5	74
1796.5	82
1797.5	88
1798.5	77
1799.5	77
1800.5	89
1801.5	78
1802.5	83
1803.5	78
1804.5	79
1805.5	84
1806.5	98
1807.5	85
1808.5	77
1809.5	66
1810.5	95
1811.5	79
1812.5	78
1813.5	72
1814.5	85
1815.5	72
1816.5	83
1817.5	82
1818.5	79
1819.5	71
1820.5	71
1821.5	70
1822.5	85
1823.5	71
1824.5	79
1825.5	71
1826.5	75
1827.5	73
1828.5	60
1829.5	67
1830.5	70
1831.5	81
1832.5	80
1833.5	65
1834.5	61
1835.5	51
1836.5	57
1837.5	65
1838.5	72
1839.5	69
1840.5	79
1841.5	70
1842.5	80
1843.5	71
1844.5	60
1845.5	76
1846.5	59
1847.5	59
1848.5	64
1849.5	72
1850.5	64
1851.5	70
1852.5	58
1853.5	77
1854.5	57
1855.5	58
1856.5	75
1857.5	60
1858.5	71
1859.5	62
1860.5	58
1861.5	74
1862.5	63
1863.5	69
1864.5	62
1865.5	61
1866.5	51
1867.5	68
1868.5	70
1869.5	76
1870.5	46
1871.5	54
1872.5	66
1873.5	57
1874.5	53
1875.5	74
1876.5	57
1877.5	59
1878.5	78
1879.5	47
1880.5	54
1881.5	80
1882.5	55
1883.5	59
1884.5	65
1885.5	60
1886.5	62
1887.5	63
1888.5	73
1889.5	69
1890.5	51
1891.5	44
1892.5	67
1893.5	70
1894.5	58
1895.5	66
1896.5	60
1897.5	62
1898.5	67
1899.5	54
1900.5	55
1901.5	61
1902.5	60
1903.5	68
1904.5	74
1905.5	74
1906.5	69
1907.5	52
1908.5	46
1909.5	63
1910.5	66
1911.5	62
1912.5	47
1913.5	65
1914.5	77
1915.5	49
1916.5	62
1917.5	56
1918.5	67
1919.5	77
1920.5	65
1921.5	58
1922.5	66
1923.5	62
1924.5	70
1925.5	64
1926.5	80
1927.5	77
1928.5	60
1929.5	62
1930.5	68
1931.5	63
1932.5	62
1933.5	67
1934.5	55
1935.5	78
1936.5	73
1937.5	71
1938.5	78
1939.5	64
1940.5	60
1941.5	75
1942.5	56
1943.5	63
1944.5	75
1945.5	80
1946.5	78
1947.5	66
1948.5	68
1949.5	87
1950.5	70
1951.5	71
1952.5	82
1953.5	73
1954.5	65
1955.5	82
1956.5	67
1957.5	84
1958.5	71
1959.5	64
1960.5	69
1961.5	66
1962.5	86
1963.5	68
1964.5	88
1965.5	91
1966.5	79
1967.5	88
1968.5	82
1969.5	76
1970.5	66
1971.5	89
1972.5	98
1973.5	78
1974.5	96
1975.5	86
1976.5	96
1977.5	94
1978.5	110
1979.5	113
1980.5	113
1981.5	109
1982.5	115
1983.5	122
1984.5	103
1985.5	108
1986.5	122
1987.5	138
1988.5	99
1989.5	121
1990.5	130
1991.5	122
1992.5	133
1993.5	133
1994.5	114
1995.5	132
1996.5	148
1997.5	143
1998.5	147
1999.5	137
2000.5	150
2001.5	158
2002.5	159
2003.5	178
2004.5	193
2005.5	166
2006.5	185
2007.5	210
2008.5	174
2009.5	184
2010.5	198
2011.5	214
2012.5	167
2013.5	195
2014.5	183
2015.5	212
2016.5	203
2017.5	196
2018.5	209
2019.5	203
2020.5	238
2021.5	239
2022.5	198
2023.5	266
2024.5	256
2025.5	271
2026.5	228
2027.5	243
2028.5	256
2029.5	301
2030.5	263
2031.5	238
2032.5	255
2033.5	261
2034.5	286
2035.5	246
2036.5	289
2037.5	258
2038.5	256
2039.5	261
2040.5	288
2041.5	267
2042.5	250
2043.5	277
2044.5	259
2045.5	254
2046.5	270
2047.5	304
2048.5	241
2049.5	268
2050.5	247
2051.5	277
2052.5	273
2053.5	255
2054.5	319
2055.5	257
2056.5	264
2057.5	268
2058.5	278
2059.5	287
2060.5	244
2061.5	253
2062.5	274
2063.5	241
2064.5	241
2065.5	212
2066.5	253
2067.5	224
2068.5	254
2069.5	220
2070.5	241
2071.5	239
2072.5	234
2073.5	185
2074.5	233
2075.5	208
2076.5	200
2077.5	191
2078.5	210
2079.5	205
2080.5	232
2081.5	171
2082.5	198
2083.5	225
2084.5	184
2085.5	168
2086.5	163
2087.5	154
2088.5	170
2089.5	161
2090.5	164
2091.5	153
2092.5	166
2093.5	140
2094.5	146
2095.5	132
2096.5	132
2097.5	148
2098.5	141
2099.5	126
2100.5	101
2101.5	116
2102.5	101
2103.5	105
2104.5	99
2105.5	85
2106.5	117
2107.5	78
2108.5	105
2109.5	92
2110.5	104
2111.5	87
2112.5	81
2113.5	73
2114.5	76
2115.5	65
2116.5	74
2117.5	89
2118.5	66
2119.5	79
2120.5	71
2121.5	60
2122.5	72
2123.5	58
2124.5	57
2125.5	58
2126.5	49
2127.5	49
2128.5	47
2129.5	52
2130.5	50
2131.5	47
2132.5	53
2133.5	51
2134.5	53
2135.5	58
2136.5	50
2137.5	60
2138.5	44
2139.5	40
2140.5	47
2141.5	54
2142.5	47
2143.5	48
2144.5	39
2145.5	36
2146.5	31
2147.5	38
2148.5	40
2149.5	33
2150.5	42
2151.5	35
2152.5	27
2153.5	57
2154.5	53
2155.5	46
2156.5	51
2157.5	44
2158.5	45
2159.5	41
2160.5	34
2161.5	40
2162.5	54
2163.5	38
2164.5	46
2165.5	41
2166.5	43
2167.5	48
2168.5	42
2169.5	39
2170.5	32
2171.5	39
2172.5	35
2173.5	26
2174.5	52
2175.5	48
2176.5	37
2177.5	46
2178.5	58
2179.5	35
2180.5	42
2181.5	52
2182.5	39
2183.5	43
2184.5	50
2185.5	45
2186.5	40
2187.5	43
2188.5	38
2189.5	45
2190.5	46
2191.5	39
2192.5	49
2193.5	37
2194.5	43
2195.5	38
2196.5	56
2197.5	43
2198.5	33
2199.5	51
2200.5	44
2201.5	40
2202.5	47
2203.5	42
2204.5	42
2205.5	57
2206.5	48
2207.5	46
2208.5	64
2209.5	41
2210.5	36
2211.5	32
2212.5	49
2213.5	48
2214.5	58
2215.5	38
2216.5	41
2217.5	48
2218.5	43
2219.5	51
2220.5	50
2221.5	49
2222.5	47
2223.5	42
2224.5	48
2225.5	36
2226.5	56
2227.5	44
2228.5	45
2229.5	45
2230.5	44
2231.5	54
2232.5	58
2233.5	60
2234.5	52
2235.5	45
2236.5	42
2237.5	43
2238.5	51
2239.5	39
2240.5	47
2241.5	29
2242.5	43
2243.5	46
2244.5	35
2245.5	39
2246.5	32
2247.5	46
2248.5	43
2249.5	42
2250.5	41
2251.5	38
2252.5	45
2253.5	48
2254.5	41
2255.5	33
2256.5	48
2257.5	39
2258.5	35
2259.5	36
2260.5	43
2261.5	39
2262.5	46
2263.5	43
2264.5	36
2265.5	30
2266.5	34
2267.5	43
2268.5	40
2269.5	29
2270.5	43
2271.5	37
2272.5	37
2273.5	38
2274.5	31
2275.5	36
2276.5	32
2277.5	37
2278.5	33
2279.5	23
2280.5	33
2281.5	27
2282.5	33
2283.5	31
2284.5	32
2285.5	39
2286.5	25
2287.5	28
2288.5	31
2289.5	31
2290.5	23
2291.5	43
2292.5	37
2293.5	25
2294.5	37
2295.5	33
2296.5	36
2297.5	31
2298.5	26
2299.5	31
2300.5	36
2301.5	20
2302.5	19
2303.5	29
2304.5	27
2305.5	30
2306.5	30
2307.5	31
2308.5	38
2309.5	27
2310.5	35
2311.5	25
2312.5	24
2313.5	25
2314.5	28
2315.5	36
2316.5	29
2317.5	23
2318.5	20
2319.5	17
2320.5	23
2321.5	27
2322.5	24
2323.5	23
2324.5	20
2325.5	35
2326.5	38
2327.5	32
2328.5	29
2329.5	21
2330.5	26
2331.5	21
2332.5	23
2333.5	19
2334.5	30
2335.5	24
2336.5	25
2337.5	19
2338.5	28
2339.5	28
2340.5	25
2341.5	24
2342.5	22
2343.5	22
2344.5	22
2345.5	32
2346.5	18
2347.5	26
2348.5	23
2349.5	37
2350.5	32
2351.5	26
2352.5	28
2353.5	24
2354.5	16
2355.5	22
2356.5	33
2357.5	18
2358.5	32
2359.5	19
2360.5	23
2361.5	28
2362.5	29
2363.5	19
2364.5	23
2365.5	30
2366.5	25
2367.5	26
2368.5	23
2369.5	26
2370.5	25
2371.5	30
2372.5	25
2373.5	27
2374.5	33
2375.5	23
2376.5	29
2377.5	23
2378.5	26
2379.5	18
2380.5	28
2381.5	21
2382.5	37
2383.5	27
2384.5	20
2385.5	28
2386.5	28
2387.5	21
2388.5	27
2389.5	27
2390.5	29
2391.5	39
2392.5	30
2393.5	28
2394.5	19
2395.5	31
2396.5	34
2397.5	24
2398.5	27
2399.5	25
2400.5	22
2401.5	28
2402.5	25
2403.5	41
2404.5	31
2405.5	38
2406.5	38
2407.5	36
2408.5	40
2409.5	27
2410.5	28
2411.5	28
2412.5	32
2413.5	30
2414.5	30
2415.5	31
2416.5	31
2417.5	21
2418.5	33
2419.5	33
2420.5	25
2421.5	38
2422.5	36
2423.5	36
2424.5	45
2425.5	44
2426.5	34
2427.5	32
2428.5	28
2429.5	41
2430.5	32
2431.5	39
2432.5	38
2433.5	36
2434.5	31
2435.5	36
2436.5	36
2437.5	36
2438.5	39
2439.5	46
2440.5	41
2441.5	32
2442.5	35
2443.5	43
2444.5	36
2445.5	48
2446.5	34
2447.5	27
2448.5	34
2449.5	37
2450.5	40
2451.5	32
2452.5	41
2453.5	36
2454.5	22
2455.5	30
2456.5	35
2457.5	42
2458.5	34
2459.5	45
2460.5	36
2461.5	33
2462.5	42
2463.5	39
2464.5	33
2465.5	26
2466.5	35
2467.5	53
2468.5	42
2469.5	28
2470.5	31
2471.5	30
2472.5	38
2473.5	33
2474.5	37
2475.5	44
2476.5	30
2477.5	31
2478.5	29
2479.5	42
2480.5	25
2481.5	29
2482.5	24
2483.5	33
2484.5	35
2485.5	25
2486.5	34
2487.5	33
2488.5	32
2489.5	35
2490.5	25
2491.5	31
2492.5	24
2493.5	32
2494.5	28
2495.5	32
2496.5	38
2497.5	28
2498.5	32
2499.5	37
2500.5	21
2501.5	32
2502.5	28
2503.5	25
2504.5	29
2505.5	30
2506.5	21
2507.5	12
2508.5	30
2509.5	34
2510.5	26
2511.5	26
2512.5	22
2513.5	24
2514.5	26
2515.5	20
2516.5	24
2517.5	31
2518.5	32
2519.5	23
2520.5	19
2521.5	19
2522.5	28
2523.5	22
2524.5	25
2525.5	14
2526.5	21
2527.5	22
2528.5	22
2529.5	20
2530.5	22
2531.5	29
2532.5	24
2533.5	25
2534.5	15
2535.5	23
2536.5	27
2537.5	22
2538.5	21
2539.5	21
2540.5	21
2541.5	30
2542.5	19
2543.5	25
2544.5	26
2545.5	22
2546.5	23
2547.5	29
2548.5	30
2549.5	28
2550.5	21
2551.5	26
2552.5	26
2553.5	21
2554.5	17
2555.5	18
2556.5	22
2557.5	21
2558.5	21
2559.5	26
2560.5	14
2561.5	23
2562.5	24
2563.5	13
2564.5	19
2565.5	17
2566.5	26
2567.5	25
2568.5	14
2569.5	32
2570.5	25
2571.5	19
2572.5	14
2573.5	32
2574.5	22
2575.5	22
2576.5	24
2577.5	19
2578.5	26
2579.5	18
2580.5	29
2581.5	28
2582.5	28
2583.5	25
2584.5	23
2585.5	17
2586.5	28
2587.5	14
2588.5	18
2589.5	21
2590.5	20
2591.5	25
2592.5	18
2593.5	21
2594.5	21
2595.5	14
2596.5	21
2597.5	11
2598.5	17
2599.5	25
2600.5	14
2601.5	16
2602.5	19
2603.5	17
2604.5	11
2605.5	17
2606.5	20
2607.5	19
2608.5	16
2609.5	15
2610.5	24
2611.5	21
2612.5	18
2613.5	29
2614.5	12
2615.5	16
2616.5	21
2617.5	12
2618.5	19
2619.5	22
2620.5	19
2621.5	13
2622.5	17
2623.5	21
2624.5	16
2625.5	14
2626.5	28
2627.5	15
2628.5	26
2629.5	21
2630.5	18
2631.5	20
2632.5	19
2633.5	20
2634.5	18
2635.5	18
2636.5	18
2637.5	18
2638.5	17
2639.5	19
2640.5	23
2641.5	18
2642.5	21
2643.5	19
2644.5	16
2645.5	18
2646.5	19
2647.5	17
2648.5	22
2649.5	17
2650.5	19
2651.5	24
2652.5	18
2653.5	20
2654.5	15
2655.5	14
2656.5	13
2657.5	19
2658.5	19
2659.5	19
2660.5	16
2661.5	10
2662.5	12
2663.5	21
2664.5	15
2665.5	23
2666.5	20
2667.5	16
2668.5	14
2669.5	20
2670.5	14
2671.5	20
2672.5	20
2673.5	20
2674.5	11
2675.5	12
2676.5	10
2677.5	21
2678.5	17
2679.5	13
2680.5	22
2681.5	22
2682.5	17
2683.5	23
2684.5	13
2685.5	17
2686.5	16
2687.5	22
2688.5	22
2689.5	24
2690.5	16
2691.5	22
2692.5	16
2693.5	16
2694.5	21
2695.5	11
2696.5	13
2697.5	14
2698.5	21
2699.5	19
2700.5	23
2701.5	14
2702.5	17
2703.5	20
2704.5	29
2705.5	19
2706.5	16
2707.5	15
2708.5	14
2709.5	10
2710.5	21
2711.5	17
2712.5	21
2713.5	12
2714.5	23
2715.5	17
2716.5	16
2717.5	20
2718.5	24
2719.5	16
2720.5	19
2721.5	22
2722.5	10
2723.5	16
2724.5	17
2725.5	14
2726.5	8
2727.5	19
2728.5	14
2729.5	13
2730.5	12
2731.5	10
2732.5	15
2733.5	13
2734.5	13
2735.5	18
2736.5	15
2737.5	18
2738.5	9
2739.5	19
2740.5	14
2741.5	13
2742.5	13
2743.5	13
2744.5	14
2745.5	16
2746.5	11
2747.5	16
2748.5	10
2749.5	17
2750.5	16
2751.5	18
2752.5	16
2753.5	18
2754.5	9
2755.5	10
2756.5	24
2757.5	17
2758.5	10
2759.5	18
2760.5	14
2761.5	21
2762.5	11
2763.5	17
2764.5	26
2765.5	22
2766.5	15
2767.5	14
2768.5	15
2769.5	15
2770.5	8
2771.5	12
2772.5	13
2773.5	16
2774.5	15
2775.5	14
2776.5	18
2777.5	11
2778.5	13
2779.5	13
2780.5	15
2781.5	16
2782.5	12
2783.5	17
2784.5	10
2785.5	15
2786.5	15
2787.5	16
2788.5	19
2789.5	22
2790.5	15
2791.5	7
2792.5	6
2793.5	16
2794.5	13
2795.5	13
2796.5	17
2797.5	16
2798.5	12
2799.5	14
2800.5	15
2801.5	14
2802.5	13
2803.5	8
2804.5	24
2805.5	14
2806.5	13
2807.5	16
2808.5	11
2809.5	12
2810.5	15
2811.5	20
2812.5	14
2813.5	15
2814.5	14
2815.5	13
2816.5	13
2817.5	17
2818.5	11
2819.5	11
2820.5	23
2821.5	13
2822.5	9
2823.5	8
2824.5	11
2825.5	12
2826.5	13
2827.5	17
2828.5	15
2829.5	10
2830.5	18
2831.5	12
2832.5	13
2833.5	14
2834.5	15
2835.5	12
2836.5	10
2837.5	21
2838.5	13
2839.5	18
2840.5	19
2841.5	21
2842.5	12
2843.5	17
2844.5	15
2845.5	13
2846.5	7
2847.5	25
2848.5	15
2849.5	19
2850.5	11
2851.5	17
2852.5	13
2853.5	20
2854.5	19
2855.5	14
2856.5	16
2857.5	19
2858.5	24
2859.5	14
2860.5	16
2861.5	23
2862.5	20
2863.5	20
2864.5	15
2865.5	16
2866.5	19
2867.5	20
2868.5	17
2869.5	19
2870.5	35
2871.5	18
2872.5	21
2873.5	24
2874.5	16
2875.5	22
2876.5	23
2877.5	22
2878.5	19
2879.5	16
2880.5	27
2881.5	29
2882.5	16
2883.5	19
2884.5	30
2885.5	26
2886.5	15
2887.5	26
2888.5	26
2889.5	15
2890.5	28
2891.5	26
2892.5	19
2893.5	30
2894.5	16
2895.5	21
2896.5	35
2897.5	18
2898.5	32
2899.5	22
2900.5	30
2901.5	24
2902.5	24
2903.5	23
2904.5	22
2905.5	24
2906.5	20
2907.5	26
2908.5	17
2909.5	25
2910.5	27
2911.5	30
2912.5	27
2913.5	26
2914.5	23
2915.5	20
2916.5	24
2917.5	28
2918.5	28
2919.5	25
2920.5	23
2921.5	21
2922.5	17
2923.5	24
2924.5	31
2925.5	31
2926.5	35
2927.5	25
2928.5	18
2929.5	30
2930.5	23
2931.5	27
2932.5	34
2933.5	22
2934.5	24
2935.5	29
2936.5	29
2937.5	17
2938.5	29
2939.5	29
2940.5	26
2941.5	37
2942.5	27
2943.5	25
2944.5	26
2945.5	18
2946.5	29
2947.5	28
2948.5	27
2949.5	19
2950.5	24
2951.5	22
2952.5	21
2953.5	20
2954.5	16
2955.5	26
2956.5	22
2957.5	22
2958.5	26
2959.5	30
2960.5	19
2961.5	21
2962.5	18
2963.5	26
2964.5	29
2965.5	22
2966.5	24
2967.5	19
2968.5	25
2969.5	23
2970.5	24
2971.5	20
2972.5	23
2973.5	33
2974.5	10
2975.5	36
2976.5	25
2977.5	25
2978.5	19
2979.5	28
2980.5	29
2981.5	15
2982.5	23
2983.5	23
2984.5	23
2985.5	23
2986.5	16
2987.5	14
2988.5	14
2989.5	27
2990.5	27
2991.5	25
2992.5	13
2993.5	19
2994.5	22
2995.5	22
2996.5	16
2997.5	15
2998.5	24
2999.5	20
3000.5	16
3001.5	25
3002.5	14
3003.5	20
3004.5	13
3005.5	21
3006.5	20
3007.5	15
3008.5	16
3009.5	24
3010.5	15
3011.5	16
3012.5	19
3013.5	21
3014.5	25
3015.5	14
3016.5	11
3017.5	14
3018.5	20
3019.5	28
3020.5	19
3021.5	21
3022.5	21
3023.5	17
3024.5	22
3025.5	15
3026.5	17
3027.5	23
3028.5	19
3029.5	18
3030.5	18
3031.5	28
3032.5	17
3033.5	22
3034.5	14
3035.5	23
3036.5	25
3037.5	21
3038.5	15
3039.5	15
3040.5	20
3041.5	22
3042.5	21
3043.5	25
3044.5	19
3045.5	22
3046.5	18
3047.5	19
3048.5	12
3049.5	20
3050.5	20
3051.5	29
3052.5	18
3053.5	16
3054.5	14
3055.5	23
3056.5	19
3057.5	20
3058.5	19
3059.5	27
3060.5	21
3061.5	17
3062.5	20
3063.5	11
3064.5	29
3065.5	17
3066.5	10
3067.5	11
3068.5	23
3069.5	14
3070.5	20
3071.5	23
3072.5	17
3073.5	21
3074.5	21
3075.5	14
3076.5	19
3077.5	16
3078.5	15
3079.5	23
3080.5	17
3081.5	21
3082.5	21
3083.5	22
3084.5	15
3085.5	18
3086.5	9
3087.5	15
3088.5	17
3089.5	18
3090.5	11
3091.5	18
3092.5	21
3093.5	25
3094.5	15
3095.5	22
3096.5	18
3097.5	19
3098.5	17
3099.5	13
3100.5	16
3101.5	14
3102.5	18
3103.5	14
3104.5	17
3105.5	17
3106.5	21
3107.5	19
3108.5	16
3109.5	17
3110.5	13
3111.5	16
3112.5	18
3113.5	11
3114.5	18
3115.5	12
3116.5	13
3117.5	18
3118.5	10
3119.5	14
3120.5	13
3121.5	17
3122.5	23
3123.5	16
3124.5	12
3125.5	14
3126.5	10
3127.5	14
3128.5	22
3129.5	15
3130.5	19
3131.5	18
3132.5	18
3133.5	17
3134.5	17
3135.5	11
3136.5	24
3137.5	15
3138.5	21
3139.5	14
3140.5	15
3141.5	13
3142.5	19
3143.5	16
3144.5	10
3145.5	11
3146.5	16
3147.5	14
3148.5	12
3149.5	12
3150.5	13
3151.5	11
3152.5	15
3153.5	13
3154.5	23
3155.5	18
3156.5	10
3157.5	21
3158.5	10
3159.5	21
3160.5	12
3161.5	21
3162.5	16
3163.5	17
3164.5	12
3165.5	14
3166.5	6
3167.5	17
3168.5	13
3169.5	16
3170.5	13
3171.5	19
3172.5	11
3173.5	14
3174.5	12
3175.5	11
3176.5	12
3177.5	14
3178.5	4
3179.5	17
3180.5	12
3181.5	16
3182.5	20
3183.5	17
3184.5	15
3185.5	13
3186.5	14
3187.5	15
3188.5	19
3189.5	15
3190.5	20
3191.5	26
3192.5	16
3193.5	8
3194.5	23
3195.5	8
3196.5	14
3197.5	19
3198.5	19
3199.5	18
3200.5	12
3201.5	13
3202.5	16
3203.5	10
3204.5	14
3205.5	12
3206.5	14
3207.5	11
3208.5	7
3209.5	12
3210.5	20
3211.5	9
3212.5	12
3213.5	12
3214.5	12
3215.5	17
3216.5	9
3217.5	8
3218.5	13
3219.5	15
3220.5	21
3221.5	12
3222.5	11
3223.5	14
3224.5	9
3225.5	12
3226.5	9
3227.5	10
3228.5	17
3229.5	14
3230.5	18
3231.5	16
3232.5	18
3233.5	12
3234.5	11
3235.5	11
3236.5	15
3237.5	8
3238.5	15
3239.5	14
3240.5	20
3241.5	15
3242.5	16
3243.5	14
3244.5	12
3245.5	13
3246.5	12
3247.5	13
3248.5	8
3249.5	17
3250.5	10
3251.5	4
3252.5	11
3253.5	11
3254.5	9
3255.5	8
3256.5	12
3257.5	16
3258.5	13
3259.5	9
3260.5	15
3261.5	7
3262.5	13
3263.5	6
3264.5	18
3265.5	6
3266.5	13
3267.5	11
3268.5	11
3269.5	14
3270.5	12
3271.5	12
3272.5	14
3273.5	7
3274.5	10
3275.5	8
3276.5	14
3277.5	11
3278.5	6
3279.5	12
3280.5	9
3281.5	9
3282.5	12
3283.5	10
3284.5	11
3285.5	6
3286.5	6
3287.5	8
3288.5	5
3289.5	13
3290.5	9
3291.5	5
3292.5	9
3293.5	6
3294.5	8
3295.5	11
3296.5	6
3297.5	13
3298.5	11
3299.5	9
3300.5	2
3301.5	6
3302.5	5
3303.5	10
3304.5	8
3305.5	10
3306.5	8
3307.5	3
3308.5	13
3309.5	6
3310.5	6
3311.5	11
3312.5	9
3313.5	11
3314.5	10
3315.5	6
3316.5	4
3317.5	10
3318.5	10
3319.5	6
3320.5	12
3321.5	7
3322.5	9
3323.5	6
3324.5	11
3325.5	5
3326.5	10
3327.5	5
3328.5	10
3329.5	11
3330.5	3
3331.5	11
3332.5	9
3333.5	11
3334.5	13
3335.5	9
3336.5	10
3337.5	7
3338.5	13
3339.5	4
3340.5	4
3341.5	5
3342.5	13
3343.5	5
3344.5	11
3345.5	9
3346.5	2
3347.5	9
3348.5	12
3349.5	4
3350.5	4
3351.5	5
3352.5	6
3353.5	6
3354.5	2
3355.5	9
3356.5	5
3357.5	8
3358.5	6
3359.5	3
3360.5	7
3361.5	9
3362.5	7
3363.5	6
3364.5	7
3365.5	3
3366.5	5
3367.5	6
3368.5	4
3369.5	7
3370.5	7
3371.5	5
3372.5	5
3373.5	9
3374.5	9
3375.5	4
3376.5	5
3377.5	6
3378.5	11
3379.5	6
3380.5	3
3381.5	3
3382.5	3
3383.5	5
3384.5	7
3385.5	1
3386.5	5
3387.5	5
3388.5	7
3389.5	3
3390.5	6
3391.5	7
3392.5	7
3393.5	2
3394.5	5
3395.5	3
3396.5	5
3397.5	3
3398.5	3
3399.5	8
3400.5	5
3401.5	6
3402.5	8
3403.5	5
3404.5	7
3405.5	3
3406.5	3
3407.5	4
3408.5	4
3409.5	8
3410.5	4
3411.5	2
3412.5	3
3413.5	2
3414.5	4
3415.5	2
3416.5	7
3417.5	4
3418.5	7
3419.5	5
3420.5	6
3421.5	4
3422.5	8
3423.5	11
3424.5	9
3425.5	5
3426.5	2
3427.5	5
3428.5	3
3429.5	3
3430.5	3
3431.5	6
3432.5	3
3433.5	6
3434.5	9
3435.5	2
3436.5	9
3437.5	6
3438.5	2
3439.5	8
3440.5	6
3441.5	13
3442.5	8
3443.5	9
3444.5	7
3445.5	11
3446.5	11
3447.5	5
3448.5	11
3449.5	7
3450.5	5
3451.5	8
3452.5	6
3453.5	9
3454.5	13
3455.5	7
3456.5	5
3457.5	9
3458.5	3
3459.5	12
3460.5	19
3461.5	12
3462.5	12
3463.5	11
3464.5	9
3465.5	14
3466.5	13
3467.5	14
3468.5	20
3469.5	25
3470.5	12
3471.5	16
3472.5	9
3473.5	17
3474.5	24
3475.5	29
3476.5	21
3477.5	11
3478.5	19
3479.5	10
3480.5	21
3481.5	20
3482.5	14
3483.5	19
3484.5	12
3485.5	18
3486.5	21
3487.5	25
3488.5	23
3489.5	28
3490.5	21
3491.5	27
3492.5	24
3493.5	30
3494.5	32
3495.5	24
3496.5	31
3497.5	19
3498.5	17
3499.5	29
3500.5	31
3501.5	32
3502.5	29
3503.5	29
3504.5	35
3505.5	32
3506.5	26
3507.5	24
3508.5	23
3509.5	29
3510.5	39
3511.5	32
3512.5	33
3513.5	45
3514.5	34
3515.5	30
3516.5	33
3517.5	33
3518.5	26
3519.5	36
3520.5	31
3521.5	40
3522.5	30
3523.5	37
3524.5	30
3525.5	29
3526.5	37
3527.5	24
3528.5	39
3529.5	28
3530.5	27
3531.5	30
3532.5	35
3533.5	41
3534.5	31
3535.5	27
3536.5	39
3537.5	33
3538.5	34
3539.5	38
3540.5	19
3541.5	29
3542.5	34
3543.5	37
3544.5	32
3545.5	31
3546.5	20
3547.5	26
3548.5	21
3549.5	29
3550.5	29
3551.5	22
3552.5	24
3553.5	22
3554.5	24
3555.5	22
3556.5	29
3557.5	23
3558.5	33
3559.5	24
3560.5	22
3561.5	12
3562.5	17
3563.5	20
3564.5	32
3565.5	17
3566.5	19
3567.5	24
3568.5	20
3569.5	21
3570.5	25
3571.5	16
3572.5	16
3573.5	10
3574.5	15
3575.5	19
3576.5	21
3577.5	14
3578.5	14
3579.5	13
3580.5	8
3581.5	11
3582.5	15
3583.5	9
3584.5	11
3585.5	6
3586.5	9
3587.5	10
3588.5	6
3589.5	12
3590.5	2
3591.5	6
3592.5	10
3593.5	7
3594.5	8
3595.5	9
3596.5	5
3597.5	4
3598.5	6
3599.5	7
3600.5	7
3601.5	9
3602.5	8
3603.5	4
3604.5	6
3605.5	1
3606.5	5
3607.5	4
3608.5	3
3609.5	6
3610.5	5
3611.5	2
3612.5	5
3613.5	1
3614.5	4
3615.5	7
3616.5	3
3617.5	3
3618.5	4
3619.5	3
3620.5	3
3621.5	0
3622.5	3
3623.5	4
3624.5	2
3625.5	3
3626.5	0
3627.5	4
3628.5	4
3629.5	2
3630.5	2
3631.5	0
3632.5	3
3633.5	1
3634.5	2
3635.5	2
3636.5	1
3637.5	0
3638.5	1
3639.5	2
3640.5	1
3641.5	1
3642.5	1
3643.5	0
3644.5	1
3645.5	0
3646.5	1
3647.5	0
3648.5	2
3649.5	3
3650.5	2
3651.5	1
3652.5	2
3653.5	0
3654.5	0
3655.5	0
3656.5	0
3657.5	0
3658.5	0
3659.5	0
3660.5	0
3661.5	0
3662.5	3
3663.5	0
3664.5	0
3665.5	0
3666.5	1
3667.5	0
3668.5	1
3669.5	1
3670.5	0
3671.5	1
3672.5	1
3673.5	2
3674.5	0
3675.5	0
3676.5	2
3677.5	1
3678.5	0
3679.5	0
3680.5	1
3681.5	1
3682.5	0
3683.5	0
3684.5	0
3685.5	2
3686.5	0
3687.5	1
3688.5	3
3689.5	0
3690.5	0
3691.5	0
3692.5	0
3693.5	0
3694.5	0
3695.5	1
3696.5	1
3697.5	1
3698.5	1
3699.5	0
3700.5	1
3701.5	1
3702.5	2
3703.5	1
3704.5	0
3705.5	1
3706.5	0
3707.5	0
3708.5	1
3709.5	0
3710.5	0
3711.5	2
3712.5	1
3713.5	1
3714.5	0
3715.5	1
3716.5	2
3717.5	0
3718.5	0
3719.5	0
3720.5	1
3721.5	1
3722.5	2
3723.5	1
3724.5	0
3725.5	1
3726.5	0
3727.5	1
3728.5	0
3729.5	0
3730.5	3
3731.5	0
3732.5	1
3733.5	2
3734.5	2
3735.5	0
3736.5	1
3737.5	3
3738.5	1
3739.5	0
3740.5	0
3741.5	0
3742.5	0
3743.5	2
3744.5	0
3745.5	2
3746.5	0
3747.5	0
3748.5	1
3749.5	2
3750.5	0
3751.5	1
3752.5	1
3753.5	1
3754.5	4
3755.5	1
3756.5	0
3757.5	1
3758.5	0
3759.5	0
3760.5	1
3761.5	0
3762.5	0
3763.5	1
3764.5	2
3765.5	1
3766.5	1
3767.5	1
3768.5	1
3769.5	0
3770.5	0
3771.5	0
3772.5	1
3773.5	0
3774.5	1
3775.5	0
3776.5	0
3777.5	1
3778.5	3
3779.5	1
3780.5	4
3781.5	0
3782.5	1
3783.5	1
3784.5	1
3785.5	2
3786.5	0
3787.5	1
3788.5	0
3789.5	2
3790.5	0
3791.5	1
3792.5	1
3793.5	2
3794.5	2
3795.5	1
3796.5	0
3797.5	0
3798.5	0
3799.5	0
3800.5	0
3801.5	1
3802.5	1
3803.5	1
3804.5	0
3805.5	1
3806.5	0
3807.5	0
3808.5	3
3809.5	0
3810.5	0
3811.5	1
3812.5	0
3813.5	1
3814.5	1
3815.5	1
3816.5	2
3817.5	0
3818.5	2
3819.5	0
3820.5	2
3821.5	0
3822.5	1
3823.5	0
3824.5	0
3825.5	0
3826.5	1
3827.5	1
3828.5	2
3829.5	2
3830.5	0
3831.5	0
3832.5	0
3833.5	0
3834.5	0
3835.5	3
3836.5	2
3837.5	0
3838.5	0
3839.5	0
3840.5	3
3841.5	0
3842.5	1
3843.5	1
3844.5	0
3845.5	0
3846.5	0
3847.5	0
3848.5	0
3849.5	2
3850.5	0
3851.5	0
3852.5	2
3853.5	0
3854.5	1
3855.5	0
3856.5	0
3857.5	5
3858.5	1
3859.5	1
3860.5	0
3861.5	0
3862.5	0
3863.5	2
3864.5	0
3865.5	0
3866.5	0
3867.5	2
3868.5	0
3869.5	2
3870.5	0
3871.5	1
3872.5	0
3873.5	1
3874.5	0
3875.5	0
3876.5	2
3877.5	2
3878.5	2
3879.5	2
3880.5	1
3881.5	0
3882.5	0
3883.5	1
3884.5	1
3885.5	1
3886.5	1
3887.5	0
3888.5	0
3889.5	0
3890.5	0
3891.5	0
3892.5	1
3893.5	0
3894.5	1
3895.5	1
3896.5	0
3897.5	0
3898.5	0
3899.5	1
3900.5	0
3901.5	1
3902.5	1
3903.5	0
3904.5	1
3905.5	1
3906.5	3
3907.5	0
3908.5	0
3909.5	2
3910.5	0
3911.5	0
3912.5	1
3913.5	0
3914.5	1
3915.5	1
3916.5	0
3917.5	1
3918.5	0
3919.5	2
3920.5	0
3921.5	0
3922.5	1
3923.5	0
3924.5	0
3925.5	0
3926.5	1
3927.5	0
3928.5	0
3929.5	2
3930.5	1
3931.5	1
3932.5	1
3933.5	1
3934.5	0
3935.5	1
3936.5	0
3937.5	0
3938.5	1
3939.5	0
3940.5	1
3941.5	1
3942.5	0
3943.5	0
3944.5	1
3945.5	1
3946.5	0
3947.5	4
3948.5	0
3949.5	0
3950.5	0
3951.5	0
3952.5	2
3953.5	0
3954.5	0
3955.5	0
3956.5	0
3957.5	1
3958.5	0
3959.5	0
3960.5	1
3961.5	1
3962.5	2
3963.5	0
3964.5	0
3965.5	0
3966.5	1
3967.5	2
3968.5	1
3969.5	0
3970.5	1
3971.5	1
3972.5	0
3973.5	2
3974.5	1
3975.5	0
3976.5	1
3977.5	0
3978.5	3
3979.5	1
3980.5	0
3981.5	0
3982.5	1
3983.5	1
3984.5	0
3985.5	2
3986.5	1
3987.5	2
3988.5	2
3989.5	2
3990.5	0
3991.5	1
3992.5	0
3993.5	2
3994.5	0
3995.5	1
3996.5	0
3997.5	1
3998.5	2
3999.5	1
4000.5	0
4001.5	4
4002.5	1
4003.5	0
4004.5	2
4005.5	2
4006.5	0
4007.5	1
4008.5	1
4009.5	1
4010.5	2
4011.5	0
4012.5	0
4013.5	1
4014.5	3
4015.5	0
4016.5	0
4017.5	0
4018.5	0
4019.5	0
4020.5	2
4021.5	0
4022.5	1
4023.5	0
4024.5	2
4025.5	0
4026.5	1
4027.5	0
4028.5	1
4029.5	1
4030.5	2
4031.5	1
4032.5	1
4033.5	2
4034.5	1
4035.5	1
4036.5	2
4037.5	1
4038.5	0
4039.5	0
4040.5	1
4041.5	0
4042.5	0
4043.5	1
4044.5	0
4045.5	1
4046.5	1
4047.5	1
4048.5	0
4049.5	0
4050.5	1
4051.5	1
4052.5	0
4053.5	1
4054.5	1
4055.5	0
4056.5	1
4057.5	4
4058.5	3
4059.5	1
4060.5	2
4061.5	0
4062.5	0
4063.5	0
4064.5	1
4065.5	0
4066.5	1
4067.5	0
4068.5	4
4069.5	1
4070.5	2
4071.5	1
4072.5	2
4073.5	1
4074.5	1
4075.5	0
4076.5	0
4077.5	2
4078.5	1
4079.5	1
4080.5	0
4081.5	1
4082.5	1
4083.5	0
4084.5	1
4085.5	1
4086.5	0
4087.5	2
4088.5	0
4089.5	0
4090.5	0
4091.5	0
4092.5	0
4093.5	1
4094.5	0
4095.5	0
