0.5	0
1.5	0
2.5	0
3.5	0
4.5	0
5.5	0
6.5	0
7.5	0
8.5	0
9.5	0
10.5	0
11.5	0
12.5	0
13.5	0
14.5	0
15.5	0
16.5	0
17.5	0
18.5	0
19.5	0
20.5	0
21.5	0
22.5	0
23.5	0
24.5	0
25.5	0
26.5	0
27.5	0
28.5	0
29.5	0
30.5	0
31.5	0
32.5	0
33.5	1
34.5	0
35.5	1
36.5	2
37.5	1
38.5	1
39.5	1
40.5	4
41.5	5
42.5	10
43.5	9
44.5	8
45.5	14
46.5	19
47.5	25
48.5	29
49.5	32
50.5	40
51.5	44
52.5	56
53.5	85
54.5	86
55.5	78
56.5	108
57.5	113
58.5	139
59.5	137
60.5	155
61.5	172
62.5	174
63.5	192
64.5	214
65.5	215
66.5	243
67.5	249
68.5	277
69.5	286
70.5	276
71.5	239
72.5	300
73.5	281
74.5	309
75.5	332
76.5	327
77.5	324
78.5	336
79.5	342
80.5	367
81.5	346
82.5	370
83.5	414
84.5	381
85.5	364
86.5	443
87.5	455
88.5	453
89.5	438
90.5	464
91.5	491
92.5	490
93.5	563
94.5	547
95.5	517
96.5	552
97.5	562
98.5	582
99.5	643
100.5	640
101.5	635
102.5	695
103.5	716
104.5	697
105.5	723
106.5	778
107.5	802
108.5	770
109.5	784
110.5	837
111.5	821
112.5	845
113.5	888
114.5	855
115.5	885
116.5	930
117.5	939
118.5	952
119.5	1006
120.5	1010
121.5	1006
122.5	1058
123.5	1063
124.5	1053
125.5	1091
126.5	1107
127.5	1091
128.5	1114
129.5	1175
130.5	1127
131.5	1099
132.5	1178
133.5	1192
134.5	1199
135.5	1252
136.5	1259
137.5	1261
138.5	1278
139.5	1226
140.5	1259
141.5	1217
142.5	1275
143.5	1207
144.5	1214
145.5	1216
146.5	1295
147.5	1213
148.5	1279
149.5	1242
150.5	1214
151.5	1239
152.5	1285
153.5	1286
154.5	1287
155.5	1293
156.5	1288
157.5	1185
158.5	1269
159.5	1253
160.5	1233
161.5	1296
162.5	1282
163.5	1272
164.5	1225
165.5	1277
166.5	1269
167.5	1276
168.5	1250
169.5	1213
170.5	1243
171.5	1254
172.5	1291
173.5	1218
174.5	1187
175.5	1167
176.5	1240
177.5	1251
178.5	1256
179.5	1155
180.5	1161
181.5	1245
182.5	1163
183.5	1151
184.5	1157
185.5	1221
186.5	1188
187.5	1169
188.5	1166
189.5	1148
190.5	1164
191.5	1120
192.5	1093
193.5	1102
194.5	1126
195.5	1137
196.5	1095
197.5	1104
198.5	1116
199.5	1050
200.5	1105
201.5	1159
202.5	1107
203.5	1082
204.5	1120
205.5	1078
206.5	1098
207.5	1088
208.5	1067
209.5	1066
210.5	1059
211.5	1060
212.5	1028
213.5	993
214.5	1053
215.5	993
216.5	1000
217.5	970
218.5	1064
219.5	1037
220.5	1058
221.5	995
222.5	1006
223.5	1016
224.5	993
225.5	940
226.5	936
227.5	977
228.5	950
229.5	984
230.5	900
231.5	958
232.5	985
233.5	905
234.5	894
235.5	867
236.5	871
237.5	909
238.5	850
239.5	845
240.5	873
241.5	831
242.5	815
243.5	834
244.5	789
245.5	795
246.5	819
247.5	849
248.5	801
249.5	792
250.5	783
251.5	800
252.5	790
253.5	764
254.5	746
255.5	796
256.5	776
257.5	782
258.5	782
259.5	744
260.5	696
261.5	771
262.5	728
263.5	723
264.5	755
265.5	759
266.5	711
267.5	730
268.5	719
269.5	761
270.5	743
271.5	671
272.5	673
273.5	680
274.5	682
275.5	634
276.5	681
277.5	659
278.5	638
279.5	685
280.5	610
281.5	609
282.5	669
283.5	654
284.5	639
285.5	623
286.5	630
287.5	632
288.5	646
289.5	617
290.5	634
291.5	620
292.5	611
293.5	581
294.5	595
295.5	579
296.5	596
297.5	567
298.5	582
299.5	590
300.5	573
301.5	598
302.5	590
303.5	577
304.5	537
305.5	559
306.5	577
307.5	524
308.5	523
309.5	548
310.5	545
311.5	470
312.5	521
313.5	486
314.5	529
315.5	516
316.5	524
317.5	490
318.5	487
319.5	531
320.5	492
321.5	527
322.5	471
323.5	530
324.5	521
325.5	517
326.5	433
327.5	464
328.5	495
329.5	450
330.5	478
331.5	479
332.5	451
333.5	455
334.5	428
335.5	418
336.5	470
337.5	443
338.5	503
339.5	484
340.5	473
341.5	447
342.5	460
343.5	418
344.5	449
345.5	434
346.5	451
347.5	424
348.5	420
349.5	411
350.5	394
351.5	442
352.5	441
353.5	436
354.5	464
355.5	459
356.5	441
357.5	396
358.5	427
359.5	407
360.5	405
361.5	396
362.5	398
363.5	427
364.5	442
365.5	421
366.5	436
367.5	414
368.5	434
369.5	438
370.5	432
371.5	405
372.5	408
373.5	457
374.5	392
375.5	454
376.5	408
377.5	361
378.5	366
379.5	392
380.5	379
381.5	363
382.5	361
383.5	364
384.5	376
385.5	363
386.5	348
387.5	331
388.5	339
389.5	334
390.5	308
391.5	318
392.5	333
393.5	324
394.5	289
395.5	281
396.5	313
397.5	283
398.5	278
399.5	302
400.5	290
401.5	294
402.5	304
403.5	269
404.5	267
405.5	307
406.5	258
407.5	287
408.5	273
409.5	255
410.5	262
411.5	264
412.5	238
413.5	285
414.5	282
415.5	261
416.5	263
417.5	267
418.5	261
419.5	241
420.5	245
421.5	227
422.5	252
423.5	222
424.5	225
425.5	260
426.5	235
427.5	259
428.5	262
429.5	233
430.5	240
431.5	207
432.5	219
433.5	242
434.5	235
435.5	220
436.5	231
437.5	235
438.5	216
439.5	237
440.5	246
441.5	227
442.5	222
443.5	204
444.5	227
445.5	216
446.5	222
447.5	208
448.5	210
449.5	206
450.5	215
451.5	218
452.5	237
453.5	213
454.5	229
455.5	220
456.5	191
457.5	199
458.5	208
459.5	201
460.5	211
461.5	190
462.5	181
463.5	191
464.5	199
465.5	186
466.5	191
467.5	182
468.5	189
469.5	169
470.5	178
471.5	180
472.5	179
473.5	192
474.5	163
475.5	179
476.5	207
477.5	183
478.5	164
479.5	178
480.5	180
481.5	169
482.5	173
483.5	161
484.5	179
485.5	159
486.5	169
487.5	151
488.5	157
489.5	163
490.5	170
491.5	168
492.5	171
493.5	197
494.5	162
495.5	166
496.5	167
497.5	165
498.5	160
499.5	161
500.5	159
501.5	188
502.5	160
503.5	128
504.5	166
505.5	169
506.5	148
507.5	159
508.5	162
509.5	168
510.5	172
511.5	169
512.5	152
513.5	160
514.5	139
515.5	168
516.5	146
517.5	166
518.5	162
519.5	163
520.5	161
521.5	153
522.5	152
523.5	148
524.5	155
525.5	160
526.5	134
527.5	155
528.5	167
529.5	154
530.5	152
531.5	149
532.5	135
533.5	123
534.5	167
535.5	136
536.5	152
537.5	138
538.5	139
539.5	152
540.5	130
541.5	131
542.5	137
543.5	137
544.5	126
545.5	131
546.5	139
547.5	106
548.5	119
549.5	122
550.5	127
551.5	142
552.5	129
553.5	124
554.5	108
555.5	118
556.5	98
557.5	120
558.5	135
559.5	117
560.5	108
561.5	97
562.5	109
563.5	92
564.5	109
565.5	110
566.5	105
567.5	105
568.5	103
569.5	94
570.5	105
571.5	107
572.5	108
573.5	107
574.5	100
575.5	111
576.5	107
577.5	94
578.5	83
579.5	82
580.5	84
581.5	95
582.5	106
583.5	100
584.5	85
585.5	100
586.5	88
587.5	108
588.5	93
589.5	104
590.5	78
591.5	102
592.5	109
593.5	80
594.5	82
595.5	90
596.5	91
597.5	92
598.5	104
599.5	102
600.5	79
601.5	97
602.5	92
603.5	91
604.5	93
605.5	83
606.5	90
607.5	90
608.5	73
609.5	80
610.5	85
611.5	87
612.5	92
613.5	74
614.5	63
615.5	75
616.5	75
617.5	85
618.5	83
619.5	82
620.5	72
621.5	90
622.5	81
623.5	85
624.5	98
625.5	90
626.5	76
627.5	77
628.5	84
629.5	85
630.5	95
631.5	77
632.5	93
633.5	73
634.5	89
635.5	82
636.5	62
637.5	82
638.5	92
639.5	79
640.5	67
641.5	75
642.5	63
643.5	65
644.5	63
645.5	73
646.5	81
647.5	73
648.5	57
649.5	76
650.5	68
651.5	88
652.5	72
653.5	60
654.5	85
655.5	73
656.5	75
657.5	70
658.5	74
659.5	83
660.5	65
661.5	64
662.5	73
663.5	71
664.5	64
665.5	56
666.5	81
667.5	65
668.5	76
669.5	80
670.5	62
671.5	88
672.5	70
673.5	86
674.5	73
675.5	66
676.5	67
677.5	84
678.5	72
679.5	66
680.5	66
681.5	57
682.5	72
683.5	73
684.5	69
685.5	79
686.5	57
687.5	73
688.5	64
689.5	84
690.5	48
691.5	66
692.5	63
693.5	68
694.5	55
695.5	57
696.5	59
697.5	61
698.5	49
699.5	65
700.5	47
701.5	69
702.5	60
703.5	70
704.5	73
705.5	54
706.5	67
707.5	51
708.5	72
709.5	58
710.5	65
711.5	60
712.5	53
713.5	40
714.5	64
715.5	47
716.5	47
717.5	56
718.5	67
719.5	55
720.5	74
721.5	55
722.5	52
723.5	54
724.5	47
725.5	53
726.5	50
727.5	54
728.5	60
729.5	72
730.5	50
731.5	45
732.5	60
733.5	57
734.5	54
735.5	58
736.5	52
737.5	49
738.5	61
739.5	62
740.5	58
741.5	58
742.5	64
743.5	63
744.5	47
745.5	55
746.5	57
747.5	67
748.5	54
749.5	57
750.5	53
751.5	63
752.5	62
753.5	56
754.5	58
755.5	47
756.5	57
757.5	65
758.5	52
759.5	56
760.5	60
761.5	61
762.5	58
763.5	50
764.5	60
765.5	51
766.5	45
767.5	64
768.5	61
769.5	49
770.5	40
771.5	48
772.5	48
773.5	45
774.5	54
775.5	56
776.5	50
777.5	53
778.5	40
779.5	50
780.5	44
781.5	54
782.5	48
783.5	53
784.5	51
785.5	59
786.5	50
787.5	48
788.5	42
789.5	43
790.5	52
791.5	50
792.5	48
793.5	61
794.5	44
795.5	42
796.5	40
797.5	48
798.5	30
799.5	50
800.5	43
801.5	40
802.5	48
803.5	44
804.5	55
805.5	53
806.5	47
807.5	58
808.5	39
809.5	41
810.5	44
811.5	40
812.5	49
813.5	64
814.5	39
815.5	33
816.5	44
817.5	52
818.5	45
819.5	42
820.5	55
821.5	48
822.5	43
823.5	46
824.5	45
825.5	44
826.5	46
827.5	43
828.5	52
829.5	30
830.5	61
831.5	45
832.5	52
833.5	44
834.5	51
835.5	45
836.5	52
837.5	48
838.5	47
839.5	53
840.5	51
841.5	47
842.5	40
843.5	63
844.5	45
845.5	65
846.5	55
847.5	44
848.5	54
849.5	52
850.5	43
851.5	52
852.5	49
853.5	62
854.5	41
855.5	51
856.5	63
857.5	57
858.5	45
859.5	44
860.5	50
861.5	53
862.5	47
863.5	60
864.5	57
865.5	63
866.5	59
867.5	52
868.5	50
869.5	49
870.5	54
871.5	55
872.5	57
873.5	62
874.5	45
875.5	66
876.5	50
877.5	56
878.5	62
879.5	53
880.5	58
881.5	60
882.5	49
883.5	52
884.5	56
885.5	37
886.5	53
887.5	57
888.5	62
889.5	57
890.5	57
891.5	55
892.5	51
893.5	51
894.5	51
895.5	53
896.5	53
897.5	54
898.5	50
899.5	45
900.5	60
901.5	53
902.5	40
903.5	38
904.5	44
905.5	58
906.5	34
907.5	52
908.5	45
909.5	41
910.5	41
911.5	45
912.5	49
913.5	45
914.5	40
915.5	43
916.5	41
917.5	40
918.5	42
919.5	30
920.5	37
921.5	31
922.5	36
923.5	37
924.5	39
925.5	28
926.5	43
927.5	17
928.5	33
929.5	37
930.5	44
931.5	36
932.5	33
933.5	37
934.5	33
935.5	33
936.5	33
937.5	33
938.5	36
939.5	26
940.5	39
941.5	32
942.5	37
943.5	42
944.5	31
945.5	43
946.5	31
947.5	31
948.5	30
949.5	31
950.5	27
951.5	36
952.5	34
953.5	24
954.5	33
955.5	31
956.5	35
957.5	34
958.5	30
959.5	30
960.5	28
961.5	36
962.5	31
963.5	27
964.5	33
965.5	30
966.5	29
967.5	34
968.5	28
969.5	28
970.5	33
971.5	27
972.5	23
973.5	25
974.5	24
975.5	28
976.5	37
977.5	29
978.5	35
979.5	23
980.5	27
981.5	21
982.5	24
983.5	33
984.5	31
985.5	27
986.5	25
987.5	25
988.5	31
989.5	29
990.5	27
991.5	18
992.5	21
993.5	20
994.5	30
995.5	44
996.5	27
997.5	33
998.5	35
999.5	26
1000.5	23
1001.5	30
1002.5	38
1003.5	34
1004.5	29
1005.5	26
1006.5	36
1007.5	26
1008.5	27
1009.5	27
1010.5	24
1011.5	35
1012.5	25
1013.5	26
1014.5	17
1015.5	30
1016.5	19
1017.5	26
1018.5	26
1019.5	21
1020.5	27
1021.5	34
1022.5	19
1023.5	25
1024.5	31
1025.5	23
1026.5	25
1027.5	30
1028.5	13
1029.5	33
1030.5	29
1031.5	31
1032.5	29
1033.5	20
1034.5	26
1035.5	24
1036.5	25
1037.5	33
1038.5	21
1039.5	23
1040.5	23
1041.5	26
1042.5	22
1043.5	25
1044.5	20
1045.5	32
1046.5	28
1047.5	33
1048.5	28
1049.5	30
1050.5	30
1051.5	38
1052.5	27
1053.5	28
1054.5	24
1055.5	27
1056.5	19
1057.5	40
1058.5	32
1059.5	27
1060.5	25
1061.5	28
1062.5	14
1063.5	19
1064.5	21
1065.5	27
1066.5	33
1067.5	25
1068.5	24
1069.5	21
1070.5	26
1071.5	26
1072.5	28
1073.5	23
1074.5	31
1075.5	31
1076.5	30
1077.5	33
1078.5	24
1079.5	22
1080.5	24
1081.5	23
1082.5	22
1083.5	21
1084.5	22
1085.5	21
1086.5	24
1087.5	20
1088.5	27
1089.5	22
1090.5	27
1091.5	18
1092.5	23
1093.5	26
1094.5	21
1095.5	16
1096.5	32
1097.5	27
1098.5	27
1099.5	26
1100.5	20
1101.5	17
1102.5	28
1103.5	21
1104.5	26
1105.5	29
1106.5	25
1107.5	23
1108.5	23
1109.5	21
1110.5	26
1111.5	22
1112.5	27
1113.5	24
1114.5	16
1115.5	23
1116.5	20
1117.5	26
1118.5	21
1119.5	11
1120.5	24
1121.5	20
1122.5	34
1123.5	22
1124.5	27
1125.5	28
1126.5	31
1127.5	21
1128.5	18
1129.5	27
1130.5	17
1131.5	27
1132.5	9
1133.5	24
1134.5	22
1135.5	20
1136.5	28
1137.5	25
1138.5	21
1139.5	25
1140.5	24
1141.5	27
1142.5	31
1143.5	21
1144.5	25
1145.5	9
1146.5	30
1147.5	24
1148.5	19
1149.5	22
1150.5	25
1151.5	25
1152.5	19
1153.5	16
1154.5	19
1155.5	21
1156.5	23
1157.5	18
1158.5	24
1159.5	18
1160.5	25
1161.5	37
1162.5	17
1163.5	17
1164.5	23
1165.5	15
1166.5	24
1167.5	30
1168.5	18
1169.5	18
1170.5	22
1171.5	24
1172.5	24
1173.5	20
1174.5	25
1175.5	23
1176.5	19
1177.5	18
1178.5	29
1179.5	12
1180.5	18
1181.5	16
1182.5	32
1183.5	17
1184.5	17
1185.5	20
1186.5	12
1187.5	23
1188.5	18
1189.5	21
1190.5	15
1191.5	18
1192.5	13
1193.5	13
1194.5	21
1195.5	25
1196.5	18
1197.5	23
1198.5	19
1199.5	18
1200.5	22
1201.5	31
1202.5	26
1203.5	22
1204.5	22
1205.5	19
1206.5	24
1207.5	25
1208.5	30
1209.5	17
1210.5	18
1211.5	23
1212.5	9
1213.5	25
1214.5	19
1215.5	13
1216.5	19
1217.5	23
1218.5	14
1219.5	15
1220.5	19
1221.5	24
1222.5	14
1223.5	24
1224.5	21
1225.5	10
1226.5	24
1227.5	16
1228.5	25
1229.5	17
1230.5	22
1231.5	10
1232.5	20
1233.5	19
1234.5	22
1235.5	21
1236.5	24
1237.5	12
1238.5	18
1239.5	19
1240.5	31
1241.5	17
1242.5	15
1243.5	13
1244.5	22
1245.5	18
1246.5	16
1247.5	19
1248.5	18
1249.5	17
1250.5	14
1251.5	20
1252.5	15
1253.5	14
1254.5	12
1255.5	17
1256.5	13
1257.5	13
1258.5	22
1259.5	19
1260.5	27
1261.5	17
1262.5	24
1263.5	20
1264.5	11
1265.5	14
1266.5	19
1267.5	10
1268.5	17
1269.5	20
1270.5	17
1271.5	26
1272.5	17
1273.5	23
1274.5	19
1275.5	18
1276.5	21
1277.5	15
1278.5	14
1279.5	17
1280.5	18
1281.5	26
1282.5	21
1283.5	14
1284.5	21
1285.5	22
1286.5	16
1287.5	14
1288.5	16
1289.5	12
1290.5	16
1291.5	13
1292.5	16
1293.5	21
1294.5	26
1295.5	20
1296.5	20
1297.5	24
1298.5	22
1299.5	29
1300.5	17
1301.5	27
1302.5	25
1303.5	21
1304.5	19
1305.5	10
1306.5	36
1307.5	20
1308.5	26
1309.5	16
1310.5	18
1311.5	16
1312.5	21
1313.5	20
1314.5	13
1315.5	19
1316.5	25
1317.5	19
1318.5	15
1319.5	21
1320.5	17
1321.5	16
1322.5	21
1323.5	18
1324.5	20
1325.5	29
1326.5	20
1327.5	22
1328.5	23
1329.5	25
1330.5	19
1331.5	20
1332.5	21
1333.5	20
1334.5	24
1335.5	25
1336.5	22
1337.5	26
1338.5	21
1339.5	21
1340.5	15
1341.5	21
1342.5	18
1343.5	13
1344.5	20
1345.5	24
1346.5	23
1347.5	18
1348.5	18
1349.5	16
1350.5	21
1351.5	16
1352.5	17
1353.5	18
1354.5	23
1355.5	21
1356.5	20
1357.5	25
1358.5	22
1359.5	25
1360.5	13
1361.5	22
1362.5	13
1363.5	18
1364.5	15
1365.5	16
1366.5	20
1367.5	13
1368.5	18
1369.5	16
1370.5	17
1371.5	18
1372.5	20
1373.5	21
1374.5	16
1375.5	18
1376.5	13
1377.5	17
1378.5	17
1379.5	12
1380.5	17
1381.5	25
1382.5	15
1383.5	17
1384.5	16
1385.5	17
1386.5	22
1387.5	21
1388.5	22
1389.5	20
1390.5	16
1391.5	16
1392.5	19
1393.5	20
1394.5	16
1395.5	15
1396.5	18
1397.5	11
1398.5	21
1399.5	26
1400.5	17
1401.5	12
1402.5	12
1403.5	17
1404.5	20
1405.5	9
1406.5	20
1407.5	19
1408.5	19
1409.5	9
1410.5	18
1411.5	22
1412.5	17
1413.5	13
1414.5	17
1415.5	12
1416.5	14
1417.5	15
1418.5	11
1419.5	19
1420.5	21
1421.5	22
1422.5	12
1423.5	12
1424.5	23
1425.5	19
1426.5	17
1427.5	19
1428.5	11
1429.5	14
1430.5	13
1431.5	11
1432.5	19
1433.5	20
1434.5	15
1435.5	13
1436.5	17
1437.5	14
1438.5	16
1439.5	13
1440.5	12
1441.5	15
1442.5	10
1443.5	14
1444.5	20
1445.5	13
1446.5	14
1447.5	14
1448.5	17
1449.5	17
1450.5	18
1451.5	13
1452.5	21
1453.5	8
1454.5	8
1455.5	20
1456.5	21
1457.5	20
1458.5	13
1459.5	15
1460.5	20
1461.5	7
1462.5	9
1463.5	12
1464.5	12
1465.5	17
1466.5	15
1467.5	12
1468.5	9
1469.5	8
1470.5	16
1471.5	12
1472.5	13
1473.5	11
1474.5	16
1475.5	10
1476.5	12
1477.5	15
1478.5	14
1479.5	12
1480.5	12
1481.5	12
1482.5	15
1483.5	14
1484.5	8
1485.5	15
1486.5	13
1487.5	12
1488.5	9
1489.5	12
1490.5	9
1491.5	9
1492.5	7
1493.5	15
1494.5	10
1495.5	17
1496.5	14
1497.5	12
1498.5	13
1499.5	9
1500.5	9
1501.5	11
1502.5	13
1503.5	6
1504.5	16
1505.5	13
1506.5	9
1507.5	18
1508.5	14
1509.5	9
1510.5	11
1511.5	7
1512.5	15
1513.5	16
1514.5	17
1515.5	8
1516.5	14
1517.5	12
1518.5	14
1519.5	7
1520.5	17
1521.5	11
1522.5	17
1523.5	13
1524.5	14
1525.5	7
1526.5	15
1527.5	13
1528.5	16
1529.5	9
1530.5	12
1531.5	14
1532.5	8
1533.5	14
1534.5	11
1535.5	16
1536.5	18
1537.5	15
1538.5	11
1539.5	12
1540.5	20
1541.5	14
1542.5	7
1543.5	16
1544.5	19
1545.5	6
1546.5	13
1547.5	13
1548.5	14
1549.5	16
1550.5	15
1551.5	15
1552.5	15
1553.5	17
1554.5	16
1555.5	16
1556.5	12
1557.5	10
1558.5	8
1559.5	16
1560.5	17
1561.5	9
1562.5	14
1563.5	14
1564.5	11
1565.5	13
1566.5	12
1567.5	13
1568.5	15
1569.5	12
1570.5	11
1571.5	14
1572.5	14
1573.5	17
1574.5	14
1575.5	18
1576.5	13
1577.5	13
1578.5	14
1579.5	15
1580.5	6
1581.5	22
1582.5	14
1583.5	18
1584.5	9
1585.5	18
1586.5	19
1587.5	18
1588.5	12
1589.5	14
1590.5	10
1591.5	18
1592.5	7
1593.5	22
1594.5	18
1595.5	9
1596.5	10
1597.5	15
1598.5	18
1599.5	12
1600.5	16
1601.5	13
1602.5	15
1603.5	13
1604.5	21
1605.5	19
1606.5	13
1607.5	19
1608.5	15
1609.5	8
1610.5	24
1611.5	14
1612.5	12
1613.5	12
1614.5	15
1615.5	6
1616.5	14
1617.5	18
1618.5	13
1619.5	21
1620.5	11
1621.5	7
1622.5	19
1623.5	19
1624.5	12
1625.5	11
1626.5	14
1627.5	15
1628.5	18
1629.5	16
1630.5	13
1631.5	15
1632.5	6
1633.5	16
1634.5	9
1635.5	7
1636.5	6
1637.5	14
1638.5	12
1639.5	14
1640.5	9
1641.5	19
1642.5	14
1643.5	13
1644.5	6
1645.5	21
1646.5	15
1647.5	14
1648.5	12
1649.5	14
1650.5	14
1651.5	7
1652.5	19
1653.5	16
1654.5	12
1655.5	8
1656.5	13
1657.5	11
1658.5	9
1659.5	12
1660.5	13
1661.5	12
1662.5	13
1663.5	12
1664.5	20
1665.5	11
1666.5	13
1667.5	12
1668.5	10
1669.5	11
1670.5	12
1671.5	20
1672.5	14
1673.5	20
1674.5	7
1675.5	16
1676.5	17
1677.5	11
1678.5	14
1679.5	19
1680.5	11
1681.5	11
1682.5	9
1683.5	21
1684.5	11
1685.5	9
1686.5	8
1687.5	9
1688.5	15
1689.5	13
1690.5	16
1691.5	14
1692.5	10
1693.5	15
1694.5	16
1695.5	9
1696.5	18
1697.5	13
1698.5	11
1699.5	14
1700.5	7
1701.5	7
1702.5	9
1703.5	11
1704.5	10
1705.5	11
1706.5	11
1707.5	17
1708.5	9
1709.5	14
1710.5	8
1711.5	14
1712.5	10
1713.5	9
1714.5	11
1715.5	7
1716.5	9
1717.5	13
1718.5	11
1719.5	13
1720.5	14
1721.5	7
1722.5	10
1723.5	12
1724.5	15
1725.5	8
1726.5	15
1727.5	7
1728.5	9
1729.5	17
1730.5	13
1731.5	7
1732.5	13
1733.5	9
1734.5	15
1735.5	12
1736.5	12
1737.5	15
1738.5	10
1739.5	14
1740.5	17
1741.5	8
1742.5	11
1743.5	10
1744.5	4
1745.5	11
1746.5	11
1747.5	10
1748.5	9
1749.5	8
1750.5	14
1751.5	7
1752.5	6
1753.5	7
1754.5	5
1755.5	14
1756.5	9
1757.5	15
1758.5	13
1759.5	10
1760.5	7
1761.5	5
1762.5	7
1763.5	5
1764.5	10
1765.5	4
1766.5	11
1767.5	7
1768.5	11
1769.5	6
1770.5	6
1771.5	10
1772.5	4
1773.5	5
1774.5	13
1775.5	7
1776.5	7
1777.5	11
1778.5	9
1779.5	4
1780.5	10
1781.5	13
1782.5	7
1783.5	9
1784.5	8
1785.5	9
1786.5	5
1787.5	12
1788.5	6
1789.5	17
1790.5	9
1791.5	3
1792.5	13
1793.5	6
1794.5	6
1795.5	2
1796.5	3
1797.5	3
1798.5	8
1799.5	6
1800.5	3
1801.5	2
1802.5	7
1803.5	6
1804.5	7
1805.5	6
1806.5	9
1807.5	10
1808.5	10
1809.5	5
1810.5	4
1811.5	14
1812.5	5
1813.5	4
1814.5	5
1815.5	8
1816.5	6
1817.5	3
1818.5	8
1819.5	2
1820.5	11
1821.5	8
1822.5	3
1823.5	5
1824.5	2
1825.5	5
1826.5	7
1827.5	12
1828.5	6
1829.5	7
1830.5	3
1831.5	5
1832.5	4
1833.5	9
1834.5	6
1835.5	3
1836.5	7
1837.5	14
1838.5	5
1839.5	6
1840.5	7
1841.5	3
1842.5	2
1843.5	4
1844.5	2
1845.5	8
1846.5	4
1847.5	4
1848.5	7
1849.5	10
1850.5	6
1851.5	2
1852.5	6
1853.5	8
1854.5	2
1855.5	9
1856.5	6
1857.5	8
1858.5	3
1859.5	4
1860.5	7
1861.5	7
1862.5	4
1863.5	5
1864.5	4
1865.5	8
1866.5	3
1867.5	4
1868.5	7
1869.5	5
1870.5	6
1871.5	5
1872.5	5
1873.5	7
1874.5	0
1875.5	4
1876.5	11
1877.5	4
1878.5	10
1879.5	5
1880.5	8
1881.5	1
1882.5	8
1883.5	3
1884.5	10
1885.5	8
1886.5	3
1887.5	1
1888.5	7
1889.5	2
1890.5	5
1891.5	5
1892.5	2
1893.5	6
1894.5	6
1895.5	2
1896.5	6
1897.5	4
1898.5	4
1899.5	7
1900.5	5
1901.5	1
1902.5	6
1903.5	5
1904.5	11
1905.5	7
1906.5	3
1907.5	5
1908.5	5
1909.5	6
1910.5	7
1911.5	5
1912.5	3
1913.5	2
1914.5	3
1915.5	6
1916.5	5
1917.5	6
1918.5	9
1919.5	4
1920.5	5
1921.5	8
1922.5	3
1923.5	7
1924.5	2
1925.5	3
1926.5	3
1927.5	3
1928.5	3
1929.5	5
1930.5	3
1931.5	3
1932.5	2
1933.5	7
1934.5	4
1935.5	3
1936.5	4
1937.5	3
1938.5	4
1939.5	4
1940.5	4
1941.5	7
1942.5	5
1943.5	4
1944.5	8
1945.5	9
1946.5	6
1947.5	6
1948.5	4
1949.5	6
1950.5	1
1951.5	5
1952.5	8
1953.5	7
1954.5	8
1955.5	5
1956.5	4
1957.5	2
1958.5	4
1959.5	6
1960.5	9
1961.5	1
1962.5	3
1963.5	12
1964.5	5
1965.5	2
1966.5	4
1967.5	5
1968.5	6
1969.5	7
1970.5	10
1971.5	9
1972.5	7
1973.5	7
1974.5	5
1975.5	10
1976.5	6
1977.5	4
1978.5	10
1979.5	7
1980.5	16
1981.5	4
1982.5	8
1983.5	7
1984.5	5
1985.5	15
1986.5	10
1987.5	10
1988.5	5
1989.5	3
1990.5	9
1991.5	2
1992.5	6
1993.5	10
1994.5	6
1995.5	5
1996.5	3
1997.5	4
1998.5	8
1999.5	9
2000.5	6
2001.5	10
2002.5	8
2003.5	9
2004.5	7
2005.5	3
2006.5	8
2007.5	7
2008.5	17
2009.5	11
2010.5	14
2011.5	15
2012.5	13
2013.5	12
2014.5	7
2015.5	17
2016.5	13
2017.5	13
2018.5	10
2019.5	13
2020.5	15
2021.5	11
2022.5	12
2023.5	11
2024.5	18
2025.5	13
2026.5	12
2027.5	13
2028.5	17
2029.5	17
2030.5	22
2031.5	20
2032.5	18
2033.5	16
2034.5	23
2035.5	15
2036.5	15
2037.5	18
2038.5	17
2039.5	14
2040.5	16
2041.5	22
2042.5	17
2043.5	16
2044.5	17
2045.5	16
2046.5	19
2047.5	17
2048.5	24
2049.5	20
2050.5	15
2051.5	26
2052.5	27
2053.5	31
2054.5	18
2055.5	21
2056.5	29
2057.5	28
2058.5	15
2059.5	24
2060.5	22
2061.5	36
2062.5	14
2063.5	21
2064.5	24
2065.5	25
2066.5	18
2067.5	19
2068.5	12
2069.5	24
2070.5	22
2071.5	26
2072.5	22
2073.5	27
2074.5	23
2075.5	25
2076.5	20
2077.5	18
2078.5	17
2079.5	29
2080.5	22
2081.5	16
2082.5	21
2083.5	14
2084.5	24
2085.5	15
2086.5	21
2087.5	15
2088.5	31
2089.5	17
2090.5	13
2091.5	18
2092.5	21
2093.5	15
2094.5	13
2095.5	16
2096.5	17
2097.5	21
2098.5	19
2099.5	13
2100.5	19
2101.5	20
2102.5	12
2103.5	14
2104.5	9
2105.5	9
2106.5	13
2107.5	11
2108.5	18
2109.5	11
2110.5	11
2111.5	12
2112.5	17
2113.5	12
2114.5	10
2115.5	12
2116.5	13
2117.5	14
2118.5	8
2119.5	9
2120.5	7
2121.5	13
2122.5	14
2123.5	9
2124.5	6
2125.5	5
2126.5	11
2127.5	7
2128.5	9
2129.5	6
2130.5	5
2131.5	7
2132.5	9
2133.5	3
2134.5	5
2135.5	4
2136.5	7
2137.5	9
2138.5	5
2139.5	5
2140.5	8
2141.5	1
2142.5	3
2143.5	5
2144.5	5
2145.5	3
2146.5	2
2147.5	5
2148.5	4
2149.5	4
2150.5	3
2151.5	4
2152.5	5
2153.5	3
2154.5	5
2155.5	2
2156.5	1
2157.5	1
2158.5	2
2159.5	5
2160.5	3
2161.5	8
2162.5	2
2163.5	5
2164.5	3
2165.5	4
2166.5	4
2167.5	2
2168.5	3
2169.5	0
2170.5	5
2171.5	4
2172.5	2
2173.5	2
2174.5	6
2175.5	3
2176.5	4
2177.5	4
2178.5	5
2179.5	5
2180.5	5
2181.5	5
2182.5	4
2183.5	2
2184.5	4
2185.5	7
2186.5	5
2187.5	7
2188.5	3
2189.5	7
2190.5	4
2191.5	3
2192.5	4
2193.5	4
2194.5	5
2195.5	4
2196.5	1
2197.5	7
2198.5	3
2199.5	4
2200.5	2
2201.5	2
2202.5	4
2203.5	2
2204.5	3
2205.5	4
2206.5	4
2207.5	6
2208.5	4
2209.5	3
2210.5	6
2211.5	3
2212.5	6
2213.5	5
2214.5	5
2215.5	5
2216.5	3
2217.5	2
2218.5	5
2219.5	4
2220.5	5
2221.5	4
2222.5	5
2223.5	1
2224.5	3
2225.5	5
2226.5	1
2227.5	7
2228.5	3
2229.5	5
2230.5	2
2231.5	5
2232.5	7
2233.5	2
2234.5	6
2235.5	2
2236.5	5
2237.5	1
2238.5	2
2239.5	3
2240.5	4
2241.5	7
2242.5	9
2243.5	2
2244.5	3
2245.5	2
2246.5	4
2247.5	2
2248.5	3
2249.5	4
2250.5	1
2251.5	3
2252.5	5
2253.5	3
2254.5	2
2255.5	1
2256.5	6
2257.5	3
2258.5	5
2259.5	8
2260.5	3
2261.5	3
2262.5	3
2263.5	3
2264.5	3
2265.5	4
2266.5	1
2267.5	3
2268.5	2
2269.5	1
2270.5	6
2271.5	3
2272.5	4
2273.5	3
2274.5	5
2275.5	2
2276.5	2
2277.5	6
2278.5	0
2279.5	5
2280.5	2
2281.5	4
2282.5	2
2283.5	3
2284.5	5
2285.5	0
2286.5	1
2287.5	1
2288.5	3
2289.5	2
2290.5	6
2291.5	4
2292.5	1
2293.5	1
2294.5	2
2295.5	4
2296.5	1
2297.5	1
2298.5	2
2299.5	1
2300.5	1
2301.5	1
2302.5	2
2303.5	3
2304.5	4
2305.5	2
2306.5	0
2307.5	2
2308.5	0
2309.5	2
2310.5	3
2311.5	2
2312.5	2
2313.5	2
2314.5	1
2315.5	0
2316.5	1
2317.5	2
2318.5	2
2319.5	3
2320.5	2
2321.5	6
2322.5	1
2323.5	2
2324.5	1
2325.5	5
2326.5	1
2327.5	4
2328.5	0
2329.5	5
2330.5	1
2331.5	3
2332.5	3
2333.5	2
2334.5	1
2335.5	1
2336.5	1
2337.5	0
2338.5	3
2339.5	3
2340.5	3
2341.5	2
2342.5	1
2343.5	1
2344.5	5
2345.5	2
2346.5	2
2347.5	2
2348.5	2
2349.5	1
2350.5	2
2351.5	4
2352.5	2
2353.5	4
2354.5	2
2355.5	1
2356.5	6
2357.5	3
2358.5	0
2359.5	3
2360.5	5
2361.5	3
2362.5	1
2363.5	1
2364.5	0
2365.5	3
2366.5	3
2367.5	2
2368.5	1
2369.5	1
2370.5	2
2371.5	0
2372.5	2
2373.5	2
2374.5	1
2375.5	3
2376.5	0
2377.5	2
2378.5	4
2379.5	1
2380.5	2
2381.5	3
2382.5	4
2383.5	1
2384.5	4
2385.5	2
2386.5	1
2387.5	1
2388.5	4
2389.5	3
2390.5	0
2391.5	4
2392.5	0
2393.5	2
2394.5	1
2395.5	1
2396.5	2
2397.5	2
2398.5	3
2399.5	3
2400.5	1
2401.5	5
2402.5	6
2403.5	2
2404.5	5
2405.5	1
2406.5	2
2407.5	1
2408.5	5
2409.5	3
2410.5	0
2411.5	1
2412.5	2
2413.5	0
2414.5	2
2415.5	1
2416.5	1
2417.5	2
2418.5	1
2419.5	1
2420.5	2
2421.5	7
2422.5	1
2423.5	2
2424.5	6
2425.5	1
2426.5	4
2427.5	4
2428.5	2
2429.5	4
2430.5	5
2431.5	2
2432.5	3
2433.5	0
2434.5	0
2435.5	1
2436.5	5
2437.5	4
2438.5	1
2439.5	1
2440.5	1
2441.5	4
2442.5	5
2443.5	1
2444.5	6
2445.5	1
2446.5	3
2447.5	1
2448.5	1
2449.5	2
2450.5	1
2451.5	2
2452.5	3
2453.5	4
2454.5	3
2455.5	7
2456.5	3
2457.5	6
2458.5	3
2459.5	5
2460.5	1
2461.5	1
2462.5	5
2463.5	1
2464.5	9
2465.5	0
2466.5	7
2467.5	3
2468.5	1
2469.5	4
2470.5	1
2471.5	4
2472.5	3
2473.5	5
2474.5	4
2475.5	3
2476.5	9
2477.5	1
2478.5	5
2479.5	4
2480.5	3
2481.5	4
2482.5	7
2483.5	5
2484.5	2
2485.5	3
2486.5	2
2487.5	5
2488.5	3
2489.5	3
2490.5	2
2491.5	3
2492.5	1
2493.5	2
2494.5	4
2495.5	3
2496.5	4
2497.5	4
2498.5	1
2499.5	1
2500.5	0
2501.5	3
2502.5	4
2503.5	3
2504.5	1
2505.5	0
2506.5	0
2507.5	3
2508.5	5
2509.5	3
2510.5	1
2511.5	3
2512.5	3
2513.5	2
2514.5	5
2515.5	2
2516.5	3
2517.5	2
2518.5	0
2519.5	2
2520.5	3
2521.5	2
2522.5	2
2523.5	1
2524.5	2
2525.5	4
2526.5	3
2527.5	7
2528.5	3
2529.5	2
2530.5	0
2531.5	2
2532.5	0
2533.5	3
2534.5	2
2535.5	1
2536.5	0
2537.5	2
2538.5	1
2539.5	1
2540.5	2
2541.5	1
2542.5	1
2543.5	4
2544.5	3
2545.5	1
2546.5	1
2547.5	2
2548.5	0
2549.5	0
2550.5	3
2551.5	5
2552.5	1
2553.5	0
2554.5	5
2555.5	1
2556.5	1
2557.5	2
2558.5	1
2559.5	4
2560.5	2
2561.5	3
2562.5	0
2563.5	1
2564.5	1
2565.5	1
2566.5	0
2567.5	3
2568.5	3
2569.5	2
2570.5	0
2571.5	6
2572.5	2
2573.5	4
2574.5	4
2575.5	0
2576.5	1
2577.5	3
2578.5	3
2579.5	2
2580.5	3
2581.5	3
2582.5	3
2583.5	0
2584.5	2
2585.5	2
2586.5	2
2587.5	1
2588.5	2
2589.5	1
2590.5	1
2591.5	1
2592.5	2
2593.5	2
2594.5	1
2595.5	0
2596.5	3
2597.5	3
2598.5	1
2599.5	2
2600.5	2
2601.5	2
2602.5	1
2603.5	2
2604.5	1
2605.5	1
2606.5	3
2607.5	2
2608.5	0
2609.5	1
2610.5	1
2611.5	2
2612.5	4
2613.5	0
2614.5	1
2615.5	0
2616.5	1
2617.5	3
2618.5	0
2619.5	0
2620.5	0
2621.5	2
2622.5	0
2623.5	1
2624.5	1
2625.5	2
2626.5	1
2627.5	1
2628.5	3
2629.5	2
2630.5	2
2631.5	2
2632.5	0
2633.5	2
2634.5	2
2635.5	1
2636.5	2
2637.5	1
2638.5	2
2639.5	1
2640.5	2
2641.5	4
2642.5	1
2643.5	0
2644.5	4
2645.5	2
2646.5	0
2647.5	1
2648.5	0
2649.5	5
2650.5	2
2651.5	1
2652.5	3
2653.5	3
2654.5	0
2655.5	3
2656.5	2
2657.5	3
2658.5	1
2659.5	2
2660.5	1
2661.5	2
2662.5	2
2663.5	0
2664.5	2
2665.5	0
2666.5	0
2667.5	2
2668.5	0
2669.5	0
2670.5	4
2671.5	4
2672.5	4
2673.5	1
2674.5	1
2675.5	0
2676.5	1
2677.5	1
2678.5	2
2679.5	2
2680.5	1
2681.5	2
2682.5	0
2683.5	2
2684.5	1
2685.5	2
2686.5	2
2687.5	1
2688.5	1
2689.5	2
2690.5	4
2691.5	2
2692.5	3
2693.5	0
2694.5	0
2695.5	3
2696.5	1
2697.5	0
2698.5	3
2699.5	2
2700.5	3
2701.5	2
2702.5	1
2703.5	0
2704.5	1
2705.5	2
2706.5	1
2707.5	0
2708.5	0
2709.5	0
2710.5	0
2711.5	0
2712.5	1
2713.5	1
2714.5	3
2715.5	0
2716.5	1
2717.5	0
2718.5	3
2719.5	4
2720.5	4
2721.5	0
2722.5	1
2723.5	2
2724.5	1
2725.5	2
2726.5	1
2727.5	1
2728.5	2
2729.5	1
2730.5	2
2731.5	2
2732.5	1
2733.5	1
2734.5	1
2735.5	0
2736.5	0
2737.5	4
2738.5	2
2739.5	1
2740.5	2
2741.5	1
2742.5	1
2743.5	1
2744.5	1
2745.5	0
2746.5	0
2747.5	0
2748.5	0
2749.5	2
2750.5	1
2751.5	1
2752.5	1
2753.5	2
2754.5	2
2755.5	1
2756.5	1
2757.5	2
2758.5	2
2759.5	2
2760.5	1
2761.5	2
2762.5	0
2763.5	4
2764.5	2
2765.5	1
2766.5	2
2767.5	0
2768.5	0
2769.5	1
2770.5	1
2771.5	2
2772.5	3
2773.5	3
2774.5	2
2775.5	0
2776.5	2
2777.5	1
2778.5	1
2779.5	0
2780.5	2
2781.5	1
2782.5	1
2783.5	1
2784.5	0
2785.5	1
2786.5	1
2787.5	2
2788.5	0
2789.5	0
2790.5	2
2791.5	2
2792.5	2
2793.5	0
2794.5	3
2795.5	1
2796.5	1
2797.5	2
2798.5	2
2799.5	0
2800.5	1
2801.5	0
2802.5	2
2803.5	2
2804.5	2
2805.5	0
2806.5	3
2807.5	0
2808.5	1
2809.5	1
2810.5	1
2811.5	0
2812.5	3
2813.5	0
2814.5	2
2815.5	1
2816.5	1
2817.5	1
2818.5	3
2819.5	1
2820.5	3
2821.5	1
2822.5	0
2823.5	3
2824.5	0
2825.5	2
2826.5	0
2827.5	0
2828.5	1
2829.5	0
2830.5	1
2831.5	3
2832.5	2
2833.5	4
2834.5	0
2835.5	0
2836.5	1
2837.5	0
2838.5	3
2839.5	2
2840.5	1
2841.5	2
2842.5	1
2843.5	2
2844.5	3
2845.5	0
2846.5	1
2847.5	1
2848.5	1
2849.5	1
2850.5	4
2851.5	1
2852.5	1
2853.5	1
2854.5	2
2855.5	5
2856.5	1
2857.5	3
2858.5	3
2859.5	1
2860.5	4
2861.5	1
2862.5	1
2863.5	1
2864.5	1
2865.5	0
2866.5	1
2867.5	1
2868.5	4
2869.5	0
2870.5	2
2871.5	1
2872.5	4
2873.5	1
2874.5	0
2875.5	1
2876.5	0
2877.5	2
2878.5	3
2879.5	2
2880.5	2
2881.5	1
2882.5	1
2883.5	4
2884.5	2
2885.5	1
2886.5	1
2887.5	1
2888.5	2
2889.5	3
2890.5	0
2891.5	3
2892.5	2
2893.5	1
2894.5	0
2895.5	1
2896.5	2
2897.5	0
2898.5	2
2899.5	3
2900.5	4
2901.5	1
2902.5	2
2903.5	0
2904.5	1
2905.5	3
2906.5	3
2907.5	2
2908.5	3
2909.5	0
2910.5	1
2911.5	3
2912.5	1
2913.5	6
2914.5	1
2915.5	3
2916.5	3
2917.5	1
2918.5	2
2919.5	3
2920.5	0
2921.5	3
2922.5	1
2923.5	2
2924.5	3
2925.5	1
2926.5	2
2927.5	2
2928.5	3
2929.5	1
2930.5	1
2931.5	2
2932.5	1
2933.5	1
2934.5	1
2935.5	3
2936.5	4
2937.5	2
2938.5	3
2939.5	4
2940.5	3
2941.5	4
2942.5	4
2943.5	0
2944.5	1
2945.5	1
2946.5	2
2947.5	2
2948.5	1
2949.5	3
2950.5	3
2951.5	1
2952.5	1
2953.5	2
2954.5	2
2955.5	0
2956.5	1
2957.5	1
2958.5	1
2959.5	0
2960.5	4
2961.5	3
2962.5	3
2963.5	3
2964.5	3
2965.5	4
2966.5	2
2967.5	3
2968.5	1
2969.5	2
2970.5	1
2971.5	1
2972.5	1
2973.5	5
2974.5	1
2975.5	0
2976.5	1
2977.5	2
2978.5	0
2979.5	0
2980.5	3
2981.5	1
2982.5	2
2983.5	5
2984.5	2
2985.5	1
2986.5	1
2987.5	2
2988.5	1
2989.5	3
2990.5	0
2991.5	2
2992.5	2
2993.5	4
2994.5	1
2995.5	1
2996.5	1
2997.5	3
2998.5	1
2999.5	2
3000.5	2
3001.5	4
3002.5	3
3003.5	1
3004.5	4
3005.5	1
3006.5	3
3007.5	1
3008.5	2
3009.5	0
3010.5	1
3011.5	2
3012.5	2
3013.5	2
3014.5	2
3015.5	3
3016.5	3
3017.5	1
3018.5	3
3019.5	2
3020.5	4
3021.5	2
3022.5	2
3023.5	1
3024.5	2
3025.5	1
3026.5	1
3027.5	3
3028.5	1
3029.5	5
3030.5	2
3031.5	1
3032.5	0
3033.5	1
3034.5	2
3035.5	2
3036.5	0
3037.5	1
3038.5	0
3039.5	6
3040.5	0
3041.5	2
3042.5	4
3043.5	2
3044.5	1
3045.5	1
3046.5	3
3047.5	1
3048.5	3
3049.5	0
3050.5	4
3051.5	1
3052.5	1
3053.5	1
3054.5	0
3055.5	0
3056.5	4
3057.5	2
3058.5	0
3059.5	6
3060.5	1
3061.5	2
3062.5	1
3063.5	2
3064.5	0
3065.5	3
3066.5	3
3067.5	1
3068.5	0
3069.5	1
3070.5	0
3071.5	2
3072.5	0
3073.5	2
3074.5	1
3075.5	1
3076.5	2
3077.5	0
3078.5	1
3079.5	2
3080.5	0
3081.5	1
3082.5	1
3083.5	0
3084.5	2
3085.5	3
3086.5	0
3087.5	3
3088.5	1
3089.5	1
3090.5	2
3091.5	2
3092.5	1
3093.5	2
3094.5	2
3095.5	2
3096.5	1
3097.5	0
3098.5	2
3099.5	1
3100.5	0
3101.5	2
3102.5	3
3103.5	1
3104.5	3
3105.5	3
3106.5	0
3107.5	2
3108.5	0
3109.5	1
3110.5	1
3111.5	2
3112.5	1
3113.5	1
3114.5	4
3115.5	2
3116.5	3
3117.5	2
3118.5	2
3119.5	3
3120.5	2
3121.5	3
3122.5	3
3123.5	1
3124.5	0
3125.5	0
3126.5	2
3127.5	2
3128.5	1
3129.5	0
3130.5	1
3131.5	2
3132.5	2
3133.5	2
3134.5	0
3135.5	0
3136.5	1
3137.5	2
3138.5	1
3139.5	0
3140.5	1
3141.5	3
3142.5	3
3143.5	1
3144.5	2
3145.5	2
3146.5	0
3147.5	1
3148.5	1
3149.5	2
3150.5	0
3151.5	0
3152.5	0
3153.5	0
3154.5	3
3155.5	0
3156.5	0
3157.5	0
3158.5	1
3159.5	2
3160.5	1
3161.5	0
3162.5	1
3163.5	2
3164.5	2
3165.5	0
3166.5	3
3167.5	6
3168.5	1
3169.5	2
3170.5	0
3171.5	1
3172.5	1
3173.5	0
3174.5	1
3175.5	0
3176.5	0
3177.5	2
3178.5	1
3179.5	0
3180.5	2
3181.5	2
3182.5	1
3183.5	0
3184.5	0
3185.5	0
3186.5	2
3187.5	0
3188.5	3
3189.5	1
3190.5	1
3191.5	2
3192.5	3
3193.5	3
3194.5	2
3195.5	2
3196.5	1
3197.5	1
3198.5	2
3199.5	0
3200.5	0
3201.5	0
3202.5	0
3203.5	1
3204.5	0
3205.5	1
3206.5	0
3207.5	0
3208.5	1
3209.5	6
3210.5	2
3211.5	2
3212.5	2
3213.5	0
3214.5	1
3215.5	2
3216.5	1
3217.5	0
3218.5	0
3219.5	0
3220.5	2
3221.5	0
3222.5	0
3223.5	0
3224.5	1
3225.5	2
3226.5	2
3227.5	3
3228.5	0
3229.5	0
3230.5	2
3231.5	1
3232.5	0
3233.5	2
3234.5	2
3235.5	3
3236.5	3
3237.5	2
3238.5	1
3239.5	0
3240.5	1
3241.5	0
3242.5	1
3243.5	2
3244.5	1
3245.5	2
3246.5	1
3247.5	2
3248.5	1
3249.5	0
3250.5	1
3251.5	1
3252.5	1
3253.5	1
3254.5	0
3255.5	0
3256.5	2
3257.5	2
3258.5	0
3259.5	0
3260.5	3
3261.5	1
3262.5	0
3263.5	1
3264.5	1
3265.5	0
3266.5	2
3267.5	0
3268.5	0
3269.5	0
3270.5	0
3271.5	1
3272.5	0
3273.5	0
3274.5	1
3275.5	0
3276.5	2
3277.5	3
3278.5	1
3279.5	1
3280.5	0
3281.5	1
3282.5	0
3283.5	0
3284.5	0
3285.5	1
3286.5	2
3287.5	1
3288.5	0
3289.5	0
3290.5	1
3291.5	0
3292.5	0
3293.5	0
3294.5	0
3295.5	2
3296.5	0
3297.5	0
3298.5	3
3299.5	1
3300.5	0
3301.5	0
3302.5	1
3303.5	1
3304.5	2
3305.5	1
3306.5	1
3307.5	0
3308.5	0
3309.5	1
3310.5	1
3311.5	2
3312.5	1
3313.5	0
3314.5	0
3315.5	0
3316.5	0
3317.5	1
3318.5	2
3319.5	0
3320.5	1
3321.5	1
3322.5	0
3323.5	1
3324.5	2
3325.5	0
3326.5	0
3327.5	2
3328.5	0
3329.5	2
3330.5	0
3331.5	0
3332.5	2
3333.5	0
3334.5	2
3335.5	0
3336.5	0
3337.5	0
3338.5	0
3339.5	0
3340.5	0
3341.5	0
3342.5	0
3343.5	2
3344.5	0
3345.5	0
3346.5	1
3347.5	1
3348.5	0
3349.5	0
3350.5	0
3351.5	0
3352.5	0
3353.5	3
3354.5	0
3355.5	1
3356.5	1
3357.5	0
3358.5	0
3359.5	1
3360.5	1
3361.5	0
3362.5	0
3363.5	0
3364.5	0
3365.5	0
3366.5	1
3367.5	0
3368.5	0
3369.5	2
3370.5	1
3371.5	0
3372.5	0
3373.5	1
3374.5	0
3375.5	0
3376.5	4
3377.5	1
3378.5	1
3379.5	1
3380.5	0
3381.5	0
3382.5	1
3383.5	1
3384.5	0
3385.5	0
3386.5	0
3387.5	1
3388.5	0
3389.5	1
3390.5	1
3391.5	0
3392.5	0
3393.5	1
3394.5	1
3395.5	0
3396.5	0
3397.5	0
3398.5	1
3399.5	0
3400.5	0
3401.5	0
3402.5	0
3403.5	1
3404.5	0
3405.5	1
3406.5	0
3407.5	0
3408.5	2
3409.5	0
3410.5	0
3411.5	0
3412.5	0
3413.5	0
3414.5	0
3415.5	3
3416.5	1
3417.5	0
3418.5	0
3419.5	2
3420.5	1
3421.5	1
3422.5	0
3423.5	0
3424.5	0
3425.5	0
3426.5	0
3427.5	0
3428.5	0
3429.5	1
3430.5	1
3431.5	1
3432.5	0
3433.5	0
3434.5	0
3435.5	0
3436.5	0
3437.5	0
3438.5	0
3439.5	0
3440.5	0
3441.5	1
3442.5	1
3443.5	0
3444.5	0
3445.5	0
3446.5	0
3447.5	1
3448.5	1
3449.5	0
3450.5	1
3451.5	0
3452.5	0
3453.5	1
3454.5	0
3455.5	1
3456.5	1
3457.5	0
3458.5	0
3459.5	0
3460.5	2
3461.5	0
3462.5	1
3463.5	0
3464.5	0
3465.5	1
3466.5	0
3467.5	1
3468.5	0
3469.5	0
3470.5	1
3471.5	0
3472.5	0
3473.5	0
3474.5	0
3475.5	1
3476.5	1
3477.5	4
3478.5	0
3479.5	0
3480.5	0
3481.5	0
3482.5	1
3483.5	0
3484.5	1
3485.5	0
3486.5	1
3487.5	0
3488.5	0
3489.5	1
3490.5	1
3491.5	2
3492.5	0
3493.5	1
3494.5	1
3495.5	2
3496.5	1
3497.5	1
3498.5	1
3499.5	2
3500.5	3
3501.5	0
3502.5	0
3503.5	2
3504.5	0
3505.5	2
3506.5	4
3507.5	2
3508.5	1
3509.5	0
3510.5	0
3511.5	1
3512.5	3
3513.5	1
3514.5	1
3515.5	0
3516.5	2
3517.5	2
3518.5	2
3519.5	2
3520.5	1
3521.5	3
3522.5	0
3523.5	0
3524.5	3
3525.5	3
3526.5	4
3527.5	1
3528.5	4
3529.5	2
3530.5	6
3531.5	1
3532.5	2
3533.5	2
3534.5	3
3535.5	2
3536.5	4
3537.5	1
3538.5	2
3539.5	4
3540.5	5
3541.5	1
3542.5	2
3543.5	2
3544.5	1
3545.5	4
3546.5	4
3547.5	1
3548.5	4
3549.5	1
3550.5	1
3551.5	5
3552.5	2
3553.5	3
3554.5	0
3555.5	0
3556.5	1
3557.5	5
3558.5	5
3559.5	1
3560.5	3
3561.5	1
3562.5	1
3563.5	1
3564.5	6
3565.5	1
3566.5	2
3567.5	1
3568.5	2
3569.5	6
3570.5	1
3571.5	0
3572.5	1
3573.5	2
3574.5	3
3575.5	2
3576.5	1
3577.5	2
3578.5	1
3579.5	3
3580.5	1
3581.5	3
3582.5	1
3583.5	1
3584.5	3
3585.5	2
3586.5	1
3587.5	3
3588.5	2
3589.5	2
3590.5	4
3591.5	0
3592.5	2
3593.5	1
3594.5	3
3595.5	1
3596.5	1
3597.5	2
3598.5	1
3599.5	1
3600.5	1
3601.5	1
3602.5	1
3603.5	1
3604.5	0
3605.5	2
3606.5	0
3607.5	1
3608.5	3
3609.5	1
3610.5	4
3611.5	1
3612.5	3
3613.5	0
3614.5	1
3615.5	1
3616.5	0
3617.5	1
3618.5	0
3619.5	1
3620.5	0
3621.5	0
3622.5	0
3623.5	2
3624.5	1
3625.5	0
3626.5	0
3627.5	0
3628.5	0
3629.5	0
3630.5	1
3631.5	0
3632.5	0
3633.5	0
3634.5	1
3635.5	1
3636.5	0
3637.5	1
3638.5	0
3639.5	0
3640.5	1
3641.5	0
3642.5	1
3643.5	0
3644.5	0
3645.5	0
3646.5	0
3647.5	0
3648.5	2
3649.5	0
3650.5	0
3651.5	0
3652.5	0
3653.5	0
3654.5	0
3655.5	0
3656.5	0
3657.5	0
3658.5	0
3659.5	0
3660.5	0
3661.5	0
3662.5	0
3663.5	0
3664.5	0
3665.5	0
3666.5	0
3667.5	0
3668.5	0
3669.5	0
3670.5	0
3671.5	0
3672.5	0
3673.5	0
3674.5	0
3675.5	0
3676.5	0
3677.5	1
3678.5	0
3679.5	0
3680.5	0
3681.5	0
3682.5	0
3683.5	0
3684.5	0
3685.5	0
3686.5	0
3687.5	1
3688.5	1
3689.5	1
3690.5	0
3691.5	0
3692.5	0
3693.5	0
3694.5	0
3695.5	0
3696.5	0
3697.5	0
3698.5	0
3699.5	0
3700.5	0
3701.5	0
3702.5	0
3703.5	1
3704.5	0
3705.5	0
3706.5	0
3707.5	0
3708.5	0
3709.5	0
3710.5	0
3711.5	0
3712.5	0
3713.5	0
3714.5	0
3715.5	1
3716.5	0
3717.5	0
3718.5	0
3719.5	0
3720.5	0
3721.5	0
3722.5	0
3723.5	0
3724.5	0
3725.5	0
3726.5	0
3727.5	0
3728.5	0
3729.5	0
3730.5	0
3731.5	0
3732.5	0
3733.5	0
3734.5	0
3735.5	0
3736.5	0
3737.5	0
3738.5	0
3739.5	0
3740.5	0
3741.5	0
3742.5	0
3743.5	0
3744.5	0
3745.5	0
3746.5	0
3747.5	0
3748.5	0
3749.5	0
3750.5	0
3751.5	0
3752.5	0
3753.5	0
3754.5	0
3755.5	0
3756.5	0
3757.5	0
3758.5	1
3759.5	0
3760.5	0
3761.5	0
3762.5	0
3763.5	0
3764.5	0
3765.5	0
3766.5	0
3767.5	0
3768.5	0
3769.5	0
3770.5	0
3771.5	0
3772.5	0
3773.5	0
3774.5	0
3775.5	0
3776.5	0
3777.5	0
3778.5	0
3779.5	0
3780.5	0
3781.5	0
3782.5	0
3783.5	0
3784.5	0
3785.5	0
3786.5	0
3787.5	0
3788.5	0
3789.5	0
3790.5	0
3791.5	0
3792.5	0
3793.5	0
3794.5	0
3795.5	1
3796.5	0
3797.5	0
3798.5	0
3799.5	0
3800.5	0
3801.5	0
3802.5	0
3803.5	0
3804.5	1
3805.5	0
3806.5	0
3807.5	0
3808.5	0
3809.5	0
3810.5	0
3811.5	0
3812.5	0
3813.5	0
3814.5	0
3815.5	0
3816.5	0
3817.5	0
3818.5	0
3819.5	0
3820.5	0
3821.5	0
3822.5	0
3823.5	1
3824.5	0
3825.5	0
3826.5	0
3827.5	0
3828.5	0
3829.5	0
3830.5	0
3831.5	0
3832.5	0
3833.5	0
3834.5	0
3835.5	0
3836.5	0
3837.5	0
3838.5	0
3839.5	0
3840.5	0
3841.5	0
3842.5	0
3843.5	0
3844.5	0
3845.5	0
3846.5	0
3847.5	0
3848.5	0
3849.5	0
3850.5	0
3851.5	0
3852.5	0
3853.5	0
3854.5	0
3855.5	0
3856.5	0
3857.5	0
3858.5	0
3859.5	0
3860.5	0
3861.5	0
3862.5	0
3863.5	0
3864.5	0
3865.5	0
3866.5	0
3867.5	0
3868.5	0
3869.5	0
3870.5	1
3871.5	0
3872.5	0
3873.5	0
3874.5	0
3875.5	0
3876.5	0
3877.5	0
3878.5	0
3879.5	1
3880.5	0
3881.5	0
3882.5	0
3883.5	0
3884.5	0
3885.5	0
3886.5	0
3887.5	0
3888.5	0
3889.5	0
3890.5	0
3891.5	0
3892.5	0
3893.5	0
3894.5	0
3895.5	0
3896.5	0
3897.5	0
3898.5	0
3899.5	0
3900.5	0
3901.5	0
3902.5	0
3903.5	0
3904.5	0
3905.5	0
3906.5	1
3907.5	0
3908.5	0
3909.5	0
3910.5	1
3911.5	0
3912.5	0
3913.5	0
3914.5	1
3915.5	0
3916.5	0
3917.5	0
3918.5	0
3919.5	0
3920.5	0
3921.5	0
3922.5	0
3923.5	1
3924.5	0
3925.5	0
3926.5	0
3927.5	0
3928.5	0
3929.5	0
3930.5	0
3931.5	0
3932.5	0
3933.5	0
3934.5	0
3935.5	0
3936.5	0
3937.5	0
3938.5	0
3939.5	0
3940.5	0
3941.5	0
3942.5	1
3943.5	0
3944.5	0
3945.5	0
3946.5	0
3947.5	0
3948.5	0
3949.5	1
3950.5	0
3951.5	0
3952.5	0
3953.5	0
3954.5	0
3955.5	0
3956.5	0
3957.5	0
3958.5	0
3959.5	0
3960.5	0
3961.5	0
3962.5	0
3963.5	0
3964.5	0
3965.5	0
3966.5	0
3967.5	0
3968.5	0
3969.5	0
3970.5	0
3971.5	0
3972.5	0
3973.5	0
3974.5	0
3975.5	0
3976.5	0
3977.5	0
3978.5	0
3979.5	1
3980.5	0
3981.5	0
3982.5	0
3983.5	0
3984.5	1
3985.5	0
3986.5	0
3987.5	0
3988.5	0
3989.5	0
3990.5	0
3991.5	0
3992.5	0
3993.5	0
3994.5	0
3995.5	0
3996.5	0
3997.5	0
3998.5	0
3999.5	0
4000.5	0
4001.5	0
4002.5	0
4003.5	0
4004.5	0
4005.5	0
4006.5	0
4007.5	0
4008.5	0
4009.5	0
4010.5	0
4011.5	0
4012.5	0
4013.5	0
4014.5	0
4015.5	0
4016.5	0
4017.5	0
4018.5	0
4019.5	0
4020.5	0
4021.5	0
4022.5	1
4023.5	0
4024.5	0
4025.5	0
4026.5	0
4027.5	0
4028.5	0
4029.5	0
4030.5	0
4031.5	0
4032.5	0
4033.5	0
4034.5	0
4035.5	0
4036.5	1
4037.5	0
4038.5	0
4039.5	0
4040.5	0
4041.5	0
4042.5	0
4043.5	0
4044.5	0
4045.5	0
4046.5	1
4047.5	0
4048.5	0
4049.5	0
4050.5	0
4051.5	0
4052.5	0
4053.5	0
4054.5	0
4055.5	0
4056.5	0
4057.5	1
4058.5	0
4059.5	0
4060.5	0
4061.5	0
4062.5	0
4063.5	0
4064.5	0
4065.5	0
4066.5	0
4067.5	0
4068.5	0
4069.5	0
4070.5	0
4071.5	0
4072.5	1
4073.5	0
4074.5	0
4075.5	0
4076.5	0
4077.5	0
4078.5	0
4079.5	0
4080.5	0
4081.5	0
4082.5	0
4083.5	0
4084.5	0
4085.5	0
4086.5	0
4087.5	0
4088.5	0
4089.5	0
4090.5	0
4091.5	0
4092.5	0
4093.5	1
4094.5	0
4095.5	0
