0.5	0
1.5	0
2.5	0
3.5	0
4.5	0
5.5	0
6.5	0
7.5	0
8.5	0
9.5	0
10.5	0
11.5	0
12.5	0
13.5	0
14.5	0
15.5	0
16.5	0
17.5	0
18.5	0
19.5	0
20.5	0
21.5	0
22.5	0
23.5	0
24.5	0
25.5	0
26.5	0
27.5	0
28.5	0
29.5	0
30.5	1
31.5	0
32.5	0
33.5	1
34.5	2
35.5	4
36.5	6
37.5	5
38.5	7
39.5	4
40.5	9
41.5	10
42.5	12
43.5	10
44.5	20
45.5	20
46.5	25
47.5	29
48.5	30
49.5	49
50.5	49
51.5	62
52.5	74
53.5	74
54.5	80
55.5	106
56.5	115
57.5	135
58.5	134
59.5	141
60.5	155
61.5	173
62.5	152
63.5	213
64.5	191
65.5	240
66.5	222
67.5	217
68.5	209
69.5	264
70.5	279
71.5	267
72.5	291
73.5	333
74.5	291
75.5	323
76.5	332
77.5	323
78.5	352
79.5	365
80.5	342
81.5	358
82.5	385
83.5	417
84.5	414
85.5	457
86.5	433
87.5	455
88.5	452
89.5	501
90.5	492
91.5	497
92.5	517
93.5	512
94.5	567
95.5	522
96.5	585
97.5	560
98.5	620
99.5	641
100.5	590
101.5	646
102.5	686
103.5	708
104.5	697
105.5	741
106.5	741
107.5	766
108.5	737
109.5	763
110.5	776
111.5	789
112.5	831
113.5	835
114.5	860
115.5	877
116.5	883
117.5	861
118.5	982
119.5	865
120.5	997
121.5	964
122.5	987
123.5	927
124.5	1040
125.5	963
126.5	999
127.5	1004
128.5	1001
129.5	1018
130.5	1062
131.5	1027
132.5	1031
133.5	1029
134.5	1106
135.5	1064
136.5	1054
137.5	1050
138.5	1042
139.5	1043
140.5	1040
141.5	1085
142.5	1046
143.5	1118
144.5	1063
145.5	1033
146.5	1056
147.5	1061
148.5	1068
149.5	1037
150.5	1046
151.5	998
152.5	1035
153.5	1085
154.5	1099
155.5	1126
156.5	1019
157.5	1008
158.5	1042
159.5	1007
160.5	1033
161.5	1062
162.5	1001
163.5	1026
164.5	1024
165.5	1048
166.5	1035
167.5	1023
168.5	1026
169.5	995
170.5	1037
171.5	1037
172.5	1055
173.5	1060
174.5	1040
175.5	937
176.5	920
177.5	963
178.5	984
179.5	963
180.5	1007
181.5	971
182.5	955
183.5	913
184.5	887
185.5	921
186.5	905
187.5	909
188.5	911
189.5	924
190.5	916
191.5	905
192.5	911
193.5	900
194.5	911
195.5	876
196.5	881
197.5	911
198.5	832
199.5	823
200.5	882
201.5	802
202.5	856
203.5	920
204.5	902
205.5	783
206.5	874
207.5	827
208.5	860
209.5	869
210.5	826
211.5	800
212.5	863
213.5	828
214.5	817
215.5	794
216.5	837
217.5	818
218.5	764
219.5	758
220.5	815
221.5	774
222.5	746
223.5	800
224.5	744
225.5	721
226.5	769
227.5	731
228.5	730
229.5	749
230.5	725
231.5	681
232.5	720
233.5	707
234.5	740
235.5	734
236.5	651
237.5	729
238.5	693
239.5	714
240.5	688
241.5	727
242.5	671
243.5	664
244.5	656
245.5	654
246.5	685
247.5	647
248.5	570
249.5	599
250.5	637
251.5	601
252.5	608
253.5	608
254.5	615
255.5	600
256.5	585
257.5	575
258.5	666
259.5	555
260.5	560
261.5	584
262.5	575
263.5	595
264.5	573
265.5	575
266.5	548
267.5	591
268.5	564
269.5	557
270.5	560
271.5	555
272.5	521
273.5	495
274.5	531
275.5	541
276.5	514
277.5	501
278.5	536
279.5	486
280.5	515
281.5	500
282.5	498
283.5	479
284.5	489
285.5	498
286.5	464
287.5	510
288.5	505
289.5	498
290.5	506
291.5	464
292.5	467
293.5	450
294.5	460
295.5	492
296.5	494
297.5	485
298.5	461
299.5	404
300.5	447
301.5	464
302.5	445
303.5	444
304.5	445
305.5	428
306.5	421
307.5	401
308.5	417
309.5	418
310.5	391
311.5	422
312.5	388
313.5	419
314.5	407
315.5	397
316.5	415
317.5	425
318.5	416
319.5	381
320.5	375
321.5	387
322.5	389
323.5	366
324.5	337
325.5	396
326.5	390
327.5	368
328.5	394
329.5	372
330.5	326
331.5	383
332.5	374
333.5	362
334.5	353
335.5	380
336.5	326
337.5	341
338.5	363
339.5	364
340.5	353
341.5	352
342.5	326
343.5	321
344.5	349
345.5	328
346.5	322
347.5	328
348.5	353
349.5	359
350.5	349
351.5	340
352.5	354
353.5	326
354.5	333
355.5	365
356.5	362
357.5	344
358.5	302
359.5	339
360.5	329
361.5	328
362.5	347
363.5	306
364.5	336
365.5	318
366.5	283
367.5	320
368.5	290
369.5	311
370.5	272
371.5	316
372.5	305
373.5	236
374.5	277
375.5	265
376.5	256
377.5	273
378.5	296
379.5	282
380.5	235
381.5	250
382.5	262
383.5	240
384.5	248
385.5	249
386.5	242
387.5	226
388.5	245
389.5	234
390.5	221
391.5	206
392.5	214
393.5	219
394.5	243
395.5	232
396.5	215
397.5	209
398.5	220
399.5	258
400.5	208
401.5	218
402.5	182
403.5	216
404.5	203
405.5	198
406.5	202
407.5	204
408.5	189
409.5	213
410.5	167
411.5	189
412.5	204
413.5	196
414.5	201
415.5	190
416.5	177
417.5	184
418.5	187
419.5	202
420.5	204
421.5	186
422.5	170
423.5	184
424.5	182
425.5	159
426.5	202
427.5	192
428.5	174
429.5	176
430.5	162
431.5	193
432.5	184
433.5	179
434.5	184
435.5	141
436.5	182
437.5	165
438.5	186
439.5	161
440.5	182
441.5	161
442.5	165
443.5	173
444.5	169
445.5	180
446.5	188
447.5	175
448.5	151
449.5	159
450.5	142
451.5	144
452.5	144
453.5	153
454.5	139
455.5	171
456.5	145
457.5	136
458.5	137
459.5	144
460.5	163
461.5	149
462.5	138
463.5	151
464.5	131
465.5	136
466.5	154
467.5	136
468.5	145
469.5	122
470.5	118
471.5	138
472.5	151
473.5	140
474.5	125
475.5	132
476.5	133
477.5	139
478.5	150
479.5	132
480.5	145
481.5	138
482.5	129
483.5	149
484.5	136
485.5	118
486.5	132
487.5	130
488.5	127
489.5	135
490.5	113
491.5	134
492.5	130
493.5	132
494.5	121
495.5	128
496.5	119
497.5	141
498.5	125
499.5	128
500.5	114
501.5	113
502.5	136
503.5	114
504.5	120
505.5	136
506.5	118
507.5	117
508.5	143
509.5	131
510.5	131
511.5	120
512.5	127
513.5	121
514.5	140
515.5	119
516.5	120
517.5	132
518.5	125
519.5	123
520.5	119
521.5	115
522.5	133
523.5	107
524.5	117
525.5	120
526.5	118
527.5	120
528.5	112
529.5	112
530.5	108
531.5	86
532.5	99
533.5	115
534.5	96
535.5	77
536.5	105
537.5	95
538.5	87
539.5	87
540.5	102
541.5	97
542.5	107
543.5	109
544.5	90
545.5	104
546.5	77
547.5	68
548.5	86
549.5	101
550.5	90
551.5	81
552.5	94
553.5	88
554.5	86
555.5	83
556.5	79
557.5	76
558.5	88
559.5	77
560.5	82
561.5	91
562.5	76
563.5	78
564.5	85
565.5	82
566.5	86
567.5	61
568.5	78
569.5	74
570.5	66
571.5	80
572.5	73
573.5	87
574.5	78
575.5	87
576.5	79
577.5	89
578.5	67
579.5	77
580.5	74
581.5	66
582.5	62
583.5	61
584.5	74
585.5	70
586.5	82
587.5	75
588.5	68
589.5	81
590.5	67
591.5	58
592.5	81
593.5	72
594.5	84
595.5	65
596.5	67
597.5	69
598.5	57
599.5	58
600.5	65
601.5	78
602.5	83
603.5	68
604.5	75
605.5	62
606.5	65
607.5	55
608.5	71
609.5	60
610.5	72
611.5	65
612.5	64
613.5	74
614.5	58
615.5	57
616.5	70
617.5	64
618.5	59
619.5	73
620.5	44
621.5	51
622.5	69
623.5	70
624.5	63
625.5	71
626.5	57
627.5	57
628.5	62
629.5	56
630.5	45
631.5	63
632.5	49
633.5	61
634.5	57
635.5	49
636.5	58
637.5	50
638.5	57
639.5	54
640.5	54
641.5	46
642.5	62
643.5	48
644.5	47
645.5	59
646.5	43
647.5	70
648.5	56
649.5	52
650.5	56
651.5	64
652.5	59
653.5	49
654.5	68
655.5	52
656.5	39
657.5	46
658.5	56
659.5	49
660.5	56
661.5	45
662.5	50
663.5	66
664.5	52
665.5	53
666.5	47
667.5	59
668.5	51
669.5	46
670.5	41
671.5	51
672.5	49
673.5	60
674.5	43
675.5	60
676.5	57
677.5	54
678.5	51
679.5	71
680.5	64
681.5	52
682.5	47
683.5	46
684.5	57
685.5	57
686.5	43
687.5	57
688.5	56
689.5	46
690.5	55
691.5	40
692.5	43
693.5	42
694.5	38
695.5	49
696.5	45
697.5	48
698.5	34
699.5	59
700.5	39
701.5	39
702.5	44
703.5	45
704.5	47
705.5	46
706.5	50
707.5	47
708.5	40
709.5	54
710.5	55
711.5	46
712.5	48
713.5	47
714.5	41
715.5	40
716.5	54
717.5	54
718.5	40
719.5	42
720.5	44
721.5	53
722.5	43
723.5	48
724.5	58
725.5	42
726.5	52
727.5	47
728.5	40
729.5	56
730.5	50
731.5	54
732.5	50
733.5	48
734.5	43
735.5	57
736.5	57
737.5	35
738.5	49
739.5	45
740.5	51
741.5	52
742.5	46
743.5	43
744.5	39
745.5	43
746.5	42
747.5	47
748.5	49
749.5	55
750.5	46
751.5	52
752.5	44
753.5	47
754.5	41
755.5	44
756.5	35
757.5	40
758.5	46
759.5	37
760.5	44
761.5	46
762.5	33
763.5	36
764.5	38
765.5	40
766.5	37
767.5	43
768.5	46
769.5	47
770.5	33
771.5	57
772.5	32
773.5	33
774.5	39
775.5	39
776.5	40
777.5	23
778.5	40
779.5	32
780.5	29
781.5	36
782.5	45
783.5	37
784.5	36
785.5	35
786.5	45
787.5	33
788.5	44
789.5	41
790.5	37
791.5	43
792.5	35
793.5	37
794.5	34
795.5	36
796.5	25
797.5	49
798.5	26
799.5	34
800.5	40
801.5	35
802.5	27
803.5	31
804.5	34
805.5	28
806.5	35
807.5	31
808.5	32
809.5	34
810.5	37
811.5	36
812.5	39
813.5	39
814.5	47
815.5	38
816.5	39
817.5	30
818.5	28
819.5	34
820.5	42
821.5	30
822.5	51
823.5	40
824.5	38
825.5	34
826.5	49
827.5	41
828.5	34
829.5	32
830.5	34
831.5	42
832.5	42
833.5	42
834.5	42
835.5	40
836.5	51
837.5	41
838.5	41
839.5	48
840.5	49
841.5	35
842.5	36
843.5	40
844.5	43
845.5	33
846.5	37
847.5	57
848.5	46
849.5	37
850.5	52
851.5	51
852.5	34
853.5	44
854.5	37
855.5	37
856.5	46
857.5	45
858.5	42
859.5	50
860.5	47
861.5	43
862.5	32
863.5	35
864.5	41
865.5	48
866.5	47
867.5	39
868.5	30
869.5	40
870.5	43
871.5	49
872.5	33
873.5	38
874.5	51
875.5	37
876.5	45
877.5	56
878.5	39
879.5	35
880.5	47
881.5	34
882.5	36
883.5	33
884.5	37
885.5	30
886.5	42
887.5	31
888.5	41
889.5	26
890.5	32
891.5	31
892.5	32
893.5	24
894.5	37
895.5	23
896.5	26
897.5	32
898.5	42
899.5	36
900.5	30
901.5	31
902.5	30
903.5	26
904.5	35
905.5	25
906.5	32
907.5	20
908.5	24
909.5	27
910.5	25
911.5	26
912.5	31
913.5	24
914.5	30
915.5	32
916.5	19
917.5	25
918.5	27
919.5	27
920.5	18
921.5	22
922.5	16
923.5	31
924.5	22
925.5	25
926.5	24
927.5	28
928.5	15
929.5	32
930.5	24
931.5	26
932.5	29
933.5	20
934.5	33
935.5	13
936.5	30
937.5	16
938.5	25
939.5	19
940.5	25
941.5	33
942.5	34
943.5	25
944.5	20
945.5	25
946.5	20
947.5	24
948.5	25
949.5	25
950.5	25
951.5	20
952.5	28
953.5	13
954.5	25
955.5	19
956.5	29
957.5	30
958.5	18
959.5	21
960.5	20
961.5	22
962.5	19
963.5	13
964.5	15
965.5	20
966.5	21
967.5	20
968.5	17
969.5	13
970.5	15
971.5	20
972.5	19
973.5	18
974.5	18
975.5	22
976.5	18
977.5	31
978.5	21
979.5	27
980.5	16
981.5	17
982.5	17
983.5	18
984.5	26
985.5	18
986.5	25
987.5	21
988.5	23
989.5	16
990.5	23
991.5	22
992.5	19
993.5	22
994.5	9
995.5	12
996.5	20
997.5	20
998.5	33
999.5	17
1000.5	13
1001.5	18
1002.5	20
1003.5	16
1004.5	15
1005.5	22
1006.5	30
1007.5	23
1008.5	19
1009.5	23
1010.5	20
1011.5	21
1012.5	22
1013.5	15
1014.5	27
1015.5	22
1016.5	25
1017.5	19
1018.5	18
1019.5	22
1020.5	18
1021.5	14
1022.5	13
1023.5	25
1024.5	11
1025.5	15
1026.5	27
1027.5	21
1028.5	28
1029.5	16
1030.5	14
1031.5	18
1032.5	24
1033.5	21
1034.5	18
1035.5	27
1036.5	19
1037.5	17
1038.5	20
1039.5	19
1040.5	28
1041.5	24
1042.5	17
1043.5	25
1044.5	20
1045.5	24
1046.5	17
1047.5	23
1048.5	25
1049.5	17
1050.5	12
1051.5	18
1052.5	18
1053.5	22
1054.5	24
1055.5	18
1056.5	15
1057.5	17
1058.5	10
1059.5	20
1060.5	25
1061.5	26
1062.5	22
1063.5	14
1064.5	20
1065.5	18
1066.5	28
1067.5	11
1068.5	19
1069.5	22
1070.5	19
1071.5	18
1072.5	21
1073.5	18
1074.5	20
1075.5	15
1076.5	22
1077.5	20
1078.5	15
1079.5	19
1080.5	20
1081.5	22
1082.5	16
1083.5	22
1084.5	15
1085.5	27
1086.5	18
1087.5	18
1088.5	27
1089.5	28
1090.5	16
1091.5	23
1092.5	15
1093.5	22
1094.5	18
1095.5	16
1096.5	21
1097.5	27
1098.5	27
1099.5	17
1100.5	16
1101.5	15
1102.5	10
1103.5	22
1104.5	17
1105.5	14
1106.5	26
1107.5	20
1108.5	16
1109.5	19
1110.5	23
1111.5	20
1112.5	16
1113.5	9
1114.5	17
1115.5	21
1116.5	18
1117.5	15
1118.5	17
1119.5	22
1120.5	20
1121.5	17
1122.5	23
1123.5	28
1124.5	12
1125.5	14
1126.5	13
1127.5	19
1128.5	18
1129.5	19
1130.5	13
1131.5	14
1132.5	9
1133.5	13
1134.5	19
1135.5	16
1136.5	6
1137.5	12
1138.5	16
1139.5	18
1140.5	19
1141.5	17
1142.5	13
1143.5	17
1144.5	21
1145.5	15
1146.5	14
1147.5	13
1148.5	18
1149.5	18
1150.5	10
1151.5	17
1152.5	14
1153.5	8
1154.5	18
1155.5	17
1156.5	13
1157.5	21
1158.5	21
1159.5	16
1160.5	14
1161.5	15
1162.5	11
1163.5	15
1164.5	19
1165.5	15
1166.5	18
1167.5	26
1168.5	19
1169.5	15
1170.5	13
1171.5	13
1172.5	8
1173.5	15
1174.5	18
1175.5	10
1176.5	11
1177.5	13
1178.5	11
1179.5	18
1180.5	16
1181.5	15
1182.5	11
1183.5	14
1184.5	11
1185.5	23
1186.5	17
1187.5	19
1188.5	15
1189.5	15
1190.5	15
1191.5	10
1192.5	15
1193.5	20
1194.5	20
1195.5	19
1196.5	18
1197.5	16
1198.5	17
1199.5	14
1200.5	13
1201.5	19
1202.5	9
1203.5	19
1204.5	20
1205.5	18
1206.5	18
1207.5	11
1208.5	15
1209.5	14
1210.5	9
1211.5	16
1212.5	11
1213.5	12
1214.5	12
1215.5	13
1216.5	14
1217.5	20
1218.5	16
1219.5	12
1220.5	14
1221.5	19
1222.5	13
1223.5	17
1224.5	17
1225.5	11
1226.5	21
1227.5	16
1228.5	15
1229.5	11
1230.5	17
1231.5	13
1232.5	14
1233.5	16
1234.5	12
1235.5	25
1236.5	15
1237.5	13
1238.5	17
1239.5	15
1240.5	12
1241.5	17
1242.5	12
1243.5	17
1244.5	16
1245.5	11
1246.5	10
1247.5	27
1248.5	11
1249.5	19
1250.5	18
1251.5	16
1252.5	21
1253.5	22
1254.5	14
1255.5	10
1256.5	21
1257.5	12
1258.5	14
1259.5	13
1260.5	17
1261.5	21
1262.5	15
1263.5	15
1264.5	20
1265.5	17
1266.5	22
1267.5	17
1268.5	16
1269.5	13
1270.5	10
1271.5	17
1272.5	16
1273.5	25
1274.5	17
1275.5	23
1276.5	19
1277.5	17
1278.5	12
1279.5	25
1280.5	17
1281.5	14
1282.5	22
1283.5	18
1284.5	13
1285.5	20
1286.5	24
1287.5	28
1288.5	21
1289.5	17
1290.5	9
1291.5	12
1292.5	12
1293.5	13
1294.5	18
1295.5	16
1296.5	21
1297.5	20
1298.5	12
1299.5	17
1300.5	20
1301.5	17
1302.5	11
1303.5	13
1304.5	16
1305.5	16
1306.5	24
1307.5	16
1308.5	12
1309.5	10
1310.5	18
1311.5	9
1312.5	10
1313.5	15
1314.5	14
1315.5	20
1316.5	20
1317.5	15
1318.5	22
1319.5	14
1320.5	16
1321.5	21
1322.5	6
1323.5	16
1324.5	15
1325.5	16
1326.5	14
1327.5	9
1328.5	10
1329.5	15
1330.5	8
1331.5	12
1332.5	13
1333.5	12
1334.5	16
1335.5	11
1336.5	12
1337.5	22
1338.5	6
1339.5	15
1340.5	17
1341.5	13
1342.5	16
1343.5	15
1344.5	18
1345.5	20
1346.5	13
1347.5	15
1348.5	14
1349.5	8
1350.5	21
1351.5	22
1352.5	17
1353.5	12
1354.5	12
1355.5	8
1356.5	13
1357.5	12
1358.5	15
1359.5	20
1360.5	22
1361.5	13
1362.5	20
1363.5	17
1364.5	14
1365.5	11
1366.5	14
1367.5	15
1368.5	14
1369.5	12
1370.5	9
1371.5	12
1372.5	15
1373.5	14
1374.5	11
1375.5	12
1376.5	17
1377.5	18
1378.5	15
1379.5	18
1380.5	10
1381.5	16
1382.5	14
1383.5	9
1384.5	14
1385.5	19
1386.5	15
1387.5	16
1388.5	13
1389.5	11
1390.5	14
1391.5	11
1392.5	7
1393.5	8
1394.5	18
1395.5	8
1396.5	7
1397.5	10
1398.5	13
1399.5	13
1400.5	6
1401.5	12
1402.5	13
1403.5	6
1404.5	9
1405.5	20
1406.5	11
1407.5	9
1408.5	17
1409.5	10
1410.5	11
1411.5	9
1412.5	13
1413.5	12
1414.5	9
1415.5	5
1416.5	11
1417.5	19
1418.5	9
1419.5	9
1420.5	11
1421.5	8
1422.5	5
1423.5	9
1424.5	9
1425.5	8
1426.5	8
1427.5	8
1428.5	11
1429.5	6
1430.5	15
1431.5	5
1432.5	10
1433.5	10
1434.5	7
1435.5	9
1436.5	7
1437.5	8
1438.5	11
1439.5	7
1440.5	14
1441.5	10
1442.5	9
1443.5	5
1444.5	11
1445.5	16
1446.5	7
1447.5	5
1448.5	10
1449.5	10
1450.5	12
1451.5	6
1452.5	3
1453.5	7
1454.5	11
1455.5	12
1456.5	10
1457.5	2
1458.5	9
1459.5	24
1460.5	8
1461.5	6
1462.5	11
1463.5	9
1464.5	11
1465.5	9
1466.5	9
1467.5	8
1468.5	12
1469.5	11
1470.5	10
1471.5	15
1472.5	11
1473.5	8
1474.5	8
1475.5	9
1476.5	8
1477.5	6
1478.5	12
1479.5	7
1480.5	6
1481.5	7
1482.5	9
1483.5	6
1484.5	9
1485.5	14
1486.5	10
1487.5	7
1488.5	13
1489.5	9
1490.5	9
1491.5	12
1492.5	16
1493.5	13
1494.5	10
1495.5	8
1496.5	12
1497.5	9
1498.5	6
1499.5	9
1500.5	9
1501.5	12
1502.5	12
1503.5	4
1504.5	3
1505.5	8
1506.5	6
1507.5	9
1508.5	5
1509.5	12
1510.5	6
1511.5	11
1512.5	7
1513.5	9
1514.5	14
1515.5	8
1516.5	12
1517.5	5
1518.5	12
1519.5	8
1520.5	7
1521.5	8
1522.5	7
1523.5	6
1524.5	6
1525.5	8
1526.5	14
1527.5	12
1528.5	8
1529.5	7
1530.5	17
1531.5	11
1532.5	9
1533.5	12
1534.5	11
1535.5	14
1536.5	10
1537.5	9
1538.5	8
1539.5	10
1540.5	8
1541.5	11
1542.5	11
1543.5	12
1544.5	8
1545.5	6
1546.5	13
1547.5	8
1548.5	12
1549.5	14
1550.5	12
1551.5	12
1552.5	18
1553.5	17
1554.5	14
1555.5	9
1556.5	11
1557.5	13
1558.5	12
1559.5	10
1560.5	13
1561.5	7
1562.5	16
1563.5	12
1564.5	10
1565.5	16
1566.5	13
1567.5	10
1568.5	10
1569.5	15
1570.5	10
1571.5	9
1572.5	9
1573.5	10
1574.5	7
1575.5	12
1576.5	9
1577.5	9
1578.5	14
1579.5	15
1580.5	6
1581.5	12
1582.5	8
1583.5	10
1584.5	11
1585.5	9
1586.5	7
1587.5	13
1588.5	10
1589.5	12
1590.5	14
1591.5	11
1592.5	15
1593.5	15
1594.5	11
1595.5	13
1596.5	12
1597.5	5
1598.5	7
1599.5	9
1600.5	11
1601.5	12
1602.5	10
1603.5	8
1604.5	11
1605.5	15
1606.5	10
1607.5	5
1608.5	9
1609.5	6
1610.5	9
1611.5	11
1612.5	14
1613.5	11
1614.5	8
1615.5	12
1616.5	13
1617.5	10
1618.5	7
1619.5	7
1620.5	8
1621.5	13
1622.5	9
1623.5	6
1624.5	16
1625.5	11
1626.5	4
1627.5	6
1628.5	8
1629.5	11
1630.5	9
1631.5	8
1632.5	6
1633.5	9
1634.5	11
1635.5	8
1636.5	9
1637.5	14
1638.5	11
1639.5	8
1640.5	9
1641.5	9
1642.5	9
1643.5	8
1644.5	4
1645.5	5
1646.5	7
1647.5	7
1648.5	6
1649.5	8
1650.5	11
1651.5	5
1652.5	7
1653.5	6
1654.5	5
1655.5	7
1656.5	10
1657.5	12
1658.5	11
1659.5	8
1660.5	7
1661.5	8
1662.5	11
1663.5	5
1664.5	10
1665.5	9
1666.5	5
1667.5	9
1668.5	12
1669.5	13
1670.5	10
1671.5	11
1672.5	10
1673.5	8
1674.5	6
1675.5	10
1676.5	9
1677.5	8
1678.5	6
1679.5	8
1680.5	7
1681.5	4
1682.5	9
1683.5	8
1684.5	12
1685.5	9
1686.5	10
1687.5	15
1688.5	14
1689.5	6
1690.5	13
1691.5	5
1692.5	5
1693.5	8
1694.5	7
1695.5	7
1696.5	8
1697.5	7
1698.5	8
1699.5	7
1700.5	8
1701.5	7
1702.5	4
1703.5	12
1704.5	5
1705.5	11
1706.5	9
1707.5	7
1708.5	6
1709.5	5
1710.5	4
1711.5	7
1712.5	9
1713.5	10
1714.5	5
1715.5	11
1716.5	7
1717.5	8
1718.5	5
1719.5	8
1720.5	3
1721.5	3
1722.5	7
1723.5	9
1724.5	13
1725.5	3
1726.5	6
1727.5	9
1728.5	6
1729.5	14
1730.5	9
1731.5	8
1732.5	5
1733.5	7
1734.5	15
1735.5	6
1736.5	7
1737.5	6
1738.5	8
1739.5	12
1740.5	7
1741.5	4
1742.5	4
1743.5	6
1744.5	9
1745.5	8
1746.5	8
1747.5	8
1748.5	11
1749.5	10
1750.5	10
1751.5	1
1752.5	3
1753.5	4
1754.5	9
1755.5	3
1756.5	3
1757.5	5
1758.5	3
1759.5	10
1760.5	4
1761.5	8
1762.5	8
1763.5	3
1764.5	5
1765.5	6
1766.5	6
1767.5	3
1768.5	2
1769.5	9
1770.5	6
1771.5	5
1772.5	5
1773.5	10
1774.5	3
1775.5	8
1776.5	6
1777.5	6
1778.5	7
1779.5	4
1780.5	1
1781.5	4
1782.5	10
1783.5	3
1784.5	8
1785.5	3
1786.5	3
1787.5	9
1788.5	2
1789.5	7
1790.5	9
1791.5	4
1792.5	4
1793.5	5
1794.5	3
1795.5	6
1796.5	4
1797.5	2
1798.5	5
1799.5	3
1800.5	3
1801.5	8
1802.5	6
1803.5	6
1804.5	5
1805.5	8
1806.5	8
1807.5	7
1808.5	3
1809.5	2
1810.5	6
1811.5	3
1812.5	5
1813.5	4
1814.5	2
1815.5	7
1816.5	2
1817.5	0
1818.5	3
1819.5	3
1820.5	5
1821.5	9
1822.5	2
1823.5	7
1824.5	6
1825.5	5
1826.5	3
1827.5	5
1828.5	5
1829.5	4
1830.5	3
1831.5	4
1832.5	4
1833.5	5
1834.5	0
1835.5	6
1836.5	5
1837.5	5
1838.5	9
1839.5	4
1840.5	4
1841.5	6
1842.5	5
1843.5	4
1844.5	8
1845.5	2
1846.5	4
1847.5	4
1848.5	7
1849.5	3
1850.5	7
1851.5	2
1852.5	4
1853.5	0
1854.5	2
1855.5	1
1856.5	1
1857.5	8
1858.5	2
1859.5	6
1860.5	0
1861.5	3
1862.5	4
1863.5	3
1864.5	8
1865.5	2
1866.5	5
1867.5	5
1868.5	0
1869.5	4
1870.5	6
1871.5	4
1872.5	4
1873.5	2
1874.5	8
1875.5	6
1876.5	7
1877.5	2
1878.5	4
1879.5	2
1880.5	5
1881.5	6
1882.5	4
1883.5	3
1884.5	1
1885.5	6
1886.5	4
1887.5	5
1888.5	4
1889.5	3
1890.5	1
1891.5	4
1892.5	8
1893.5	2
1894.5	4
1895.5	6
1896.5	6
1897.5	4
1898.5	6
1899.5	4
1900.5	3
1901.5	3
1902.5	3
1903.5	4
1904.5	3
1905.5	3
1906.5	5
1907.5	2
1908.5	4
1909.5	6
1910.5	1
1911.5	5
1912.5	5
1913.5	8
1914.5	2
1915.5	3
1916.5	5
1917.5	1
1918.5	2
1919.5	2
1920.5	4
1921.5	5
1922.5	4
1923.5	8
1924.5	2
1925.5	2
1926.5	3
1927.5	3
1928.5	6
1929.5	4
1930.5	6
1931.5	7
1932.5	8
1933.5	3
1934.5	4
1935.5	4
1936.5	3
1937.5	7
1938.5	4
1939.5	7
1940.5	7
1941.5	4
1942.5	7
1943.5	4
1944.5	5
1945.5	6
1946.5	8
1947.5	7
1948.5	4
1949.5	11
1950.5	8
1951.5	6
1952.5	12
1953.5	7
1954.5	7
1955.5	16
1956.5	6
1957.5	7
1958.5	3
1959.5	9
1960.5	10
1961.5	11
1962.5	5
1963.5	5
1964.5	12
1965.5	8
1966.5	7
1967.5	15
1968.5	9
1969.5	6
1970.5	14
1971.5	12
1972.5	12
1973.5	11
1974.5	9
1975.5	9
1976.5	13
1977.5	13
1978.5	14
1979.5	13
1980.5	11
1981.5	15
1982.5	9
1983.5	17
1984.5	10
1985.5	11
1986.5	10
1987.5	14
1988.5	22
1989.5	13
1990.5	22
1991.5	16
1992.5	18
1993.5	17
1994.5	14
1995.5	18
1996.5	15
1997.5	16
1998.5	19
1999.5	13
2000.5	14
2001.5	14
2002.5	12
2003.5	22
2004.5	16
2005.5	10
2006.5	15
2007.5	15
2008.5	19
2009.5	24
2010.5	23
2011.5	14
2012.5	19
2013.5	8
2014.5	14
2015.5	12
2016.5	18
2017.5	16
2018.5	17
2019.5	18
2020.5	16
2021.5	11
2022.5	17
2023.5	14
2024.5	17
2025.5	20
2026.5	14
2027.5	26
2028.5	15
2029.5	11
2030.5	18
2031.5	11
2032.5	19
2033.5	15
2034.5	7
2035.5	12
2036.5	13
2037.5	12
2038.5	11
2039.5	14
2040.5	15
2041.5	13
2042.5	13
2043.5	14
2044.5	12
2045.5	12
2046.5	10
2047.5	11
2048.5	7
2049.5	9
2050.5	10
2051.5	11
2052.5	5
2053.5	17
2054.5	10
2055.5	8
2056.5	10
2057.5	15
2058.5	14
2059.5	12
2060.5	7
2061.5	8
2062.5	5
2063.5	7
2064.5	5
2065.5	6
2066.5	9
2067.5	4
2068.5	8
2069.5	8
2070.5	5
2071.5	6
2072.5	3
2073.5	6
2074.5	1
2075.5	6
2076.5	6
2077.5	5
2078.5	3
2079.5	4
2080.5	4
2081.5	9
2082.5	3
2083.5	3
2084.5	7
2085.5	4
2086.5	10
2087.5	4
2088.5	5
2089.5	2
2090.5	3
2091.5	4
2092.5	2
2093.5	4
2094.5	1
2095.5	5
2096.5	5
2097.5	1
2098.5	1
2099.5	3
2100.5	3
2101.5	0
2102.5	4
2103.5	8
2104.5	8
2105.5	2
2106.5	1
2107.5	2
2108.5	2
2109.5	4
2110.5	2
2111.5	0
2112.5	2
2113.5	0
2114.5	0
2115.5	2
2116.5	2
2117.5	1
2118.5	2
2119.5	0
2120.5	3
2121.5	3
2122.5	0
2123.5	6
2124.5	3
2125.5	1
2126.5	2
2127.5	4
2128.5	2
2129.5	1
2130.5	2
2131.5	1
2132.5	1
2133.5	3
2134.5	4
2135.5	3
2136.5	4
2137.5	3
2138.5	3
2139.5	1
2140.5	3
2141.5	0
2142.5	2
2143.5	4
2144.5	2
2145.5	6
2146.5	3
2147.5	2
2148.5	5
2149.5	1
2150.5	3
2151.5	0
2152.5	5
2153.5	2
2154.5	5
2155.5	2
2156.5	2
2157.5	4
2158.5	3
2159.5	3
2160.5	2
2161.5	2
2162.5	1
2163.5	5
2164.5	1
2165.5	3
2166.5	3
2167.5	1
2168.5	2
2169.5	6
2170.5	5
2171.5	6
2172.5	1
2173.5	5
2174.5	3
2175.5	4
2176.5	2
2177.5	1
2178.5	1
2179.5	4
2180.5	5
2181.5	2
2182.5	5
2183.5	2
2184.5	2
2185.5	1
2186.5	2
2187.5	1
2188.5	6
2189.5	3
2190.5	2
2191.5	2
2192.5	4
2193.5	4
2194.5	2
2195.5	0
2196.5	5
2197.5	1
2198.5	3
2199.5	2
2200.5	4
2201.5	0
2202.5	1
2203.5	2
2204.5	6
2205.5	0
2206.5	1
2207.5	4
2208.5	6
2209.5	2
2210.5	3
2211.5	4
2212.5	0
2213.5	1
2214.5	2
2215.5	1
2216.5	0
2217.5	1
2218.5	2
2219.5	1
2220.5	3
2221.5	1
2222.5	2
2223.5	1
2224.5	3
2225.5	2
2226.5	1
2227.5	0
2228.5	4
2229.5	1
2230.5	4
2231.5	1
2232.5	0
2233.5	3
2234.5	2
2235.5	5
2236.5	1
2237.5	2
2238.5	3
2239.5	3
2240.5	1
2241.5	3
2242.5	1
2243.5	3
2244.5	1
2245.5	1
2246.5	2
2247.5	1
2248.5	0
2249.5	2
2250.5	0
2251.5	0
2252.5	2
2253.5	3
2254.5	1
2255.5	2
2256.5	4
2257.5	0
2258.5	1
2259.5	3
2260.5	3
2261.5	3
2262.5	2
2263.5	0
2264.5	1
2265.5	0
2266.5	2
2267.5	2
2268.5	2
2269.5	2
2270.5	1
2271.5	3
2272.5	3
2273.5	1
2274.5	2
2275.5	1
2276.5	3
2277.5	4
2278.5	1
2279.5	3
2280.5	0
2281.5	1
2282.5	2
2283.5	0
2284.5	0
2285.5	4
2286.5	2
2287.5	1
2288.5	3
2289.5	2
2290.5	2
2291.5	2
2292.5	1
2293.5	1
2294.5	0
2295.5	2
2296.5	2
2297.5	1
2298.5	1
2299.5	2
2300.5	3
2301.5	3
2302.5	0
2303.5	0
2304.5	3
2305.5	0
2306.5	0
2307.5	4
2308.5	2
2309.5	1
2310.5	1
2311.5	0
2312.5	0
2313.5	1
2314.5	0
2315.5	0
2316.5	2
2317.5	4
2318.5	3
2319.5	2
2320.5	1
2321.5	2
2322.5	2
2323.5	2
2324.5	1
2325.5	1
2326.5	2
2327.5	3
2328.5	3
2329.5	3
2330.5	2
2331.5	1
2332.5	2
2333.5	0
2334.5	1
2335.5	2
2336.5	2
2337.5	2
2338.5	0
2339.5	1
2340.5	1
2341.5	5
2342.5	2
2343.5	5
2344.5	2
2345.5	4
2346.5	2
2347.5	4
2348.5	0
2349.5	1
2350.5	1
2351.5	1
2352.5	0
2353.5	3
2354.5	5
2355.5	0
2356.5	2
2357.5	1
2358.5	3
2359.5	1
2360.5	5
2361.5	3
2362.5	2
2363.5	3
2364.5	1
2365.5	5
2366.5	1
2367.5	1
2368.5	3
2369.5	3
2370.5	2
2371.5	0
2372.5	4
2373.5	2
2374.5	4
2375.5	2
2376.5	1
2377.5	2
2378.5	3
2379.5	2
2380.5	2
2381.5	5
2382.5	0
2383.5	3
2384.5	1
2385.5	0
2386.5	4
2387.5	2
2388.5	3
2389.5	0
2390.5	2
2391.5	1
2392.5	3
2393.5	4
2394.5	5
2395.5	1
2396.5	1
2397.5	0
2398.5	4
2399.5	2
2400.5	2
2401.5	3
2402.5	4
2403.5	1
2404.5	2
2405.5	3
2406.5	5
2407.5	3
2408.5	1
2409.5	6
2410.5	3
2411.5	1
2412.5	5
2413.5	1
2414.5	3
2415.5	2
2416.5	4
2417.5	1
2418.5	4
2419.5	0
2420.5	4
2421.5	2
2422.5	0
2423.5	3
2424.5	0
2425.5	2
2426.5	1
2427.5	1
2428.5	4
2429.5	5
2430.5	0
2431.5	1
2432.5	4
2433.5	1
2434.5	0
2435.5	1
2436.5	3
2437.5	2
2438.5	4
2439.5	1
2440.5	1
2441.5	3
2442.5	2
2443.5	1
2444.5	3
2445.5	3
2446.5	5
2447.5	2
2448.5	5
2449.5	3
2450.5	2
2451.5	4
2452.5	5
2453.5	0
2454.5	3
2455.5	3
2456.5	4
2457.5	4
2458.5	0
2459.5	1
2460.5	1
2461.5	5
2462.5	1
2463.5	3
2464.5	1
2465.5	2
2466.5	5
2467.5	1
2468.5	2
2469.5	2
2470.5	2
2471.5	1
2472.5	1
2473.5	3
2474.5	1
2475.5	1
2476.5	2
2477.5	2
2478.5	4
2479.5	1
2480.5	1
2481.5	3
2482.5	1
2483.5	0
2484.5	0
2485.5	4
2486.5	2
2487.5	2
2488.5	3
2489.5	0
2490.5	3
2491.5	2
2492.5	1
2493.5	1
2494.5	1
2495.5	1
2496.5	2
2497.5	1
2498.5	2
2499.5	1
2500.5	0
2501.5	2
2502.5	2
2503.5	2
2504.5	0
2505.5	4
2506.5	2
2507.5	2
2508.5	2
2509.5	3
2510.5	0
2511.5	2
2512.5	0
2513.5	3
2514.5	0
2515.5	1
2516.5	1
2517.5	2
2518.5	1
2519.5	1
2520.5	2
2521.5	1
2522.5	1
2523.5	1
2524.5	0
2525.5	1
2526.5	0
2527.5	2
2528.5	1
2529.5	0
2530.5	2
2531.5	2
2532.5	1
2533.5	1
2534.5	2
2535.5	2
2536.5	3
2537.5	3
2538.5	2
2539.5	1
2540.5	1
2541.5	1
2542.5	0
2543.5	0
2544.5	3
2545.5	1
2546.5	0
2547.5	1
2548.5	1
2549.5	2
2550.5	2
2551.5	1
2552.5	2
2553.5	1
2554.5	0
2555.5	4
2556.5	0
2557.5	1
2558.5	1
2559.5	2
2560.5	1
2561.5	1
2562.5	1
2563.5	1
2564.5	1
2565.5	2
2566.5	0
2567.5	1
2568.5	1
2569.5	1
2570.5	2
2571.5	2
2572.5	0
2573.5	1
2574.5	1
2575.5	2
2576.5	2
2577.5	1
2578.5	2
2579.5	3
2580.5	2
2581.5	1
2582.5	2
2583.5	0
2584.5	2
2585.5	1
2586.5	1
2587.5	1
2588.5	0
2589.5	0
2590.5	0
2591.5	0
2592.5	1
2593.5	2
2594.5	1
2595.5	1
2596.5	0
2597.5	2
2598.5	1
2599.5	0
2600.5	2
2601.5	1
2602.5	0
2603.5	1
2604.5	1
2605.5	1
2606.5	2
2607.5	0
2608.5	0
2609.5	0
2610.5	1
2611.5	1
2612.5	1
2613.5	0
2614.5	3
2615.5	3
2616.5	0
2617.5	2
2618.5	0
2619.5	1
2620.5	0
2621.5	0
2622.5	1
2623.5	2
2624.5	0
2625.5	1
2626.5	1
2627.5	4
2628.5	2
2629.5	3
2630.5	2
2631.5	0
2632.5	0
2633.5	3
2634.5	1
2635.5	0
2636.5	0
2637.5	2
2638.5	1
2639.5	0
2640.5	1
2641.5	1
2642.5	1
2643.5	4
2644.5	3
2645.5	1
2646.5	1
2647.5	1
2648.5	0
2649.5	0
2650.5	1
2651.5	0
2652.5	0
2653.5	0
2654.5	1
2655.5	3
2656.5	5
2657.5	0
2658.5	2
2659.5	0
2660.5	0
2661.5	0
2662.5	1
2663.5	2
2664.5	2
2665.5	0
2666.5	0
2667.5	1
2668.5	0
2669.5	0
2670.5	3
2671.5	1
2672.5	0
2673.5	2
2674.5	2
2675.5	1
2676.5	0
2677.5	0
2678.5	2
2679.5	1
2680.5	2
2681.5	0
2682.5	0
2683.5	0
2684.5	1
2685.5	1
2686.5	2
2687.5	3
2688.5	0
2689.5	1
2690.5	1
2691.5	1
2692.5	1
2693.5	0
2694.5	0
2695.5	0
2696.5	0
2697.5	2
2698.5	1
2699.5	2
2700.5	1
2701.5	0
2702.5	1
2703.5	1
2704.5	1
2705.5	0
2706.5	0
2707.5	2
2708.5	3
2709.5	3
2710.5	0
2711.5	1
2712.5	1
2713.5	0
2714.5	2
2715.5	0
2716.5	1
2717.5	1
2718.5	0
2719.5	0
2720.5	3
2721.5	0
2722.5	0
2723.5	2
2724.5	0
2725.5	0
2726.5	2
2727.5	0
2728.5	2
2729.5	0
2730.5	1
2731.5	3
2732.5	0
2733.5	0
2734.5	0
2735.5	0
2736.5	3
2737.5	0
2738.5	0
2739.5	1
2740.5	3
2741.5	2
2742.5	1
2743.5	1
2744.5	3
2745.5	2
2746.5	1
2747.5	0
2748.5	2
2749.5	1
2750.5	1
2751.5	0
2752.5	1
2753.5	2
2754.5	0
2755.5	3
2756.5	1
2757.5	1
2758.5	2
2759.5	2
2760.5	1
2761.5	1
2762.5	0
2763.5	3
2764.5	1
2765.5	1
2766.5	1
2767.5	1
2768.5	2
2769.5	1
2770.5	0
2771.5	1
2772.5	1
2773.5	2
2774.5	1
2775.5	2
2776.5	1
2777.5	3
2778.5	1
2779.5	3
2780.5	0
2781.5	2
2782.5	0
2783.5	1
2784.5	0
2785.5	0
2786.5	2
2787.5	0
2788.5	1
2789.5	1
2790.5	1
2791.5	0
2792.5	0
2793.5	0
2794.5	0
2795.5	2
2796.5	0
2797.5	1
2798.5	0
2799.5	2
2800.5	1
2801.5	0
2802.5	1
2803.5	0
2804.5	3
2805.5	2
2806.5	2
2807.5	2
2808.5	0
2809.5	2
2810.5	1
2811.5	1
2812.5	0
2813.5	0
2814.5	0
2815.5	0
2816.5	2
2817.5	1
2818.5	0
2819.5	0
2820.5	0
2821.5	0
2822.5	1
2823.5	2
2824.5	2
2825.5	2
2826.5	2
2827.5	0
2828.5	1
2829.5	0
2830.5	0
2831.5	1
2832.5	2
2833.5	2
2834.5	2
2835.5	0
2836.5	0
2837.5	3
2838.5	4
2839.5	0
2840.5	0
2841.5	1
2842.5	0
2843.5	1
2844.5	2
2845.5	1
2846.5	2
2847.5	0
2848.5	0
2849.5	3
2850.5	2
2851.5	3
2852.5	3
2853.5	1
2854.5	3
2855.5	6
2856.5	2
2857.5	2
2858.5	3
2859.5	1
2860.5	3
2861.5	1
2862.5	1
2863.5	1
2864.5	2
2865.5	1
2866.5	0
2867.5	3
2868.5	4
2869.5	3
2870.5	0
2871.5	4
2872.5	2
2873.5	2
2874.5	2
2875.5	0
2876.5	3
2877.5	1
2878.5	1
2879.5	1
2880.5	0
2881.5	2
2882.5	1
2883.5	0
2884.5	2
2885.5	4
2886.5	0
2887.5	1
2888.5	1
2889.5	0
2890.5	1
2891.5	2
2892.5	2
2893.5	0
2894.5	5
2895.5	0
2896.5	2
2897.5	1
2898.5	1
2899.5	1
2900.5	1
2901.5	1
2902.5	2
2903.5	3
2904.5	1
2905.5	0
2906.5	1
2907.5	3
2908.5	1
2909.5	0
2910.5	2
2911.5	0
2912.5	2
2913.5	3
2914.5	1
2915.5	2
2916.5	2
2917.5	3
2918.5	1
2919.5	3
2920.5	0
2921.5	2
2922.5	1
2923.5	1
2924.5	1
2925.5	2
2926.5	1
2927.5	1
2928.5	1
2929.5	3
2930.5	0
2931.5	2
2932.5	4
2933.5	0
2934.5	2
2935.5	0
2936.5	1
2937.5	1
2938.5	1
2939.5	2
2940.5	0
2941.5	1
2942.5	2
2943.5	3
2944.5	2
2945.5	0
2946.5	1
2947.5	1
2948.5	3
2949.5	0
2950.5	1
2951.5	1
2952.5	1
2953.5	2
2954.5	2
2955.5	0
2956.5	1
2957.5	3
2958.5	4
2959.5	1
2960.5	0
2961.5	2
2962.5	1
2963.5	3
2964.5	3
2965.5	1
2966.5	1
2967.5	0
2968.5	1
2969.5	4
2970.5	1
2971.5	0
2972.5	3
2973.5	3
2974.5	0
2975.5	1
2976.5	1
2977.5	1
2978.5	3
2979.5	1
2980.5	2
2981.5	2
2982.5	0
2983.5	0
2984.5	0
2985.5	3
2986.5	2
2987.5	2
2988.5	1
2989.5	0
2990.5	3
2991.5	2
2992.5	3
2993.5	0
2994.5	0
2995.5	2
2996.5	0
2997.5	0
2998.5	0
2999.5	5
3000.5	0
3001.5	0
3002.5	1
3003.5	2
3004.5	2
3005.5	0
3006.5	0
3007.5	1
3008.5	0
3009.5	2
3010.5	1
3011.5	2
3012.5	0
3013.5	0
3014.5	2
3015.5	1
3016.5	0
3017.5	2
3018.5	0
3019.5	0
3020.5	1
3021.5	2
3022.5	1
3023.5	1
3024.5	3
3025.5	2
3026.5	0
3027.5	0
3028.5	1
3029.5	0
3030.5	0
3031.5	0
3032.5	1
3033.5	3
3034.5	1
3035.5	1
3036.5	3
3037.5	1
3038.5	4
3039.5	0
3040.5	2
3041.5	1
3042.5	1
3043.5	3
3044.5	1
3045.5	2
3046.5	3
3047.5	2
3048.5	2
3049.5	1
3050.5	1
3051.5	5
3052.5	1
3053.5	0
3054.5	1
3055.5	1
3056.5	1
3057.5	2
3058.5	0
3059.5	1
3060.5	1
3061.5	2
3062.5	0
3063.5	0
3064.5	1
3065.5	2
3066.5	2
3067.5	3
3068.5	2
3069.5	1
3070.5	1
3071.5	1
3072.5	2
3073.5	0
3074.5	0
3075.5	0
3076.5	0
3077.5	1
3078.5	1
3079.5	1
3080.5	0
3081.5	2
3082.5	0
3083.5	2
3084.5	1
3085.5	0
3086.5	0
3087.5	1
3088.5	0
3089.5	0
3090.5	3
3091.5	0
3092.5	0
3093.5	1
3094.5	3
3095.5	0
3096.5	3
3097.5	1
3098.5	1
3099.5	1
3100.5	3
3101.5	0
3102.5	1
3103.5	0
3104.5	0
3105.5	2
3106.5	1
3107.5	2
3108.5	0
3109.5	0
3110.5	2
3111.5	0
3112.5	1
3113.5	0
3114.5	2
3115.5	0
3116.5	1
3117.5	2
3118.5	0
3119.5	2
3120.5	2
3121.5	4
3122.5	2
3123.5	1
3124.5	3
3125.5	0
3126.5	2
3127.5	3
3128.5	0
3129.5	1
3130.5	2
3131.5	0
3132.5	0
3133.5	1
3134.5	0
3135.5	0
3136.5	4
3137.5	2
3138.5	2
3139.5	1
3140.5	1
3141.5	0
3142.5	0
3143.5	1
3144.5	1
3145.5	2
3146.5	0
3147.5	0
3148.5	3
3149.5	2
3150.5	0
3151.5	1
3152.5	0
3153.5	2
3154.5	0
3155.5	1
3156.5	0
3157.5	1
3158.5	0
3159.5	1
3160.5	0
3161.5	0
3162.5	0
3163.5	1
3164.5	0
3165.5	0
3166.5	0
3167.5	3
3168.5	0
3169.5	0
3170.5	1
3171.5	0
3172.5	0
3173.5	0
3174.5	1
3175.5	0
3176.5	0
3177.5	1
3178.5	1
3179.5	0
3180.5	1
3181.5	0
3182.5	0
3183.5	0
3184.5	2
3185.5	0
3186.5	3
3187.5	1
3188.5	0
3189.5	0
3190.5	0
3191.5	1
3192.5	1
3193.5	0
3194.5	1
3195.5	2
3196.5	1
3197.5	1
3198.5	2
3199.5	2
3200.5	3
3201.5	1
3202.5	0
3203.5	0
3204.5	1
3205.5	1
3206.5	0
3207.5	1
3208.5	2
3209.5	1
3210.5	0
3211.5	1
3212.5	0
3213.5	1
3214.5	2
3215.5	1
3216.5	1
3217.5	0
3218.5	0
3219.5	1
3220.5	0
3221.5	2
3222.5	2
3223.5	1
3224.5	1
3225.5	1
3226.5	1
3227.5	0
3228.5	0
3229.5	0
3230.5	1
3231.5	0
3232.5	0
3233.5	0
3234.5	0
3235.5	1
3236.5	2
3237.5	0
3238.5	0
3239.5	0
3240.5	2
3241.5	0
3242.5	0
3243.5	1
3244.5	0
3245.5	0
3246.5	2
3247.5	1
3248.5	0
3249.5	2
3250.5	0
3251.5	0
3252.5	1
3253.5	0
3254.5	0
3255.5	1
3256.5	1
3257.5	1
3258.5	1
3259.5	1
3260.5	0
3261.5	1
3262.5	0
3263.5	0
3264.5	0
3265.5	0
3266.5	0
3267.5	1
3268.5	0
3269.5	1
3270.5	1
3271.5	1
3272.5	0
3273.5	1
3274.5	0
3275.5	1
3276.5	1
3277.5	2
3278.5	0
3279.5	0
3280.5	0
3281.5	0
3282.5	0
3283.5	0
3284.5	0
3285.5	0
3286.5	1
3287.5	0
3288.5	1
3289.5	0
3290.5	0
3291.5	0
3292.5	0
3293.5	0
3294.5	0
3295.5	1
3296.5	1
3297.5	0
3298.5	0
3299.5	0
3300.5	0
3301.5	2
3302.5	1
3303.5	0
3304.5	1
3305.5	0
3306.5	0
3307.5	1
3308.5	0
3309.5	1
3310.5	0
3311.5	1
3312.5	0
3313.5	0
3314.5	0
3315.5	0
3316.5	0
3317.5	0
3318.5	0
3319.5	0
3320.5	0
3321.5	0
3322.5	0
3323.5	0
3324.5	1
3325.5	0
3326.5	0
3327.5	0
3328.5	0
3329.5	1
3330.5	2
3331.5	0
3332.5	0
3333.5	0
3334.5	0
3335.5	1
3336.5	0
3337.5	1
3338.5	0
3339.5	1
3340.5	0
3341.5	1
3342.5	1
3343.5	0
3344.5	0
3345.5	0
3346.5	1
3347.5	0
3348.5	1
3349.5	0
3350.5	1
3351.5	0
3352.5	2
3353.5	0
3354.5	0
3355.5	0
3356.5	0
3357.5	0
3358.5	0
3359.5	1
3360.5	1
3361.5	0
3362.5	0
3363.5	0
3364.5	0
3365.5	0
3366.5	0
3367.5	0
3368.5	1
3369.5	0
3370.5	1
3371.5	0
3372.5	1
3373.5	0
3374.5	0
3375.5	1
3376.5	0
3377.5	0
3378.5	0
3379.5	1
3380.5	1
3381.5	0
3382.5	0
3383.5	0
3384.5	0
3385.5	1
3386.5	0
3387.5	0
3388.5	1
3389.5	0
3390.5	1
3391.5	2
3392.5	0
3393.5	1
3394.5	0
3395.5	0
3396.5	0
3397.5	0
3398.5	0
3399.5	0
3400.5	0
3401.5	0
3402.5	1
3403.5	0
3404.5	0
3405.5	2
3406.5	1
3407.5	3
3408.5	1
3409.5	0
3410.5	0
3411.5	4
3412.5	1
3413.5	1
3414.5	2
3415.5	0
3416.5	0
3417.5	0
3418.5	0
3419.5	0
3420.5	1
3421.5	1
3422.5	1
3423.5	0
3424.5	0
3425.5	1
3426.5	2
3427.5	2
3428.5	1
3429.5	0
3430.5	3
3431.5	2
3432.5	0
3433.5	1
3434.5	0
3435.5	2
3436.5	2
3437.5	4
3438.5	1
3439.5	1
3440.5	0
3441.5	1
3442.5	4
3443.5	1
3444.5	1
3445.5	3
3446.5	2
3447.5	3
3448.5	3
3449.5	2
3450.5	2
3451.5	1
3452.5	2
3453.5	2
3454.5	1
3455.5	0
3456.5	3
3457.5	3
3458.5	3
3459.5	2
3460.5	4
3461.5	6
3462.5	0
3463.5	3
3464.5	3
3465.5	1
3466.5	1
3467.5	0
3468.5	0
3469.5	3
3470.5	4
3471.5	3
3472.5	2
3473.5	2
3474.5	1
3475.5	5
3476.5	1
3477.5	1
3478.5	2
3479.5	4
3480.5	0
3481.5	3
3482.5	2
3483.5	2
3484.5	1
3485.5	0
3486.5	3
3487.5	4
3488.5	0
3489.5	1
3490.5	2
3491.5	0
3492.5	1
3493.5	4
3494.5	1
3495.5	3
3496.5	1
3497.5	3
3498.5	2
3499.5	1
3500.5	2
3501.5	0
3502.5	3
3503.5	3
3504.5	2
3505.5	2
3506.5	3
3507.5	2
3508.5	2
3509.5	0
3510.5	1
3511.5	1
3512.5	0
3513.5	2
3514.5	0
3515.5	0
3516.5	1
3517.5	1
3518.5	1
3519.5	1
3520.5	1
3521.5	1
3522.5	1
3523.5	0
3524.5	2
3525.5	2
3526.5	1
3527.5	3
3528.5	0
3529.5	1
3530.5	1
3531.5	0
3532.5	0
3533.5	1
3534.5	3
3535.5	0
3536.5	1
3537.5	1
3538.5	0
3539.5	1
3540.5	0
3541.5	0
3542.5	1
3543.5	1
3544.5	0
3545.5	0
3546.5	0
3547.5	0
3548.5	0
3549.5	1
3550.5	1
3551.5	0
3552.5	0
3553.5	0
3554.5	0
3555.5	0
3556.5	0
3557.5	0
3558.5	1
3559.5	0
3560.5	0
3561.5	0
3562.5	0
3563.5	0
3564.5	0
3565.5	0
3566.5	0
3567.5	0
3568.5	0
3569.5	0
3570.5	0
3571.5	1
3572.5	0
3573.5	0
3574.5	0
3575.5	0
3576.5	0
3577.5	0
3578.5	0
3579.5	0
3580.5	0
3581.5	0
3582.5	0
3583.5	0
3584.5	0
3585.5	0
3586.5	0
3587.5	0
3588.5	0
3589.5	0
3590.5	0
3591.5	0
3592.5	0
3593.5	0
3594.5	0
3595.5	0
3596.5	0
3597.5	0
3598.5	0
3599.5	0
3600.5	0
3601.5	0
3602.5	0
3603.5	0
3604.5	0
3605.5	0
3606.5	0
3607.5	0
3608.5	0
3609.5	0
3610.5	0
3611.5	0
3612.5	0
3613.5	0
3614.5	0
3615.5	0
3616.5	0
3617.5	0
3618.5	0
3619.5	0
3620.5	0
3621.5	0
3622.5	0
3623.5	0
3624.5	0
3625.5	0
3626.5	0
3627.5	0
3628.5	0
3629.5	0
3630.5	0
3631.5	0
3632.5	0
3633.5	0
3634.5	0
3635.5	0
3636.5	0
3637.5	0
3638.5	0
3639.5	0
3640.5	0
3641.5	0
3642.5	0
3643.5	0
3644.5	0
3645.5	0
3646.5	0
3647.5	0
3648.5	0
3649.5	0
3650.5	1
3651.5	0
3652.5	0
3653.5	0
3654.5	0
3655.5	0
3656.5	0
3657.5	0
3658.5	0
3659.5	0
3660.5	0
3661.5	0
3662.5	0
3663.5	0
3664.5	0
3665.5	0
3666.5	0
3667.5	0
3668.5	0
3669.5	0
3670.5	0
3671.5	0
3672.5	0
3673.5	0
3674.5	0
3675.5	0
3676.5	0
3677.5	0
3678.5	0
3679.5	0
3680.5	0
3681.5	0
3682.5	0
3683.5	0
3684.5	0
3685.5	0
3686.5	1
3687.5	0
3688.5	0
3689.5	0
3690.5	0
3691.5	0
3692.5	0
3693.5	1
3694.5	0
3695.5	0
3696.5	0
3697.5	0
3698.5	0
3699.5	0
3700.5	0
3701.5	0
3702.5	0
3703.5	0
3704.5	0
3705.5	1
3706.5	1
3707.5	0
3708.5	0
3709.5	0
3710.5	0
3711.5	0
3712.5	0
3713.5	0
3714.5	0
3715.5	0
3716.5	0
3717.5	0
3718.5	1
3719.5	0
3720.5	0
3721.5	0
3722.5	0
3723.5	0
3724.5	0
3725.5	0
3726.5	0
3727.5	0
3728.5	0
3729.5	0
3730.5	0
3731.5	1
3732.5	3
3733.5	0
3734.5	0
3735.5	0
3736.5	1
3737.5	1
3738.5	0
3739.5	0
3740.5	0
3741.5	0
3742.5	0
3743.5	0
3744.5	0
3745.5	0
3746.5	0
3747.5	0
3748.5	0
3749.5	0
3750.5	0
3751.5	0
3752.5	0
3753.5	0
3754.5	0
3755.5	0
3756.5	0
3757.5	0
3758.5	0
3759.5	0
3760.5	0
3761.5	0
3762.5	0
3763.5	0
3764.5	0
3765.5	0
3766.5	0
3767.5	0
3768.5	0
3769.5	0
3770.5	0
3771.5	0
3772.5	0
3773.5	0
3774.5	0
3775.5	0
3776.5	0
3777.5	0
3778.5	1
3779.5	0
3780.5	0
3781.5	0
3782.5	0
3783.5	0
3784.5	1
3785.5	0
3786.5	0
3787.5	0
3788.5	0
3789.5	0
3790.5	0
3791.5	0
3792.5	0
3793.5	0
3794.5	0
3795.5	0
3796.5	0
3797.5	0
3798.5	0
3799.5	1
3800.5	0
3801.5	0
3802.5	0
3803.5	0
3804.5	0
3805.5	0
3806.5	0
3807.5	0
3808.5	0
3809.5	0
3810.5	1
3811.5	0
3812.5	0
3813.5	0
3814.5	0
3815.5	0
3816.5	0
3817.5	0
3818.5	0
3819.5	0
3820.5	0
3821.5	0
3822.5	0
3823.5	0
3824.5	0
3825.5	0
3826.5	0
3827.5	0
3828.5	0
3829.5	0
3830.5	0
3831.5	0
3832.5	0
3833.5	0
3834.5	0
3835.5	0
3836.5	0
3837.5	0
3838.5	0
3839.5	0
3840.5	0
3841.5	1
3842.5	0
3843.5	0
3844.5	0
3845.5	1
3846.5	0
3847.5	0
3848.5	0
3849.5	0
3850.5	0
3851.5	0
3852.5	0
3853.5	0
3854.5	0
3855.5	0
3856.5	0
3857.5	0
3858.5	0
3859.5	0
3860.5	0
3861.5	0
3862.5	0
3863.5	0
3864.5	0
3865.5	0
3866.5	0
3867.5	0
3868.5	0
3869.5	0
3870.5	0
3871.5	0
3872.5	0
3873.5	0
3874.5	0
3875.5	0
3876.5	0
3877.5	0
3878.5	0
3879.5	0
3880.5	0
3881.5	0
3882.5	0
3883.5	1
3884.5	0
3885.5	0
3886.5	0
3887.5	0
3888.5	0
3889.5	0
3890.5	0
3891.5	0
3892.5	0
3893.5	0
3894.5	0
3895.5	0
3896.5	0
3897.5	0
3898.5	0
3899.5	1
3900.5	0
3901.5	1
3902.5	1
3903.5	0
3904.5	0
3905.5	0
3906.5	0
3907.5	0
3908.5	0
3909.5	0
3910.5	0
3911.5	0
3912.5	0
3913.5	0
3914.5	0
3915.5	0
3916.5	0
3917.5	0
3918.5	0
3919.5	0
3920.5	0
3921.5	0
3922.5	0
3923.5	0
3924.5	0
3925.5	0
3926.5	0
3927.5	0
3928.5	0
3929.5	0
3930.5	0
3931.5	0
3932.5	0
3933.5	0
3934.5	0
3935.5	0
3936.5	0
3937.5	0
3938.5	0
3939.5	1
3940.5	0
3941.5	0
3942.5	0
3943.5	0
3944.5	0
3945.5	0
3946.5	0
3947.5	0
3948.5	0
3949.5	0
3950.5	1
3951.5	0
3952.5	0
3953.5	0
3954.5	0
3955.5	0
3956.5	0
3957.5	0
3958.5	0
3959.5	0
3960.5	0
3961.5	0
3962.5	0
3963.5	0
3964.5	0
3965.5	0
3966.5	0
3967.5	0
3968.5	0
3969.5	0
3970.5	0
3971.5	0
3972.5	1
3973.5	0
3974.5	0
3975.5	0
3976.5	0
3977.5	0
3978.5	0
3979.5	0
3980.5	0
3981.5	0
3982.5	0
3983.5	0
3984.5	0
3985.5	0
3986.5	1
3987.5	0
3988.5	0
3989.5	0
3990.5	0
3991.5	0
3992.5	0
3993.5	0
3994.5	1
3995.5	0
3996.5	0
3997.5	0
3998.5	1
3999.5	0
4000.5	0
4001.5	0
4002.5	0
4003.5	0
4004.5	0
4005.5	0
4006.5	0
4007.5	0
4008.5	0
4009.5	0
4010.5	0
4011.5	0
4012.5	0
4013.5	0
4014.5	0
4015.5	0
4016.5	0
4017.5	0
4018.5	0
4019.5	0
4020.5	0
4021.5	1
4022.5	0
4023.5	0
4024.5	0
4025.5	0
4026.5	0
4027.5	0
4028.5	0
4029.5	0
4030.5	0
4031.5	0
4032.5	0
4033.5	0
4034.5	0
4035.5	0
4036.5	1
4037.5	0
4038.5	0
4039.5	0
4040.5	0
4041.5	0
4042.5	0
4043.5	0
4044.5	0
4045.5	0
4046.5	0
4047.5	0
4048.5	0
4049.5	0
4050.5	0
4051.5	0
4052.5	2
4053.5	0
4054.5	0
4055.5	0
4056.5	0
4057.5	0
4058.5	0
4059.5	0
4060.5	0
4061.5	0
4062.5	0
4063.5	0
4064.5	0
4065.5	0
4066.5	0
4067.5	0
4068.5	0
4069.5	0
4070.5	0
4071.5	0
4072.5	0
4073.5	0
4074.5	0
4075.5	1
4076.5	0
4077.5	0
4078.5	0
4079.5	1
4080.5	0
4081.5	0
4082.5	0
4083.5	1
4084.5	0
4085.5	1
4086.5	0
4087.5	0
4088.5	1
4089.5	1
4090.5	0
4091.5	0
4092.5	0
4093.5	0
4094.5	0
4095.5	0
