0.5	0
1.5	0
2.5	0
3.5	1
4.5	0
5.5	0
6.5	0
7.5	0
8.5	0
9.5	0
10.5	0
11.5	0
12.5	0
13.5	0
14.5	0
15.5	0
16.5	0
17.5	0
18.5	0
19.5	0
20.5	0
21.5	0
22.5	0
23.5	0
24.5	0
25.5	0
26.5	0
27.5	1
28.5	0
29.5	2
30.5	0
31.5	3
32.5	2
33.5	1
34.5	6
35.5	7
36.5	8
37.5	6
38.5	9
39.5	19
40.5	21
41.5	30
42.5	32
43.5	38
44.5	54
45.5	68
46.5	85
47.5	111
48.5	112
49.5	137
50.5	168
51.5	181
52.5	192
53.5	194
54.5	273
55.5	259
56.5	333
57.5	418
58.5	396
59.5	457
60.5	467
61.5	542
62.5	601
63.5	606
64.5	640
65.5	714
66.5	648
67.5	711
68.5	780
69.5	830
70.5	816
71.5	861
72.5	821
73.5	947
74.5	955
75.5	956
76.5	961
77.5	1002
78.5	1039
79.5	1097
80.5	1074
81.5	1102
82.5	1137
83.5	1228
84.5	1155
85.5	1238
86.5	1257
87.5	1260
88.5	1364
89.5	1384
90.5	1406
91.5	1388
92.5	1495
93.5	1564
94.5	1633
95.5	1631
96.5	1680
97.5	1749
98.5	1865
99.5	1829
100.5	1879
101.5	1897
102.5	2016
103.5	2098
104.5	2105
105.5	2146
106.5	2269
107.5	2284
108.5	2350
109.5	2424
110.5	2444
111.5	2515
112.5	2561
113.5	2699
114.5	2708
115.5	2685
116.5	2767
117.5	2910
118.5	2872
119.5	2917
120.5	2983
121.5	3094
122.5	3072
123.5	3223
124.5	3175
125.5	3237
126.5	3226
127.5	3240
128.5	3398
129.5	3398
130.5	3304
131.5	3212
132.5	3479
133.5	3418
134.5	3395
135.5	3493
136.5	3560
137.5	3527
138.5	3475
139.5	3489
140.5	3469
141.5	3367
142.5	3597
143.5	3552
144.5	3553
145.5	3529
146.5	3499
147.5	3584
148.5	3515
149.5	3519
150.5	3500
151.5	3612
152.5	3549
153.5	3606
154.5	3577
155.5	3625
156.5	3596
157.5	3592
158.5	3532
159.5	3541
160.5	3450
161.5	3461
162.5	3481
163.5	3483
164.5	3443
165.5	3561
166.5	3454
167.5	3464
168.5	3383
169.5	3411
170.5	3368
171.5	3440
172.5	3384
173.5	3521
174.5	3356
175.5	3424
176.5	3475
177.5	3358
178.5	3430
179.5	3334
180.5	3290
181.5	3321
182.5	3276
183.5	3209
184.5	3308
185.5	3268
186.5	3275
187.5	3263
188.5	3203
189.5	3299
190.5	3220
191.5	3199
192.5	3196
193.5	3031
194.5	3132
195.5	3092
196.5	3144
197.5	3107
198.5	3184
199.5	3075
200.5	3029
201.5	3050
202.5	3042
203.5	2918
204.5	3051
205.5	2917
206.5	2934
207.5	2899
208.5	2861
209.5	2898
210.5	2800
211.5	2836
212.5	2895
213.5	2743
214.5	2824
215.5	2768
216.5	2778
217.5	2738
218.5	2728
219.5	2677
220.5	2791
221.5	2716
222.5	2659
223.5	2669
224.5	2579
225.5	2656
226.5	2566
227.5	2637
228.5	2563
229.5	2570
230.5	2454
231.5	2517
232.5	2517
233.5	2494
234.5	2385
235.5	2471
236.5	2448
237.5	2399
238.5	2357
239.5	2441
240.5	2282
241.5	2350
242.5	2266
243.5	2306
244.5	2319
245.5	2244
246.5	2184
247.5	2302
248.5	2164
249.5	2201
250.5	2227
251.5	2123
252.5	2213
253.5	2131
254.5	2103
255.5	2013
256.5	2100
257.5	2047
258.5	2052
259.5	1951
260.5	2005
261.5	2030
262.5	1999
263.5	1907
264.5	1983
265.5	1966
266.5	1937
267.5	1943
268.5	1870
269.5	1930
270.5	1966
271.5	1873
272.5	1886
273.5	1906
274.5	1861
275.5	1894
276.5	1899
277.5	1845
278.5	1934
279.5	1879
280.5	1750
281.5	1712
282.5	1829
283.5	1711
284.5	1650
285.5	1678
286.5	1773
287.5	1797
288.5	1770
289.5	1706
290.5	1706
291.5	1612
292.5	1653
293.5	1594
294.5	1664
295.5	1607
296.5	1560
297.5	1575
298.5	1648
299.5	1599
300.5	1563
301.5	1509
302.5	1593
303.5	1614
304.5	1540
305.5	1506
306.5	1468
307.5	1523
308.5	1428
309.5	1490
310.5	1568
311.5	1472
312.5	1417
313.5	1423
314.5	1430
315.5	1362
316.5	1366
317.5	1398
318.5	1395
319.5	1426
320.5	1420
321.5	1393
322.5	1359
323.5	1368
324.5	1302
325.5	1297
326.5	1205
327.5	1300
328.5	1253
329.5	1336
330.5	1303
331.5	1247
332.5	1251
333.5	1346
334.5	1250
335.5	1226
336.5	1280
337.5	1225
338.5	1246
339.5	1227
340.5	1207
341.5	1262
342.5	1265
343.5	1210
344.5	1180
345.5	1249
346.5	1287
347.5	1231
348.5	1295
349.5	1155
350.5	1252
351.5	1246
352.5	1166
353.5	1221
354.5	1216
355.5	1177
356.5	1212
357.5	1201
358.5	1181
359.5	1222
360.5	1223
361.5	1146
362.5	1180
363.5	1234
364.5	1189
365.5	1128
366.5	1138
367.5	1145
368.5	1149
369.5	1075
370.5	1120
371.5	1041
372.5	1055
373.5	1055
374.5	1043
375.5	995
376.5	1022
377.5	1010
378.5	1009
379.5	970
380.5	927
381.5	941
382.5	909
383.5	875
384.5	932
385.5	927
386.5	853
387.5	865
388.5	891
389.5	836
390.5	855
391.5	832
392.5	819
393.5	811
394.5	828
395.5	802
396.5	772
397.5	784
398.5	779
399.5	760
400.5	760
401.5	759
402.5	741
403.5	739
404.5	772
405.5	822
406.5	724
407.5	741
408.5	759
409.5	714
410.5	739
411.5	751
412.5	703
413.5	678
414.5	707
415.5	697
416.5	682
417.5	670
418.5	666
419.5	663
420.5	685
421.5	684
422.5	644
423.5	692
424.5	699
425.5	708
426.5	683
427.5	668
428.5	644
429.5	631
430.5	618
431.5	667
432.5	656
433.5	675
434.5	676
435.5	647
436.5	645
437.5	631
438.5	630
439.5	644
440.5	632
441.5	644
442.5	607
443.5	587
444.5	583
445.5	606
446.5	549
447.5	654
448.5	591
449.5	576
450.5	568
451.5	589
452.5	594
453.5	542
454.5	550
455.5	582
456.5	538
457.5	509
458.5	542
459.5	509
460.5	541
461.5	493
462.5	528
463.5	501
464.5	505
465.5	496
466.5	512
467.5	504
468.5	503
469.5	453
470.5	493
471.5	461
472.5	500
473.5	491
474.5	486
475.5	497
476.5	459
477.5	492
478.5	424
479.5	464
480.5	444
481.5	458
482.5	455
483.5	421
484.5	462
485.5	444
486.5	476
487.5	450
488.5	476
489.5	434
490.5	456
491.5	481
492.5	447
493.5	456
494.5	479
495.5	462
496.5	457
497.5	465
498.5	426
499.5	464
500.5	444
501.5	461
502.5	465
503.5	458
504.5	438
505.5	453
506.5	431
507.5	447
508.5	414
509.5	438
510.5	495
511.5	509
512.5	484
513.5	440
514.5	423
515.5	417
516.5	416
517.5	433
518.5	425
519.5	449
520.5	406
521.5	436
522.5	442
523.5	424
524.5	448
525.5	425
526.5	433
527.5	432
528.5	382
529.5	427
530.5	433
531.5	381
532.5	401
533.5	402
534.5	378
535.5	406
536.5	359
537.5	347
538.5	376
539.5	351
540.5	358
541.5	332
542.5	309
543.5	331
544.5	323
545.5	303
546.5	309
547.5	348
548.5	353
549.5	310
550.5	308
551.5	301
552.5	287
553.5	303
554.5	274
555.5	289
556.5	318
557.5	312
558.5	319
559.5	289
560.5	312
561.5	319
562.5	278
563.5	294
564.5	307
565.5	242
566.5	293
567.5	263
568.5	271
569.5	273
570.5	273
571.5	290
572.5	276
573.5	269
574.5	245
575.5	280
576.5	273
577.5	252
578.5	259
579.5	261
580.5	271
581.5	268
582.5	247
583.5	237
584.5	277
585.5	230
586.5	253
587.5	264
588.5	229
589.5	270
590.5	233
591.5	267
592.5	229
593.5	233
594.5	234
595.5	237
596.5	208
597.5	245
598.5	255
599.5	221
600.5	230
601.5	235
602.5	231
603.5	225
604.5	234
605.5	226
606.5	219
607.5	253
608.5	219
609.5	242
610.5	230
611.5	233
612.5	225
613.5	251
614.5	236
615.5	236
616.5	224
617.5	234
618.5	222
619.5	211
620.5	263
621.5	223
622.5	218
623.5	220
624.5	203
625.5	218
626.5	230
627.5	214
628.5	214
629.5	226
630.5	214
631.5	197
632.5	190
633.5	194
634.5	194
635.5	207
636.5	203
637.5	176
638.5	199
639.5	225
640.5	238
641.5	202
642.5	205
643.5	231
644.5	211
645.5	206
646.5	200
647.5	209
648.5	225
649.5	203
650.5	191
651.5	205
652.5	197
653.5	186
654.5	209
655.5	188
656.5	216
657.5	195
658.5	189
659.5	203
660.5	178
661.5	206
662.5	177
663.5	194
664.5	152
665.5	190
666.5	185
667.5	207
668.5	171
669.5	171
670.5	190
671.5	181
672.5	186
673.5	194
674.5	171
675.5	177
676.5	170
677.5	178
678.5	187
679.5	172
680.5	176
681.5	169
682.5	193
683.5	163
684.5	170
685.5	169
686.5	168
687.5	175
688.5	162
689.5	169
690.5	169
691.5	172
692.5	178
693.5	154
694.5	184
695.5	166
696.5	164
697.5	176
698.5	178
699.5	160
700.5	167
701.5	167
702.5	161
703.5	169
704.5	163
705.5	177
706.5	162
707.5	169
708.5	169
709.5	179
710.5	169
711.5	157
712.5	173
713.5	171
714.5	165
715.5	162
716.5	161
717.5	167
718.5	165
719.5	167
720.5	169
721.5	153
722.5	158
723.5	177
724.5	162
725.5	183
726.5	185
727.5	181
728.5	169
729.5	145
730.5	154
731.5	140
732.5	151
733.5	169
734.5	171
735.5	147
736.5	170
737.5	159
738.5	141
739.5	152
740.5	160
741.5	141
742.5	170
743.5	161
744.5	172
745.5	169
746.5	174
747.5	157
748.5	134
749.5	182
750.5	145
751.5	162
752.5	167
753.5	159
754.5	161
755.5	151
756.5	150
757.5	150
758.5	141
759.5	134
760.5	145
761.5	178
762.5	137
763.5	142
764.5	156
765.5	150
766.5	134
767.5	134
768.5	163
769.5	129
770.5	137
771.5	133
772.5	145
773.5	134
774.5	135
775.5	125
776.5	143
777.5	141
778.5	120
779.5	142
780.5	130
781.5	127
782.5	133
783.5	122
784.5	136
785.5	113
786.5	130
787.5	143
788.5	147
789.5	131
790.5	128
791.5	117
792.5	146
793.5	127
794.5	129
795.5	127
796.5	124
797.5	131
798.5	125
799.5	135
800.5	127
801.5	121
802.5	124
803.5	139
804.5	125
805.5	113
806.5	124
807.5	128
808.5	122
809.5	118
810.5	136
811.5	137
812.5	127
813.5	137
814.5	133
815.5	149
816.5	134
817.5	146
818.5	151
819.5	123
820.5	162
821.5	155
822.5	150
823.5	125
824.5	154
825.5	145
826.5	146
827.5	133
828.5	130
829.5	155
830.5	142
831.5	156
832.5	128
833.5	130
834.5	127
835.5	132
836.5	152
837.5	149
838.5	137
839.5	150
840.5	138
841.5	145
842.5	150
843.5	136
844.5	175
845.5	143
846.5	134
847.5	134
848.5	145
849.5	141
850.5	136
851.5	126
852.5	154
853.5	145
854.5	147
855.5	157
856.5	153
857.5	145
858.5	148
859.5	168
860.5	143
861.5	122
862.5	157
863.5	153
864.5	146
865.5	144
866.5	153
867.5	125
868.5	140
869.5	150
870.5	127
871.5	141
872.5	170
873.5	155
874.5	158
875.5	163
876.5	156
877.5	159
878.5	129
879.5	149
880.5	148
881.5	125
882.5	146
883.5	120
884.5	134
885.5	132
886.5	153
887.5	137
888.5	109
889.5	140
890.5	120
891.5	130
892.5	125
893.5	110
894.5	125
895.5	118
896.5	133
897.5	118
898.5	114
899.5	134
900.5	110
901.5	115
902.5	118
903.5	110
904.5	113
905.5	106
906.5	116
907.5	106
908.5	109
909.5	93
910.5	76
911.5	113
912.5	100
913.5	100
914.5	106
915.5	97
916.5	94
917.5	106
918.5	90
919.5	96
920.5	78
921.5	96
922.5	74
923.5	72
924.5	83
925.5	85
926.5	69
927.5	95
928.5	96
929.5	95
930.5	75
931.5	92
932.5	96
933.5	74
934.5	89
935.5	78
936.5	75
937.5	74
938.5	68
939.5	91
940.5	81
941.5	90
942.5	78
943.5	79
944.5	76
945.5	79
946.5	72
947.5	87
948.5	66
949.5	91
950.5	81
951.5	84
952.5	94
953.5	86
954.5	75
955.5	74
956.5	78
957.5	87
958.5	75
959.5	70
960.5	76
961.5	73
962.5	89
963.5	78
964.5	76
965.5	88
966.5	85
967.5	87
968.5	67
969.5	66
970.5	84
971.5	81
972.5	78
973.5	74
974.5	70
975.5	70
976.5	73
977.5	62
978.5	75
979.5	73
980.5	60
981.5	50
982.5	61
983.5	79
984.5	73
985.5	73
986.5	62
987.5	86
988.5	80
989.5	64
990.5	64
991.5	84
992.5	67
993.5	63
994.5	55
995.5	68
996.5	82
997.5	69
998.5	80
999.5	73
1000.5	81
1001.5	79
1002.5	70
1003.5	90
1004.5	68
1005.5	75
1006.5	86
1007.5	79
1008.5	55
1009.5	68
1010.5	73
1011.5	67
1012.5	57
1013.5	71
1014.5	57
1015.5	54
1016.5	73
1017.5	79
1018.5	56
1019.5	75
1020.5	73
1021.5	75
1022.5	71
1023.5	66
1024.5	94
1025.5	67
1026.5	74
1027.5	79
1028.5	66
1029.5	73
1030.5	76
1031.5	70
1032.5	79
1033.5	76
1034.5	83
1035.5	53
1036.5	86
1037.5	67
1038.5	76
1039.5	80
1040.5	77
1041.5	68
1042.5	74
1043.5	77
1044.5	55
1045.5	74
1046.5	74
1047.5	77
1048.5	85
1049.5	78
1050.5	65
1051.5	78
1052.5	66
1053.5	69
1054.5	71
1055.5	78
1056.5	57
1057.5	67
1058.5	81
1059.5	59
1060.5	82
1061.5	57
1062.5	70
1063.5	76
1064.5	68
1065.5	71
1066.5	69
1067.5	73
1068.5	60
1069.5	63
1070.5	71
1071.5	55
1072.5	74
1073.5	72
1074.5	75
1075.5	77
1076.5	71
1077.5	62
1078.5	73
1079.5	78
1080.5	55
1081.5	75
1082.5	79
1083.5	66
1084.5	65
1085.5	64
1086.5	68
1087.5	73
1088.5	73
1089.5	73
1090.5	73
1091.5	66
1092.5	55
1093.5	63
1094.5	78
1095.5	69
1096.5	65
1097.5	73
1098.5	66
1099.5	62
1100.5	58
1101.5	65
1102.5	80
1103.5	63
1104.5	70
1105.5	73
1106.5	64
1107.5	61
1108.5	75
1109.5	53
1110.5	65
1111.5	61
1112.5	59
1113.5	60
1114.5	75
1115.5	57
1116.5	55
1117.5	61
1118.5	60
1119.5	64
1120.5	80
1121.5	67
1122.5	69
1123.5	55
1124.5	64
1125.5	70
1126.5	65
1127.5	76
1128.5	61
1129.5	71
1130.5	75
1131.5	57
1132.5	51
1133.5	66
1134.5	59
1135.5	50
1136.5	63
1137.5	55
1138.5	61
1139.5	59
1140.5	70
1141.5	65
1142.5	55
1143.5	45
1144.5	66
1145.5	55
1146.5	77
1147.5	51
1148.5	56
1149.5	61
1150.5	60
1151.5	53
1152.5	60
1153.5	53
1154.5	49
1155.5	47
1156.5	67
1157.5	63
1158.5	63
1159.5	52
1160.5	59
1161.5	55
1162.5	57
1163.5	50
1164.5	57
1165.5	52
1166.5	58
1167.5	71
1168.5	56
1169.5	57
1170.5	57
1171.5	43
1172.5	39
1173.5	72
1174.5	50
1175.5	68
1176.5	63
1177.5	59
1178.5	43
1179.5	68
1180.5	48
1181.5	67
1182.5	56
1183.5	53
1184.5	45
1185.5	56
1186.5	50
1187.5	57
1188.5	39
1189.5	50
1190.5	50
1191.5	61
1192.5	62
1193.5	54
1194.5	54
1195.5	51
1196.5	63
1197.5	59
1198.5	57
1199.5	39
1200.5	49
1201.5	46
1202.5	55
1203.5	50
1204.5	52
1205.5	60
1206.5	65
1207.5	47
1208.5	52
1209.5	48
1210.5	46
1211.5	52
1212.5	65
1213.5	69
1214.5	51
1215.5	52
1216.5	47
1217.5	39
1218.5	64
1219.5	50
1220.5	52
1221.5	53
1222.5	49
1223.5	49
1224.5	41
1225.5	52
1226.5	52
1227.5	47
1228.5	51
1229.5	63
1230.5	44
1231.5	46
1232.5	55
1233.5	58
1234.5	51
1235.5	56
1236.5	59
1237.5	44
1238.5	52
1239.5	59
1240.5	45
1241.5	47
1242.5	50
1243.5	61
1244.5	49
1245.5	56
1246.5	61
1247.5	63
1248.5	56
1249.5	56
1250.5	48
1251.5	49
1252.5	78
1253.5	57
1254.5	56
1255.5	70
1256.5	49
1257.5	51
1258.5	47
1259.5	48
1260.5	45
1261.5	48
1262.5	52
1263.5	44
1264.5	45
1265.5	51
1266.5	65
1267.5	68
1268.5	72
1269.5	50
1270.5	49
1271.5	66
1272.5	51
1273.5	57
1274.5	63
1275.5	60
1276.5	54
1277.5	56
1278.5	61
1279.5	60
1280.5	61
1281.5	56
1282.5	48
1283.5	51
1284.5	55
1285.5	80
1286.5	58
1287.5	47
1288.5	59
1289.5	48
1290.5	64
1291.5	79
1292.5	51
1293.5	66
1294.5	51
1295.5	50
1296.5	58
1297.5	59
1298.5	52
1299.5	54
1300.5	63
1301.5	50
1302.5	60
1303.5	56
1304.5	61
1305.5	58
1306.5	44
1307.5	69
1308.5	61
1309.5	56
1310.5	49
1311.5	72
1312.5	68
1313.5	61
1314.5	53
1315.5	70
1316.5	59
1317.5	64
1318.5	62
1319.5	60
1320.5	62
1321.5	51
1322.5	50
1323.5	57
1324.5	50
1325.5	55
1326.5	53
1327.5	59
1328.5	56
1329.5	50
1330.5	40
1331.5	51
1332.5	56
1333.5	43
1334.5	56
1335.5	50
1336.5	55
1337.5	53
1338.5	43
1339.5	54
1340.5	61
1341.5	53
1342.5	35
1343.5	45
1344.5	57
1345.5	56
1346.5	53
1347.5	63
1348.5	61
1349.5	59
1350.5	52
1351.5	52
1352.5	48
1353.5	48
1354.5	53
1355.5	54
1356.5	55
1357.5	56
1358.5	51
1359.5	62
1360.5	60
1361.5	65
1362.5	61
1363.5	42
1364.5	66
1365.5	49
1366.5	72
1367.5	55
1368.5	51
1369.5	54
1370.5	44
1371.5	61
1372.5	65
1373.5	61
1374.5	59
1375.5	47
1376.5	55
1377.5	47
1378.5	57
1379.5	58
1380.5	41
1381.5	47
1382.5	39
1383.5	54
1384.5	57
1385.5	44
1386.5	57
1387.5	55
1388.5	61
1389.5	49
1390.5	54
1391.5	47
1392.5	41
1393.5	56
1394.5	54
1395.5	42
1396.5	43
1397.5	51
1398.5	40
1399.5	38
1400.5	36
1401.5	46
1402.5	48
1403.5	36
1404.5	63
1405.5	51
1406.5	35
1407.5	43
1408.5	46
1409.5	48
1410.5	41
1411.5	44
1412.5	45
1413.5	40
1414.5	41
1415.5	36
1416.5	39
1417.5	39
1418.5	55
1419.5	37
1420.5	37
1421.5	41
1422.5	39
1423.5	33
1424.5	40
1425.5	59
1426.5	44
1427.5	49
1428.5	34
1429.5	31
1430.5	41
1431.5	37
1432.5	37
1433.5	42
1434.5	35
1435.5	39
1436.5	50
1437.5	48
1438.5	39
1439.5	29
1440.5	39
1441.5	34
1442.5	43
1443.5	37
1444.5	33
1445.5	35
1446.5	44
1447.5	51
1448.5	24
1449.5	41
1450.5	27
1451.5	35
1452.5	50
1453.5	42
1454.5	47
1455.5	26
1456.5	38
1457.5	42
1458.5	30
1459.5	34
1460.5	37
1461.5	40
1462.5	38
1463.5	37
1464.5	38
1465.5	47
1466.5	43
1467.5	37
1468.5	29
1469.5	38
1470.5	36
1471.5	28
1472.5	26
1473.5	33
1474.5	42
1475.5	32
1476.5	45
1477.5	40
1478.5	31
1479.5	37
1480.5	31
1481.5	27
1482.5	27
1483.5	49
1484.5	25
1485.5	39
1486.5	46
1487.5	30
1488.5	39
1489.5	39
1490.5	25
1491.5	42
1492.5	37
1493.5	33
1494.5	33
1495.5	41
1496.5	42
1497.5	35
1498.5	39
1499.5	40
1500.5	27
1501.5	48
1502.5	29
1503.5	34
1504.5	41
1505.5	41
1506.5	42
1507.5	46
1508.5	36
1509.5	42
1510.5	35
1511.5	32
1512.5	39
1513.5	34
1514.5	30
1515.5	46
1516.5	44
1517.5	38
1518.5	41
1519.5	39
1520.5	34
1521.5	40
1522.5	36
1523.5	36
1524.5	37
1525.5	47
1526.5	36
1527.5	44
1528.5	44
1529.5	32
1530.5	41
1531.5	35
1532.5	38
1533.5	27
1534.5	45
1535.5	37
1536.5	49
1537.5	42
1538.5	40
1539.5	45
1540.5	36
1541.5	28
1542.5	28
1543.5	32
1544.5	44
1545.5	44
1546.5	45
1547.5	45
1548.5	39
1549.5	36
1550.5	44
1551.5	44
1552.5	29
1553.5	45
1554.5	41
1555.5	43
1556.5	41
1557.5	45
1558.5	42
1559.5	33
1560.5	40
1561.5	49
1562.5	48
1563.5	35
1564.5	40
1565.5	35
1566.5	42
1567.5	43
1568.5	44
1569.5	43
1570.5	42
1571.5	38
1572.5	31
1573.5	40
1574.5	44
1575.5	51
1576.5	39
1577.5	35
1578.5	44
1579.5	42
1580.5	40
1581.5	39
1582.5	43
1583.5	36
1584.5	38
1585.5	46
1586.5	30
1587.5	36
1588.5	33
1589.5	40
1590.5	34
1591.5	39
1592.5	51
1593.5	32
1594.5	39
1595.5	40
1596.5	33
1597.5	50
1598.5	42
1599.5	41
1600.5	38
1601.5	35
1602.5	28
1603.5	30
1604.5	37
1605.5	37
1606.5	35
1607.5	28
1608.5	46
1609.5	31
1610.5	37
1611.5	43
1612.5	33
1613.5	48
1614.5	28
1615.5	30
1616.5	41
1617.5	35
1618.5	36
1619.5	36
1620.5	45
1621.5	39
1622.5	31
1623.5	30
1624.5	45
1625.5	38
1626.5	39
1627.5	31
1628.5	34
1629.5	35
1630.5	29
1631.5	38
1632.5	55
1633.5	32
1634.5	41
1635.5	41
1636.5	33
1637.5	44
1638.5	36
1639.5	40
1640.5	31
1641.5	39
1642.5	36
1643.5	28
1644.5	38
1645.5	37
1646.5	32
1647.5	27
1648.5	39
1649.5	48
1650.5	36
1651.5	28
1652.5	27
1653.5	33
1654.5	28
1655.5	31
1656.5	36
1657.5	28
1658.5	45
1659.5	31
1660.5	26
1661.5	38
1662.5	26
1663.5	32
1664.5	35
1665.5	30
1666.5	25
1667.5	43
1668.5	31
1669.5	31
1670.5	30
1671.5	31
1672.5	34
1673.5	31
1674.5	33
1675.5	28
1676.5	40
1677.5	27
1678.5	40
1679.5	20
1680.5	35
1681.5	34
1682.5	28
1683.5	41
1684.5	34
1685.5	35
1686.5	32
1687.5	41
1688.5	30
1689.5	31
1690.5	29
1691.5	31
1692.5	26
1693.5	43
1694.5	32
1695.5	39
1696.5	23
1697.5	34
1698.5	35
1699.5	21
1700.5	33
1701.5	27
1702.5	30
1703.5	30
1704.5	21
1705.5	19
1706.5	36
1707.5	21
1708.5	25
1709.5	27
1710.5	24
1711.5	45
1712.5	22
1713.5	21
1714.5	29
1715.5	27
1716.5	28
1717.5	25
1718.5	29
1719.5	23
1720.5	30
1721.5	22
1722.5	28
1723.5	28
1724.5	29
1725.5	25
1726.5	19
1727.5	19
1728.5	33
1729.5	29
1730.5	20
1731.5	41
1732.5	17
1733.5	29
1734.5	31
1735.5	21
1736.5	25
1737.5	22
1738.5	33
1739.5	23
1740.5	28
1741.5	28
1742.5	25
1743.5	34
1744.5	21
1745.5	18
1746.5	24
1747.5	21
1748.5	30
1749.5	28
1750.5	29
1751.5	24
1752.5	24
1753.5	26
1754.5	26
1755.5	16
1756.5	20
1757.5	25
1758.5	17
1759.5	18
1760.5	27
1761.5	16
1762.5	28
1763.5	17
1764.5	19
1765.5	25
1766.5	14
1767.5	24
1768.5	18
1769.5	18
1770.5	18
1771.5	19
1772.5	30
1773.5	21
1774.5	17
1775.5	18
1776.5	17
1777.5	19
1778.5	18
1779.5	21
1780.5	22
1781.5	13
1782.5	25
1783.5	17
1784.5	28
1785.5	20
1786.5	18
1787.5	16
1788.5	22
1789.5	16
1790.5	16
1791.5	27
1792.5	19
1793.5	26
1794.5	17
1795.5	14
1796.5	14
1797.5	10
1798.5	19
1799.5	12
1800.5	25
1801.5	12
1802.5	17
1803.5	20
1804.5	18
1805.5	17
1806.5	8
1807.5	21
1808.5	17
1809.5	16
1810.5	20
1811.5	12
1812.5	17
1813.5	14
1814.5	10
1815.5	18
1816.5	20
1817.5	19
1818.5	13
1819.5	21
1820.5	21
1821.5	18
1822.5	19
1823.5	17
1824.5	14
1825.5	19
1826.5	16
1827.5	11
1828.5	14
1829.5	16
1830.5	15
1831.5	11
1832.5	21
1833.5	13
1834.5	13
1835.5	21
1836.5	15
1837.5	18
1838.5	13
1839.5	15
1840.5	16
1841.5	22
1842.5	16
1843.5	11
1844.5	22
1845.5	11
1846.5	22
1847.5	18
1848.5	18
1849.5	17
1850.5	14
1851.5	18
1852.5	12
1853.5	7
1854.5	14
1855.5	21
1856.5	20
1857.5	19
1858.5	15
1859.5	25
1860.5	12
1861.5	18
1862.5	17
1863.5	17
1864.5	18
1865.5	15
1866.5	13
1867.5	14
1868.5	13
1869.5	9
1870.5	14
1871.5	22
1872.5	18
1873.5	13
1874.5	18
1875.5	10
1876.5	12
1877.5	11
1878.5	19
1879.5	16
1880.5	12
1881.5	11
1882.5	17
1883.5	15
1884.5	15
1885.5	6
1886.5	16
1887.5	13
1888.5	11
1889.5	19
1890.5	11
1891.5	26
1892.5	16
1893.5	19
1894.5	15
1895.5	12
1896.5	19
1897.5	14
1898.5	16
1899.5	14
1900.5	23
1901.5	16
1902.5	14
1903.5	15
1904.5	12
1905.5	16
1906.5	16
1907.5	17
1908.5	14
1909.5	15
1910.5	16
1911.5	11
1912.5	18
1913.5	24
1914.5	18
1915.5	13
1916.5	11
1917.5	18
1918.5	12
1919.5	15
1920.5	18
1921.5	17
1922.5	13
1923.5	18
1924.5	16
1925.5	21
1926.5	9
1927.5	23
1928.5	13
1929.5	13
1930.5	15
1931.5	12
1932.5	20
1933.5	23
1934.5	18
1935.5	18
1936.5	22
1937.5	17
1938.5	27
1939.5	20
1940.5	18
1941.5	16
1942.5	9
1943.5	16
1944.5	12
1945.5	19
1946.5	10
1947.5	14
1948.5	25
1949.5	20
1950.5	17
1951.5	21
1952.5	18
1953.5	22
1954.5	21
1955.5	21
1956.5	15
1957.5	23
1958.5	38
1959.5	17
1960.5	18
1961.5	22
1962.5	22
1963.5	30
1964.5	17
1965.5	23
1966.5	17
1967.5	19
1968.5	19
1969.5	24
1970.5	31
1971.5	30
1972.5	22
1973.5	28
1974.5	40
1975.5	23
1976.5	40
1977.5	20
1978.5	29
1979.5	33
1980.5	28
1981.5	36
1982.5	31
1983.5	41
1984.5	34
1985.5	48
1986.5	47
1987.5	29
1988.5	37
1989.5	40
1990.5	46
1991.5	50
1992.5	37
1993.5	35
1994.5	58
1995.5	44
1996.5	40
1997.5	62
1998.5	49
1999.5	45
2000.5	44
2001.5	56
2002.5	63
2003.5	60
2004.5	37
2005.5	49
2006.5	52
2007.5	63
2008.5	53
2009.5	63
2010.5	61
2011.5	62
2012.5	55
2013.5	55
2014.5	67
2015.5	49
2016.5	55
2017.5	65
2018.5	54
2019.5	73
2020.5	52
2021.5	58
2022.5	55
2023.5	56
2024.5	59
2025.5	53
2026.5	43
2027.5	54
2028.5	65
2029.5	54
2030.5	61
2031.5	64
2032.5	62
2033.5	54
2034.5	54
2035.5	59
2036.5	56
2037.5	59
2038.5	66
2039.5	57
2040.5	60
2041.5	60
2042.5	61
2043.5	57
2044.5	58
2045.5	72
2046.5	66
2047.5	46
2048.5	63
2049.5	50
2050.5	44
2051.5	56
2052.5	45
2053.5	49
2054.5	63
2055.5	47
2056.5	62
2057.5	47
2058.5	63
2059.5	43
2060.5	44
2061.5	46
2062.5	51
2063.5	38
2064.5	62
2065.5	66
2066.5	47
2067.5	42
2068.5	41
2069.5	40
2070.5	37
2071.5	35
2072.5	44
2073.5	42
2074.5	45
2075.5	37
2076.5	31
2077.5	35
2078.5	31
2079.5	28
2080.5	31
2081.5	39
2082.5	25
2083.5	28
2084.5	26
2085.5	25
2086.5	31
2087.5	18
2088.5	25
2089.5	26
2090.5	19
2091.5	26
2092.5	21
2093.5	26
2094.5	17
2095.5	18
2096.5	21
2097.5	14
2098.5	16
2099.5	17
2100.5	20
2101.5	17
2102.5	22
2103.5	15
2104.5	9
2105.5	15
2106.5	16
2107.5	7
2108.5	17
2109.5	16
2110.5	14
2111.5	19
2112.5	14
2113.5	12
2114.5	14
2115.5	10
2116.5	9
2117.5	12
2118.5	10
2119.5	12
2120.5	15
2121.5	10
2122.5	8
2123.5	11
2124.5	14
2125.5	8
2126.5	8
2127.5	7
2128.5	11
2129.5	13
2130.5	9
2131.5	12
2132.5	5
2133.5	5
2134.5	6
2135.5	6
2136.5	12
2137.5	7
2138.5	5
2139.5	10
2140.5	8
2141.5	8
2142.5	16
2143.5	13
2144.5	14
2145.5	7
2146.5	11
2147.5	14
2148.5	8
2149.5	7
2150.5	8
2151.5	13
2152.5	11
2153.5	11
2154.5	16
2155.5	13
2156.5	13
2157.5	8
2158.5	9
2159.5	6
2160.5	6
2161.5	11
2162.5	11
2163.5	11
2164.5	16
2165.5	6
2166.5	11
2167.5	6
2168.5	7
2169.5	9
2170.5	5
2171.5	15
2172.5	14
2173.5	14
2174.5	6
2175.5	11
2176.5	8
2177.5	12
2178.5	15
2179.5	15
2180.5	16
2181.5	16
2182.5	13
2183.5	8
2184.5	13
2185.5	13
2186.5	8
2187.5	10
2188.5	8
2189.5	10
2190.5	15
2191.5	8
2192.5	8
2193.5	5
2194.5	12
2195.5	10
2196.5	18
2197.5	10
2198.5	12
2199.5	12
2200.5	12
2201.5	9
2202.5	9
2203.5	8
2204.5	6
2205.5	11
2206.5	12
2207.5	15
2208.5	8
2209.5	8
2210.5	13
2211.5	9
2212.5	17
2213.5	13
2214.5	10
2215.5	10
2216.5	6
2217.5	7
2218.5	14
2219.5	7
2220.5	9
2221.5	6
2222.5	10
2223.5	12
2224.5	11
2225.5	5
2226.5	13
2227.5	13
2228.5	9
2229.5	5
2230.5	7
2231.5	5
2232.5	7
2233.5	9
2234.5	12
2235.5	8
2236.5	6
2237.5	9
2238.5	9
2239.5	4
2240.5	9
2241.5	8
2242.5	8
2243.5	8
2244.5	10
2245.5	7
2246.5	4
2247.5	10
2248.5	3
2249.5	6
2250.5	3
2251.5	6
2252.5	9
2253.5	7
2254.5	6
2255.5	10
2256.5	13
2257.5	5
2258.5	10
2259.5	7
2260.5	5
2261.5	6
2262.5	5
2263.5	5
2264.5	5
2265.5	8
2266.5	11
2267.5	5
2268.5	6
2269.5	9
2270.5	5
2271.5	7
2272.5	6
2273.5	3
2274.5	5
2275.5	7
2276.5	7
2277.5	5
2278.5	7
2279.5	4
2280.5	4
2281.5	8
2282.5	7
2283.5	6
2284.5	5
2285.5	6
2286.5	5
2287.5	4
2288.5	9
2289.5	6
2290.5	4
2291.5	2
2292.5	6
2293.5	8
2294.5	5
2295.5	4
2296.5	5
2297.5	11
2298.5	4
2299.5	5
2300.5	6
2301.5	9
2302.5	7
2303.5	3
2304.5	2
2305.5	4
2306.5	7
2307.5	6
2308.5	8
2309.5	4
2310.5	5
2311.5	9
2312.5	10
2313.5	7
2314.5	10
2315.5	7
2316.5	5
2317.5	10
2318.5	4
2319.5	7
2320.5	2
2321.5	3
2322.5	6
2323.5	5
2324.5	6
2325.5	3
2326.5	4
2327.5	4
2328.5	5
2329.5	1
2330.5	7
2331.5	6
2332.5	4
2333.5	3
2334.5	2
2335.5	4
2336.5	8
2337.5	5
2338.5	7
2339.5	6
2340.5	3
2341.5	7
2342.5	7
2343.5	12
2344.5	10
2345.5	3
2346.5	8
2347.5	6
2348.5	8
2349.5	7
2350.5	13
2351.5	10
2352.5	4
2353.5	5
2354.5	7
2355.5	8
2356.5	7
2357.5	8
2358.5	10
2359.5	5
2360.5	3
2361.5	7
2362.5	9
2363.5	10
2364.5	10
2365.5	10
2366.5	7
2367.5	0
2368.5	11
2369.5	12
2370.5	4
2371.5	5
2372.5	8
2373.5	5
2374.5	5
2375.5	8
2376.5	6
2377.5	10
2378.5	7
2379.5	11
2380.5	8
2381.5	2
2382.5	8
2383.5	10
2384.5	5
2385.5	11
2386.5	2
2387.5	6
2388.5	6
2389.5	13
2390.5	9
2391.5	5
2392.5	4
2393.5	7
2394.5	8
2395.5	11
2396.5	10
2397.5	3
2398.5	13
2399.5	10
2400.5	5
2401.5	9
2402.5	9
2403.5	11
2404.5	4
2405.5	10
2406.5	15
2407.5	8
2408.5	12
2409.5	11
2410.5	4
2411.5	8
2412.5	9
2413.5	16
2414.5	8
2415.5	5
2416.5	10
2417.5	7
2418.5	10
2419.5	11
2420.5	6
2421.5	12
2422.5	14
2423.5	7
2424.5	11
2425.5	8
2426.5	12
2427.5	10
2428.5	8
2429.5	8
2430.5	7
2431.5	10
2432.5	7
2433.5	11
2434.5	13
2435.5	2
2436.5	13
2437.5	8
2438.5	9
2439.5	10
2440.5	4
2441.5	10
2442.5	6
2443.5	6
2444.5	6
2445.5	10
2446.5	6
2447.5	10
2448.5	13
2449.5	6
2450.5	3
2451.5	9
2452.5	6
2453.5	12
2454.5	8
2455.5	8
2456.5	7
2457.5	9
2458.5	16
2459.5	12
2460.5	4
2461.5	11
2462.5	9
2463.5	11
2464.5	8
2465.5	7
2466.5	10
2467.5	4
2468.5	7
2469.5	5
2470.5	11
2471.5	5
2472.5	5
2473.5	8
2474.5	7
2475.5	11
2476.5	7
2477.5	8
2478.5	5
2479.5	7
2480.5	6
2481.5	6
2482.5	5
2483.5	6
2484.5	4
2485.5	13
2486.5	6
2487.5	7
2488.5	7
2489.5	5
2490.5	8
2491.5	5
2492.5	5
2493.5	8
2494.5	2
2495.5	4
2496.5	5
2497.5	5
2498.5	6
2499.5	5
2500.5	5
2501.5	3
2502.5	4
2503.5	5
2504.5	10
2505.5	10
2506.5	8
2507.5	4
2508.5	7
2509.5	5
2510.5	5
2511.5	4
2512.5	7
2513.5	5
2514.5	8
2515.5	4
2516.5	6
2517.5	4
2518.5	6
2519.5	6
2520.5	3
2521.5	12
2522.5	8
2523.5	7
2524.5	2
2525.5	9
2526.5	4
2527.5	3
2528.5	2
2529.5	4
2530.5	5
2531.5	7
2532.5	3
2533.5	5
2534.5	6
2535.5	4
2536.5	7
2537.5	1
2538.5	5
2539.5	6
2540.5	3
2541.5	5
2542.5	6
2543.5	6
2544.5	3
2545.5	3
2546.5	3
2547.5	9
2548.5	3
2549.5	7
2550.5	4
2551.5	11
2552.5	5
2553.5	5
2554.5	7
2555.5	7
2556.5	5
2557.5	4
2558.5	3
2559.5	5
2560.5	5
2561.5	6
2562.5	4
2563.5	7
2564.5	3
2565.5	5
2566.5	2
2567.5	6
2568.5	3
2569.5	5
2570.5	7
2571.5	11
2572.5	10
2573.5	6
2574.5	5
2575.5	4
2576.5	8
2577.5	3
2578.5	8
2579.5	0
2580.5	3
2581.5	3
2582.5	0
2583.5	2
2584.5	5
2585.5	6
2586.5	6
2587.5	4
2588.5	6
2589.5	13
2590.5	6
2591.5	6
2592.5	0
2593.5	6
2594.5	2
2595.5	6
2596.5	2
2597.5	3
2598.5	4
2599.5	4
2600.5	4
2601.5	2
2602.5	3
2603.5	4
2604.5	2
2605.5	4
2606.5	5
2607.5	1
2608.5	6
2609.5	4
2610.5	4
2611.5	7
2612.5	2
2613.5	8
2614.5	8
2615.5	5
2616.5	10
2617.5	4
2618.5	4
2619.5	1
2620.5	5
2621.5	3
2622.5	4
2623.5	2
2624.5	5
2625.5	5
2626.5	3
2627.5	8
2628.5	7
2629.5	6
2630.5	6
2631.5	4
2632.5	2
2633.5	4
2634.5	2
2635.5	6
2636.5	1
2637.5	6
2638.5	3
2639.5	3
2640.5	5
2641.5	3
2642.5	3
2643.5	6
2644.5	2
2645.5	5
2646.5	4
2647.5	3
2648.5	2
2649.5	4
2650.5	4
2651.5	4
2652.5	6
2653.5	5
2654.5	4
2655.5	5
2656.5	2
2657.5	1
2658.5	4
2659.5	4
2660.5	3
2661.5	3
2662.5	2
2663.5	2
2664.5	6
2665.5	3
2666.5	2
2667.5	5
2668.5	4
2669.5	2
2670.5	1
2671.5	2
2672.5	7
2673.5	4
2674.5	3
2675.5	3
2676.5	0
2677.5	5
2678.5	2
2679.5	7
2680.5	3
2681.5	7
2682.5	4
2683.5	2
2684.5	4
2685.5	5
2686.5	2
2687.5	2
2688.5	7
2689.5	3
2690.5	2
2691.5	3
2692.5	6
2693.5	6
2694.5	2
2695.5	3
2696.5	2
2697.5	5
2698.5	3
2699.5	6
2700.5	6
2701.5	3
2702.5	3
2703.5	5
2704.5	5
2705.5	4
2706.5	2
2707.5	2
2708.5	4
2709.5	3
2710.5	4
2711.5	2
2712.5	4
2713.5	2
2714.5	3
2715.5	5
2716.5	1
2717.5	5
2718.5	7
2719.5	4
2720.5	4
2721.5	3
2722.5	7
2723.5	4
2724.5	3
2725.5	2
2726.5	8
2727.5	5
2728.5	4
2729.5	6
2730.5	8
2731.5	3
2732.5	3
2733.5	5
2734.5	5
2735.5	4
2736.5	7
2737.5	5
2738.5	8
2739.5	8
2740.5	5
2741.5	3
2742.5	1
2743.5	3
2744.5	3
2745.5	6
2746.5	3
2747.5	2
2748.5	2
2749.5	4
2750.5	2
2751.5	5
2752.5	4
2753.5	4
2754.5	5
2755.5	5
2756.5	6
2757.5	1
2758.5	7
2759.5	3
2760.5	1
2761.5	3
2762.5	4
2763.5	3
2764.5	1
2765.5	3
2766.5	1
2767.5	4
2768.5	3
2769.5	4
2770.5	7
2771.5	3
2772.5	1
2773.5	3
2774.5	4
2775.5	3
2776.5	3
2777.5	4
2778.5	5
2779.5	4
2780.5	3
2781.5	6
2782.5	1
2783.5	6
2784.5	5
2785.5	4
2786.5	3
2787.5	1
2788.5	2
2789.5	3
2790.5	5
2791.5	2
2792.5	3
2793.5	5
2794.5	2
2795.5	4
2796.5	5
2797.5	5
2798.5	5
2799.5	4
2800.5	4
2801.5	2
2802.5	3
2803.5	1
2804.5	3
2805.5	2
2806.5	5
2807.5	2
2808.5	2
2809.5	2
2810.5	4
2811.5	1
2812.5	2
2813.5	5
2814.5	3
2815.5	4
2816.5	3
2817.5	5
2818.5	3
2819.5	3
2820.5	4
2821.5	3
2822.5	3
2823.5	3
2824.5	2
2825.5	5
2826.5	4
2827.5	5
2828.5	4
2829.5	5
2830.5	4
2831.5	3
2832.5	4
2833.5	3
2834.5	3
2835.5	6
2836.5	3
2837.5	7
2838.5	5
2839.5	2
2840.5	8
2841.5	6
2842.5	4
2843.5	4
2844.5	2
2845.5	1
2846.5	4
2847.5	3
2848.5	6
2849.5	4
2850.5	4
2851.5	3
2852.5	5
2853.5	6
2854.5	6
2855.5	2
2856.5	5
2857.5	3
2858.5	3
2859.5	6
2860.5	0
2861.5	10
2862.5	4
2863.5	9
2864.5	6
2865.5	8
2866.5	8
2867.5	7
2868.5	6
2869.5	12
2870.5	2
2871.5	7
2872.5	2
2873.5	6
2874.5	4
2875.5	5
2876.5	6
2877.5	7
2878.5	5
2879.5	6
2880.5	5
2881.5	7
2882.5	9
2883.5	5
2884.5	7
2885.5	3
2886.5	4
2887.5	5
2888.5	6
2889.5	3
2890.5	3
2891.5	4
2892.5	4
2893.5	11
2894.5	3
2895.5	2
2896.5	14
2897.5	5
2898.5	3
2899.5	11
2900.5	3
2901.5	9
2902.5	5
2903.5	7
2904.5	5
2905.5	7
2906.5	7
2907.5	7
2908.5	7
2909.5	4
2910.5	7
2911.5	8
2912.5	7
2913.5	5
2914.5	4
2915.5	12
2916.5	4
2917.5	4
2918.5	13
2919.5	5
2920.5	4
2921.5	2
2922.5	8
2923.5	8
2924.5	8
2925.5	4
2926.5	3
2927.5	6
2928.5	6
2929.5	1
2930.5	6
2931.5	2
2932.5	7
2933.5	5
2934.5	6
2935.5	6
2936.5	8
2937.5	3
2938.5	4
2939.5	4
2940.5	5
2941.5	4
2942.5	5
2943.5	10
2944.5	9
2945.5	5
2946.5	9
2947.5	3
2948.5	4
2949.5	6
2950.5	5
2951.5	4
2952.5	4
2953.5	4
2954.5	8
2955.5	3
2956.5	5
2957.5	7
2958.5	5
2959.5	6
2960.5	5
2961.5	3
2962.5	7
2963.5	6
2964.5	6
2965.5	4
2966.5	8
2967.5	6
2968.5	3
2969.5	5
2970.5	10
2971.5	2
2972.5	3
2973.5	7
2974.5	7
2975.5	4
2976.5	4
2977.5	4
2978.5	2
2979.5	4
2980.5	6
2981.5	3
2982.5	4
2983.5	3
2984.5	6
2985.5	2
2986.5	6
2987.5	3
2988.5	8
2989.5	1
2990.5	7
2991.5	7
2992.5	5
2993.5	3
2994.5	2
2995.5	3
2996.5	2
2997.5	3
2998.5	3
2999.5	7
3000.5	4
3001.5	6
3002.5	4
3003.5	2
3004.5	4
3005.5	6
3006.5	6
3007.5	3
3008.5	3
3009.5	3
3010.5	3
3011.5	4
3012.5	3
3013.5	3
3014.5	4
3015.5	2
3016.5	4
3017.5	5
3018.5	5
3019.5	5
3020.5	6
3021.5	2
3022.5	10
3023.5	4
3024.5	4
3025.5	7
3026.5	6
3027.5	3
3028.5	9
3029.5	1
3030.5	4
3031.5	2
3032.5	7
3033.5	6
3034.5	6
3035.5	2
3036.5	5
3037.5	10
3038.5	3
3039.5	1
3040.5	5
3041.5	2
3042.5	5
3043.5	5
3044.5	6
3045.5	2
3046.5	6
3047.5	2
3048.5	2
3049.5	5
3050.5	4
3051.5	4
3052.5	11
3053.5	6
3054.5	6
3055.5	2
3056.5	6
3057.5	1
3058.5	4
3059.5	4
3060.5	4
3061.5	4
3062.5	2
3063.5	2
3064.5	3
3065.5	6
3066.5	7
3067.5	3
3068.5	5
3069.5	2
3070.5	7
3071.5	1
3072.5	3
3073.5	3
3074.5	3
3075.5	3
3076.5	6
3077.5	1
3078.5	3
3079.5	1
3080.5	6
3081.5	4
3082.5	8
3083.5	4
3084.5	6
3085.5	4
3086.5	5
3087.5	6
3088.5	1
3089.5	3
3090.5	4
3091.5	1
3092.5	4
3093.5	4
3094.5	4
3095.5	1
3096.5	4
3097.5	2
3098.5	6
3099.5	3
3100.5	3
3101.5	5
3102.5	3
3103.5	6
3104.5	3
3105.5	1
3106.5	3
3107.5	5
3108.5	2
3109.5	3
3110.5	3
3111.5	4
3112.5	4
3113.5	5
3114.5	7
3115.5	4
3116.5	4
3117.5	1
3118.5	5
3119.5	5
3120.5	2
3121.5	4
3122.5	1
3123.5	3
3124.5	2
3125.5	4
3126.5	4
3127.5	3
3128.5	2
3129.5	4
3130.5	1
3131.5	2
3132.5	1
3133.5	3
3134.5	2
3135.5	5
3136.5	3
3137.5	3
3138.5	0
3139.5	4
3140.5	3
3141.5	4
3142.5	2
3143.5	5
3144.5	2
3145.5	2
3146.5	7
3147.5	6
3148.5	3
3149.5	3
3150.5	5
3151.5	2
3152.5	0
3153.5	1
3154.5	2
3155.5	2
3156.5	1
3157.5	9
3158.5	1
3159.5	4
3160.5	2
3161.5	6
3162.5	4
3163.5	2
3164.5	2
3165.5	1
3166.5	3
3167.5	1
3168.5	4
3169.5	1
3170.5	3
3171.5	5
3172.5	3
3173.5	3
3174.5	3
3175.5	3
3176.5	3
3177.5	4
3178.5	2
3179.5	5
3180.5	6
3181.5	2
3182.5	2
3183.5	3
3184.5	5
3185.5	3
3186.5	4
3187.5	4
3188.5	3
3189.5	7
3190.5	5
3191.5	3
3192.5	7
3193.5	4
3194.5	3
3195.5	1
3196.5	3
3197.5	8
3198.5	3
3199.5	10
3200.5	2
3201.5	5
3202.5	1
3203.5	3
3204.5	4
3205.5	3
3206.5	5
3207.5	3
3208.5	1
3209.5	3
3210.5	1
3211.5	1
3212.5	1
3213.5	4
3214.5	1
3215.5	5
3216.5	0
3217.5	1
3218.5	2
3219.5	4
3220.5	1
3221.5	4
3222.5	1
3223.5	0
3224.5	3
3225.5	1
3226.5	6
3227.5	5
3228.5	2
3229.5	1
3230.5	3
3231.5	2
3232.5	3
3233.5	1
3234.5	2
3235.5	3
3236.5	4
3237.5	4
3238.5	1
3239.5	5
3240.5	2
3241.5	3
3242.5	1
3243.5	2
3244.5	3
3245.5	2
3246.5	4
3247.5	2
3248.5	2
3249.5	2
3250.5	2
3251.5	0
3252.5	3
3253.5	2
3254.5	1
3255.5	1
3256.5	2
3257.5	2
3258.5	2
3259.5	2
3260.5	0
3261.5	0
3262.5	3
3263.5	1
3264.5	0
3265.5	4
3266.5	0
3267.5	1
3268.5	2
3269.5	3
3270.5	1
3271.5	1
3272.5	2
3273.5	1
3274.5	2
3275.5	1
3276.5	2
3277.5	3
3278.5	3
3279.5	2
3280.5	1
3281.5	1
3282.5	1
3283.5	2
3284.5	1
3285.5	3
3286.5	0
3287.5	1
3288.5	1
3289.5	3
3290.5	1
3291.5	1
3292.5	3
3293.5	3
3294.5	4
3295.5	0
3296.5	1
3297.5	3
3298.5	2
3299.5	1
3300.5	0
3301.5	2
3302.5	0
3303.5	4
3304.5	2
3305.5	2
3306.5	4
3307.5	2
3308.5	3
3309.5	0
3310.5	1
3311.5	0
3312.5	1
3313.5	1
3314.5	2
3315.5	2
3316.5	0
3317.5	2
3318.5	1
3319.5	1
3320.5	4
3321.5	2
3322.5	2
3323.5	1
3324.5	3
3325.5	1
3326.5	1
3327.5	3
3328.5	0
3329.5	1
3330.5	1
3331.5	3
3332.5	3
3333.5	2
3334.5	1
3335.5	1
3336.5	1
3337.5	4
3338.5	1
3339.5	1
3340.5	0
3341.5	0
3342.5	2
3343.5	3
3344.5	2
3345.5	1
3346.5	0
3347.5	4
3348.5	3
3349.5	1
3350.5	2
3351.5	0
3352.5	0
3353.5	0
3354.5	0
3355.5	2
3356.5	3
3357.5	0
3358.5	0
3359.5	1
3360.5	1
3361.5	1
3362.5	1
3363.5	0
3364.5	0
3365.5	0
3366.5	1
3367.5	0
3368.5	1
3369.5	1
3370.5	4
3371.5	0
3372.5	1
3373.5	1
3374.5	0
3375.5	1
3376.5	1
3377.5	1
3378.5	0
3379.5	1
3380.5	3
3381.5	3
3382.5	1
3383.5	1
3384.5	0
3385.5	1
3386.5	1
3387.5	0
3388.5	2
3389.5	2
3390.5	2
3391.5	1
3392.5	0
3393.5	0
3394.5	4
3395.5	1
3396.5	2
3397.5	0
3398.5	0
3399.5	1
3400.5	3
3401.5	0
3402.5	1
3403.5	2
3404.5	2
3405.5	3
3406.5	1
3407.5	3
3408.5	1
3409.5	3
3410.5	1
3411.5	1
3412.5	1
3413.5	0
3414.5	1
3415.5	1
3416.5	1
3417.5	1
3418.5	3
3419.5	2
3420.5	2
3421.5	0
3422.5	0
3423.5	0
3424.5	4
3425.5	1
3426.5	0
3427.5	1
3428.5	2
3429.5	4
3430.5	2
3431.5	1
3432.5	3
3433.5	0
3434.5	4
3435.5	2
3436.5	1
3437.5	2
3438.5	2
3439.5	0
3440.5	2
3441.5	9
3442.5	2
3443.5	4
3444.5	5
3445.5	3
3446.5	2
3447.5	2
3448.5	7
3449.5	3
3450.5	6
3451.5	4
3452.5	6
3453.5	6
3454.5	5
3455.5	13
3456.5	9
3457.5	7
3458.5	7
3459.5	7
3460.5	9
3461.5	7
3462.5	7
3463.5	3
3464.5	8
3465.5	8
3466.5	9
3467.5	8
3468.5	3
3469.5	7
3470.5	9
3471.5	6
3472.5	6
3473.5	5
3474.5	6
3475.5	7
3476.5	8
3477.5	6
3478.5	8
3479.5	7
3480.5	6
3481.5	2
3482.5	10
3483.5	7
3484.5	14
3485.5	6
3486.5	11
3487.5	11
3488.5	10
3489.5	6
3490.5	6
3491.5	8
3492.5	12
3493.5	5
3494.5	11
3495.5	7
3496.5	7
3497.5	10
3498.5	11
3499.5	6
3500.5	9
3501.5	4
3502.5	3
3503.5	3
3504.5	13
3505.5	12
3506.5	7
3507.5	5
3508.5	10
3509.5	8
3510.5	9
3511.5	6
3512.5	6
3513.5	7
3514.5	7
3515.5	6
3516.5	7
3517.5	6
3518.5	6
3519.5	3
3520.5	4
3521.5	14
3522.5	9
3523.5	5
3524.5	8
3525.5	6
3526.5	5
3527.5	4
3528.5	4
3529.5	8
3530.5	7
3531.5	11
3532.5	4
3533.5	5
3534.5	7
3535.5	3
3536.5	6
3537.5	6
3538.5	2
3539.5	6
3540.5	5
3541.5	4
3542.5	2
3543.5	6
3544.5	8
3545.5	3
3546.5	1
3547.5	5
3548.5	2
3549.5	5
3550.5	1
3551.5	1
3552.5	2
3553.5	5
3554.5	5
3555.5	1
3556.5	2
3557.5	2
3558.5	1
3559.5	3
3560.5	3
3561.5	1
3562.5	4
3563.5	0
3564.5	0
3565.5	3
3566.5	1
3567.5	2
3568.5	1
3569.5	0
3570.5	0
3571.5	1
3572.5	1
3573.5	3
3574.5	2
3575.5	0
3576.5	0
3577.5	1
3578.5	3
3579.5	1
3580.5	0
3581.5	0
3582.5	1
3583.5	0
3584.5	1
3585.5	1
3586.5	1
3587.5	2
3588.5	2
3589.5	0
3590.5	0
3591.5	1
3592.5	0
3593.5	1
3594.5	0
3595.5	0
3596.5	0
3597.5	0
3598.5	0
3599.5	1
3600.5	0
3601.5	0
3602.5	1
3603.5	0
3604.5	0
3605.5	0
3606.5	0
3607.5	1
3608.5	1
3609.5	1
3610.5	0
3611.5	0
3612.5	0
3613.5	1
3614.5	1
3615.5	0
3616.5	1
3617.5	0
3618.5	1
3619.5	0
3620.5	0
3621.5	0
3622.5	0
3623.5	0
3624.5	0
3625.5	0
3626.5	1
3627.5	0
3628.5	0
3629.5	0
3630.5	0
3631.5	0
3632.5	0
3633.5	0
3634.5	0
3635.5	0
3636.5	0
3637.5	0
3638.5	0
3639.5	0
3640.5	0
3641.5	0
3642.5	0
3643.5	0
3644.5	0
3645.5	1
3646.5	0
3647.5	0
3648.5	0
3649.5	2
3650.5	0
3651.5	0
3652.5	0
3653.5	0
3654.5	0
3655.5	0
3656.5	1
3657.5	0
3658.5	0
3659.5	0
3660.5	1
3661.5	0
3662.5	0
3663.5	0
3664.5	0
3665.5	1
3666.5	0
3667.5	0
3668.5	0
3669.5	0
3670.5	0
3671.5	0
3672.5	1
3673.5	1
3674.5	0
3675.5	0
3676.5	0
3677.5	0
3678.5	0
3679.5	0
3680.5	0
3681.5	0
3682.5	0
3683.5	0
3684.5	0
3685.5	0
3686.5	0
3687.5	0
3688.5	0
3689.5	0
3690.5	0
3691.5	0
3692.5	0
3693.5	0
3694.5	0
3695.5	0
3696.5	0
3697.5	0
3698.5	0
3699.5	0
3700.5	0
3701.5	0
3702.5	0
3703.5	0
3704.5	0
3705.5	0
3706.5	0
3707.5	0
3708.5	0
3709.5	1
3710.5	0
3711.5	0
3712.5	0
3713.5	0
3714.5	0
3715.5	0
3716.5	1
3717.5	0
3718.5	0
3719.5	0
3720.5	0
3721.5	0
3722.5	0
3723.5	0
3724.5	0
3725.5	1
3726.5	0
3727.5	1
3728.5	0
3729.5	0
3730.5	0
3731.5	0
3732.5	0
3733.5	0
3734.5	1
3735.5	0
3736.5	2
3737.5	0
3738.5	0
3739.5	0
3740.5	0
3741.5	0
3742.5	0
3743.5	0
3744.5	2
3745.5	0
3746.5	0
3747.5	0
3748.5	0
3749.5	0
3750.5	0
3751.5	0
3752.5	1
3753.5	0
3754.5	1
3755.5	0
3756.5	0
3757.5	0
3758.5	0
3759.5	1
3760.5	0
3761.5	0
3762.5	0
3763.5	0
3764.5	0
3765.5	0
3766.5	0
3767.5	0
3768.5	0
3769.5	0
3770.5	1
3771.5	0
3772.5	0
3773.5	0
3774.5	0
3775.5	1
3776.5	0
3777.5	0
3778.5	0
3779.5	0
3780.5	0
3781.5	0
3782.5	0
3783.5	1
3784.5	0
3785.5	0
3786.5	0
3787.5	0
3788.5	0
3789.5	0
3790.5	0
3791.5	1
3792.5	1
3793.5	0
3794.5	0
3795.5	0
3796.5	0
3797.5	0
3798.5	0
3799.5	1
3800.5	0
3801.5	0
3802.5	0
3803.5	0
3804.5	0
3805.5	0
3806.5	0
3807.5	0
3808.5	1
3809.5	0
3810.5	1
3811.5	0
3812.5	0
3813.5	1
3814.5	0
3815.5	0
3816.5	0
3817.5	2
3818.5	1
3819.5	0
3820.5	0
3821.5	1
3822.5	0
3823.5	0
3824.5	0
3825.5	0
3826.5	0
3827.5	1
3828.5	0
3829.5	1
3830.5	0
3831.5	0
3832.5	0
3833.5	0
3834.5	1
3835.5	0
3836.5	0
3837.5	0
3838.5	0
3839.5	0
3840.5	2
3841.5	1
3842.5	0
3843.5	0
3844.5	1
3845.5	0
3846.5	0
3847.5	0
3848.5	0
3849.5	0
3850.5	0
3851.5	0
3852.5	1
3853.5	0
3854.5	1
3855.5	0
3856.5	0
3857.5	0
3858.5	0
3859.5	0
3860.5	0
3861.5	0
3862.5	0
3863.5	0
3864.5	1
3865.5	0
3866.5	0
3867.5	0
3868.5	0
3869.5	0
3870.5	0
3871.5	0
3872.5	0
3873.5	0
3874.5	0
3875.5	0
3876.5	0
3877.5	0
3878.5	0
3879.5	0
3880.5	0
3881.5	0
3882.5	0
3883.5	0
3884.5	0
3885.5	0
3886.5	0
3887.5	0
3888.5	0
3889.5	0
3890.5	0
3891.5	1
3892.5	0
3893.5	1
3894.5	0
3895.5	0
3896.5	0
3897.5	0
3898.5	0
3899.5	1
3900.5	0
3901.5	0
3902.5	0
3903.5	0
3904.5	0
3905.5	0
3906.5	1
3907.5	0
3908.5	0
3909.5	0
3910.5	0
3911.5	0
3912.5	0
3913.5	0
3914.5	0
3915.5	0
3916.5	0
3917.5	0
3918.5	0
3919.5	0
3920.5	2
3921.5	0
3922.5	0
3923.5	0
3924.5	0
3925.5	0
3926.5	0
3927.5	1
3928.5	0
3929.5	0
3930.5	1
3931.5	0
3932.5	0
3933.5	0
3934.5	0
3935.5	0
3936.5	1
3937.5	1
3938.5	1
3939.5	0
3940.5	0
3941.5	0
3942.5	0
3943.5	0
3944.5	0
3945.5	1
3946.5	0
3947.5	0
3948.5	0
3949.5	0
3950.5	0
3951.5	0
3952.5	0
3953.5	0
3954.5	0
3955.5	0
3956.5	0
3957.5	0
3958.5	0
3959.5	0
3960.5	1
3961.5	0
3962.5	0
3963.5	0
3964.5	0
3965.5	0
3966.5	0
3967.5	0
3968.5	0
3969.5	1
3970.5	0
3971.5	0
3972.5	1
3973.5	0
3974.5	0
3975.5	0
3976.5	1
3977.5	1
3978.5	0
3979.5	0
3980.5	0
3981.5	0
3982.5	0
3983.5	0
3984.5	0
3985.5	0
3986.5	1
3987.5	0
3988.5	0
3989.5	0
3990.5	0
3991.5	0
3992.5	0
3993.5	0
3994.5	0
3995.5	0
3996.5	0
3997.5	0
3998.5	0
3999.5	0
4000.5	0
4001.5	1
4002.5	0
4003.5	0
4004.5	0
4005.5	0
4006.5	0
4007.5	0
4008.5	0
4009.5	0
4010.5	0
4011.5	0
4012.5	0
4013.5	0
4014.5	0
4015.5	0
4016.5	0
4017.5	1
4018.5	1
4019.5	0
4020.5	0
4021.5	0
4022.5	0
4023.5	0
4024.5	0
4025.5	0
4026.5	0
4027.5	0
4028.5	0
4029.5	0
4030.5	0
4031.5	0
4032.5	0
4033.5	0
4034.5	1
4035.5	0
4036.5	0
4037.5	0
4038.5	0
4039.5	0
4040.5	0
4041.5	0
4042.5	0
4043.5	0
4044.5	0
4045.5	0
4046.5	0
4047.5	1
4048.5	0
4049.5	0
4050.5	0
4051.5	0
4052.5	0
4053.5	0
4054.5	0
4055.5	0
4056.5	0
4057.5	0
4058.5	0
4059.5	0
4060.5	0
4061.5	0
4062.5	1
4063.5	0
4064.5	0
4065.5	0
4066.5	0
4067.5	0
4068.5	0
4069.5	0
4070.5	0
4071.5	0
4072.5	0
4073.5	1
4074.5	1
4075.5	0
4076.5	0
4077.5	0
4078.5	0
4079.5	0
4080.5	0
4081.5	0
4082.5	0
4083.5	1
4084.5	1
4085.5	1
4086.5	0
4087.5	0
4088.5	1
4089.5	0
4090.5	0
4091.5	0
4092.5	0
4093.5	0
4094.5	0
4095.5	0
