0.5	0
1.5	0
2.5	0
3.5	0
4.5	0
5.5	0
6.5	0
7.5	0
8.5	0
9.5	0
10.5	0
11.5	0
12.5	0
13.5	0
14.5	0
15.5	0
16.5	0
17.5	0
18.5	0
19.5	0
20.5	0
21.5	0
22.5	0
23.5	0
24.5	0
25.5	0
26.5	0
27.5	0
28.5	0
29.5	0
30.5	1
31.5	0
32.5	0
33.5	2
34.5	0
35.5	2
36.5	4
37.5	1
38.5	3
39.5	3
40.5	12
41.5	11
42.5	15
43.5	16
44.5	20
45.5	26
46.5	44
47.5	42
48.5	45
49.5	58
50.5	71
51.5	83
52.5	105
53.5	148
54.5	149
55.5	156
56.5	189
57.5	195
58.5	239
59.5	242
60.5	269
61.5	300
62.5	330
63.5	328
64.5	376
65.5	359
66.5	433
67.5	412
68.5	457
69.5	482
70.5	468
71.5	469
72.5	514
73.5	502
74.5	525
75.5	581
76.5	580
77.5	583
78.5	612
79.5	598
80.5	651
81.5	613
82.5	650
83.5	706
84.5	671
85.5	653
86.5	743
87.5	802
88.5	812
89.5	792
90.5	819
91.5	810
92.5	858
93.5	922
94.5	937
95.5	906
96.5	948
97.5	960
98.5	1018
99.5	1075
100.5	1089
101.5	1102
102.5	1178
103.5	1193
104.5	1190
105.5	1251
106.5	1306
107.5	1362
108.5	1336
109.5	1319
110.5	1430
111.5	1450
112.5	1485
113.5	1543
114.5	1517
115.5	1551
116.5	1591
117.5	1646
118.5	1726
119.5	1717
120.5	1738
121.5	1743
122.5	1804
123.5	1857
124.5	1880
125.5	1888
126.5	1942
127.5	1905
128.5	1889
129.5	1995
130.5	1950
131.5	1952
132.5	2071
133.5	1990
134.5	2058
135.5	2101
136.5	2116
137.5	2110
138.5	2178
139.5	2188
140.5	2176
141.5	2091
142.5	2200
143.5	2174
144.5	2020
145.5	2051
146.5	2213
147.5	2111
148.5	2216
149.5	2182
150.5	2122
151.5	2145
152.5	2221
153.5	2189
154.5	2196
155.5	2191
156.5	2184
157.5	2114
158.5	2242
159.5	2146
160.5	2150
161.5	2170
162.5	2174
163.5	2231
164.5	2129
165.5	2220
166.5	2187
167.5	2221
168.5	2161
169.5	2047
170.5	2140
171.5	2139
172.5	2186
173.5	2125
174.5	2082
175.5	2090
176.5	2093
177.5	2117
178.5	2103
179.5	2014
180.5	2023
181.5	2062
182.5	2036
183.5	2042
184.5	1978
185.5	2005
186.5	1976
187.5	1996
188.5	2025
189.5	1932
190.5	2003
191.5	1912
192.5	1996
193.5	1961
194.5	1934
195.5	1948
196.5	1885
197.5	1888
198.5	1902
199.5	1895
200.5	1884
201.5	1946
202.5	1870
203.5	1837
204.5	1874
205.5	1838
206.5	1863
207.5	1857
208.5	1848
209.5	1815
210.5	1824
211.5	1774
212.5	1791
213.5	1703
214.5	1761
215.5	1752
216.5	1694
217.5	1650
218.5	1775
219.5	1776
220.5	1763
221.5	1652
222.5	1691
223.5	1684
224.5	1711
225.5	1647
226.5	1580
227.5	1651
228.5	1628
229.5	1680
230.5	1593
231.5	1628
232.5	1650
233.5	1532
234.5	1537
235.5	1488
236.5	1457
237.5	1592
238.5	1496
239.5	1467
240.5	1495
241.5	1445
242.5	1400
243.5	1444
244.5	1433
245.5	1374
246.5	1456
247.5	1407
248.5	1398
249.5	1392
250.5	1361
251.5	1365
252.5	1359
253.5	1323
254.5	1287
255.5	1369
256.5	1361
257.5	1338
258.5	1309
259.5	1300
260.5	1214
261.5	1272
262.5	1293
263.5	1249
264.5	1317
265.5	1255
266.5	1236
267.5	1212
268.5	1270
269.5	1231
270.5	1223
271.5	1174
272.5	1185
273.5	1171
274.5	1165
275.5	1139
276.5	1143
277.5	1110
278.5	1103
279.5	1148
280.5	1069
281.5	1083
282.5	1149
283.5	1109
284.5	1068
285.5	1069
286.5	1062
287.5	1075
288.5	1080
289.5	1045
290.5	1075
291.5	1040
292.5	1051
293.5	1005
294.5	1064
295.5	991
296.5	1014
297.5	990
298.5	977
299.5	1025
300.5	970
301.5	1028
302.5	999
303.5	990
304.5	953
305.5	975
306.5	960
307.5	940
308.5	909
309.5	936
310.5	930
311.5	842
312.5	918
313.5	852
314.5	904
315.5	880
316.5	907
317.5	858
318.5	849
319.5	906
320.5	858
321.5	890
322.5	839
323.5	925
324.5	902
325.5	852
326.5	800
327.5	770
328.5	824
329.5	802
330.5	848
331.5	784
332.5	795
333.5	788
334.5	760
335.5	758
336.5	806
337.5	785
338.5	842
339.5	785
340.5	846
341.5	779
342.5	803
343.5	720
344.5	776
345.5	758
346.5	767
347.5	733
348.5	752
349.5	718
350.5	704
351.5	745
352.5	722
353.5	746
354.5	768
355.5	737
356.5	747
357.5	711
358.5	716
359.5	702
360.5	691
361.5	704
362.5	711
363.5	740
364.5	756
365.5	730
366.5	744
367.5	696
368.5	699
369.5	709
370.5	720
371.5	671
372.5	719
373.5	759
374.5	642
375.5	723
376.5	703
377.5	616
378.5	650
379.5	671
380.5	614
381.5	620
382.5	613
383.5	604
384.5	610
385.5	584
386.5	569
387.5	567
388.5	565
389.5	585
390.5	525
391.5	564
392.5	570
393.5	558
394.5	501
395.5	476
396.5	519
397.5	492
398.5	459
399.5	505
400.5	529
401.5	500
402.5	495
403.5	467
404.5	449
405.5	501
406.5	474
407.5	474
408.5	456
409.5	441
410.5	429
411.5	468
412.5	427
413.5	467
414.5	461
415.5	468
416.5	456
417.5	422
418.5	440
419.5	422
420.5	452
421.5	393
422.5	434
423.5	401
424.5	405
425.5	437
426.5	408
427.5	433
428.5	441
429.5	412
430.5	383
431.5	365
432.5	368
433.5	413
434.5	418
435.5	378
436.5	412
437.5	386
438.5	355
439.5	395
440.5	414
441.5	376
442.5	382
443.5	373
444.5	406
445.5	371
446.5	385
447.5	347
448.5	371
449.5	351
450.5	353
451.5	354
452.5	395
453.5	350
454.5	390
455.5	362
456.5	336
457.5	329
458.5	340
459.5	338
460.5	355
461.5	309
462.5	298
463.5	316
464.5	329
465.5	309
466.5	334
467.5	296
468.5	314
469.5	303
470.5	317
471.5	294
472.5	324
473.5	322
474.5	295
475.5	314
476.5	339
477.5	296
478.5	283
479.5	290
480.5	292
481.5	288
482.5	287
483.5	274
484.5	314
485.5	273
486.5	297
487.5	261
488.5	261
489.5	283
490.5	279
491.5	274
492.5	283
493.5	320
494.5	280
495.5	280
496.5	275
497.5	277
498.5	266
499.5	265
500.5	273
501.5	331
502.5	274
503.5	232
504.5	296
505.5	286
506.5	258
507.5	280
508.5	278
509.5	277
510.5	300
511.5	281
512.5	257
513.5	268
514.5	252
515.5	292
516.5	254
517.5	282
518.5	276
519.5	266
520.5	276
521.5	264
522.5	260
523.5	257
524.5	256
525.5	270
526.5	240
527.5	276
528.5	263
529.5	255
530.5	268
531.5	256
532.5	243
533.5	235
534.5	276
535.5	237
536.5	260
537.5	236
538.5	245
539.5	251
540.5	233
541.5	214
542.5	240
543.5	223
544.5	204
545.5	222
546.5	230
547.5	201
548.5	190
549.5	217
550.5	200
551.5	233
552.5	223
553.5	215
554.5	182
555.5	223
556.5	171
557.5	189
558.5	204
559.5	194
560.5	180
561.5	182
562.5	184
563.5	154
564.5	184
565.5	181
566.5	191
567.5	201
568.5	184
569.5	169
570.5	170
571.5	169
572.5	177
573.5	169
574.5	178
575.5	172
576.5	181
577.5	177
578.5	153
579.5	164
580.5	155
581.5	169
582.5	164
583.5	181
584.5	153
585.5	166
586.5	178
587.5	182
588.5	174
589.5	183
590.5	148
591.5	166
592.5	185
593.5	156
594.5	150
595.5	153
596.5	161
597.5	166
598.5	175
599.5	146
600.5	135
601.5	158
602.5	157
603.5	155
604.5	161
605.5	152
606.5	147
607.5	162
608.5	141
609.5	138
610.5	154
611.5	145
612.5	157
613.5	139
614.5	113
615.5	139
616.5	129
617.5	139
618.5	147
619.5	142
620.5	137
621.5	152
622.5	150
623.5	146
624.5	147
625.5	155
626.5	125
627.5	136
628.5	136
629.5	131
630.5	153
631.5	134
632.5	150
633.5	137
634.5	137
635.5	139
636.5	114
637.5	148
638.5	155
639.5	130
640.5	125
641.5	131
642.5	127
643.5	123
644.5	111
645.5	135
646.5	131
647.5	126
648.5	120
649.5	121
650.5	110
651.5	142
652.5	113
653.5	103
654.5	120
655.5	123
656.5	133
657.5	121
658.5	129
659.5	135
660.5	128
661.5	111
662.5	121
663.5	129
664.5	108
665.5	104
666.5	133
667.5	99
668.5	132
669.5	127
670.5	111
671.5	143
672.5	113
673.5	123
674.5	126
675.5	115
676.5	115
677.5	131
678.5	119
679.5	113
680.5	114
681.5	106
682.5	112
683.5	119
684.5	113
685.5	123
686.5	113
687.5	132
688.5	118
689.5	122
690.5	99
691.5	108
692.5	114
693.5	111
694.5	100
695.5	107
696.5	101
697.5	111
698.5	85
699.5	117
700.5	100
701.5	106
702.5	105
703.5	101
704.5	107
705.5	93
706.5	116
707.5	87
708.5	123
709.5	107
710.5	120
711.5	104
712.5	95
713.5	76
714.5	108
715.5	91
716.5	93
717.5	100
718.5	113
719.5	97
720.5	122
721.5	108
722.5	104
723.5	96
724.5	94
725.5	100
726.5	91
727.5	89
728.5	98
729.5	118
730.5	91
731.5	88
732.5	91
733.5	109
734.5	90
735.5	99
736.5	91
737.5	94
738.5	107
739.5	108
740.5	97
741.5	100
742.5	111
743.5	112
744.5	96
745.5	95
746.5	95
747.5	114
748.5	101
749.5	100
750.5	97
751.5	102
752.5	108
753.5	103
754.5	95
755.5	86
756.5	112
757.5	104
758.5	96
759.5	77
760.5	102
761.5	103
762.5	104
763.5	89
764.5	97
765.5	86
766.5	83
767.5	90
768.5	103
769.5	75
770.5	85
771.5	80
772.5	87
773.5	85
774.5	91
775.5	89
776.5	92
777.5	84
778.5	73
779.5	78
780.5	74
781.5	90
782.5	77
783.5	88
784.5	84
785.5	100
786.5	80
787.5	80
788.5	80
789.5	75
790.5	81
791.5	73
792.5	86
793.5	104
794.5	69
795.5	80
796.5	64
797.5	85
798.5	60
799.5	79
800.5	73
801.5	80
802.5	79
803.5	81
804.5	90
805.5	88
806.5	77
807.5	87
808.5	69
809.5	75
810.5	86
811.5	70
812.5	82
813.5	100
814.5	77
815.5	59
816.5	72
817.5	86
818.5	75
819.5	73
820.5	89
821.5	92
822.5	67
823.5	79
824.5	70
825.5	79
826.5	84
827.5	80
828.5	87
829.5	49
830.5	93
831.5	79
832.5	88
833.5	84
834.5	80
835.5	87
836.5	81
837.5	92
838.5	82
839.5	87
840.5	89
841.5	75
842.5	68
843.5	106
844.5	98
845.5	111
846.5	83
847.5	77
848.5	92
849.5	87
850.5	85
851.5	98
852.5	93
853.5	106
854.5	76
855.5	84
856.5	100
857.5	95
858.5	80
859.5	78
860.5	87
861.5	89
862.5	78
863.5	99
864.5	96
865.5	112
866.5	99
867.5	94
868.5	84
869.5	95
870.5	88
871.5	100
872.5	95
873.5	102
874.5	77
875.5	106
876.5	81
877.5	96
878.5	106
879.5	97
880.5	94
881.5	97
882.5	93
883.5	98
884.5	85
885.5	68
886.5	96
887.5	97
888.5	104
889.5	94
890.5	83
891.5	84
892.5	94
893.5	93
894.5	95
895.5	74
896.5	83
897.5	90
898.5	77
899.5	91
900.5	103
901.5	91
902.5	74
903.5	80
904.5	61
905.5	85
906.5	64
907.5	83
908.5	76
909.5	66
910.5	73
911.5	75
912.5	72
913.5	68
914.5	61
915.5	64
916.5	67
917.5	69
918.5	64
919.5	64
920.5	70
921.5	65
922.5	61
923.5	59
924.5	60
925.5	51
926.5	60
927.5	51
928.5	59
929.5	68
930.5	62
931.5	73
932.5	53
933.5	64
934.5	48
935.5	60
936.5	55
937.5	58
938.5	56
939.5	50
940.5	60
941.5	57
942.5	58
943.5	68
944.5	58
945.5	66
946.5	52
947.5	50
948.5	40
949.5	50
950.5	47
951.5	63
952.5	51
953.5	50
954.5	53
955.5	47
956.5	58
957.5	55
958.5	47
959.5	47
960.5	54
961.5	50
962.5	53
963.5	48
964.5	46
965.5	46
966.5	49
967.5	54
968.5	41
969.5	52
970.5	48
971.5	55
972.5	38
973.5	45
974.5	47
975.5	48
976.5	59
977.5	56
978.5	54
979.5	42
980.5	41
981.5	45
982.5	43
983.5	55
984.5	44
985.5	46
986.5	33
987.5	51
988.5	56
989.5	44
990.5	49
991.5	35
992.5	41
993.5	42
994.5	54
995.5	63
996.5	41
997.5	54
998.5	53
999.5	40
1000.5	43
1001.5	53
1002.5	58
1003.5	49
1004.5	61
1005.5	38
1006.5	56
1007.5	45
1008.5	35
1009.5	53
1010.5	47
1011.5	54
1012.5	38
1013.5	39
1014.5	30
1015.5	58
1016.5	37
1017.5	47
1018.5	37
1019.5	38
1020.5	45
1021.5	48
1022.5	33
1023.5	48
1024.5	55
1025.5	36
1026.5	41
1027.5	50
1028.5	33
1029.5	54
1030.5	45
1031.5	48
1032.5	59
1033.5	50
1034.5	43
1035.5	40
1036.5	45
1037.5	49
1038.5	47
1039.5	39
1040.5	39
1041.5	50
1042.5	34
1043.5	33
1044.5	41
1045.5	53
1046.5	46
1047.5	47
1048.5	43
1049.5	49
1050.5	48
1051.5	59
1052.5	45
1053.5	50
1054.5	44
1055.5	41
1056.5	37
1057.5	59
1058.5	52
1059.5	48
1060.5	41
1061.5	48
1062.5	33
1063.5	37
1064.5	34
1065.5	45
1066.5	45
1067.5	39
1068.5	42
1069.5	41
1070.5	48
1071.5	49
1072.5	50
1073.5	43
1074.5	52
1075.5	48
1076.5	46
1077.5	54
1078.5	39
1079.5	40
1080.5	45
1081.5	37
1082.5	39
1083.5	37
1084.5	36
1085.5	38
1086.5	40
1087.5	41
1088.5	41
1089.5	33
1090.5	42
1091.5	32
1092.5	36
1093.5	46
1094.5	37
1095.5	32
1096.5	48
1097.5	45
1098.5	48
1099.5	43
1100.5	37
1101.5	28
1102.5	40
1103.5	44
1104.5	42
1105.5	41
1106.5	45
1107.5	42
1108.5	36
1109.5	46
1110.5	43
1111.5	31
1112.5	41
1113.5	39
1114.5	27
1115.5	39
1116.5	39
1117.5	45
1118.5	36
1119.5	39
1120.5	40
1121.5	40
1122.5	54
1123.5	45
1124.5	39
1125.5	41
1126.5	42
1127.5	37
1128.5	34
1129.5	41
1130.5	34
1131.5	32
1132.5	21
1133.5	41
1134.5	42
1135.5	34
1136.5	50
1137.5	38
1138.5	43
1139.5	33
1140.5	35
1141.5	38
1142.5	47
1143.5	34
1144.5	37
1145.5	28
1146.5	46
1147.5	35
1148.5	42
1149.5	42
1150.5	42
1151.5	43
1152.5	30
1153.5	32
1154.5	34
1155.5	33
1156.5	37
1157.5	37
1158.5	39
1159.5	34
1160.5	38
1161.5	50
1162.5	28
1163.5	36
1164.5	34
1165.5	28
1166.5	44
1167.5	47
1168.5	33
1169.5	31
1170.5	40
1171.5	40
1172.5	39
1173.5	30
1174.5	37
1175.5	37
1176.5	31
1177.5	38
1178.5	48
1179.5	30
1180.5	35
1181.5	33
1182.5	46
1183.5	31
1184.5	33
1185.5	37
1186.5	25
1187.5	34
1188.5	34
1189.5	31
1190.5	32
1191.5	38
1192.5	35
1193.5	28
1194.5	37
1195.5	43
1196.5	31
1197.5	40
1198.5	27
1199.5	32
1200.5	41
1201.5	45
1202.5	40
1203.5	34
1204.5	34
1205.5	36
1206.5	37
1207.5	40
1208.5	39
1209.5	29
1210.5	30
1211.5	37
1212.5	23
1213.5	39
1214.5	32
1215.5	27
1216.5	32
1217.5	39
1218.5	32
1219.5	27
1220.5	38
1221.5	37
1222.5	28
1223.5	42
1224.5	36
1225.5	25
1226.5	40
1227.5	29
1228.5	47
1229.5	26
1230.5	37
1231.5	22
1232.5	34
1233.5	35
1234.5	32
1235.5	32
1236.5	37
1237.5	34
1238.5	27
1239.5	32
1240.5	46
1241.5	36
1242.5	33
1243.5	27
1244.5	37
1245.5	31
1246.5	33
1247.5	33
1248.5	29
1249.5	29
1250.5	28
1251.5	33
1252.5	30
1253.5	23
1254.5	26
1255.5	30
1256.5	26
1257.5	29
1258.5	39
1259.5	38
1260.5	40
1261.5	33
1262.5	52
1263.5	30
1264.5	28
1265.5	29
1266.5	38
1267.5	22
1268.5	30
1269.5	44
1270.5	37
1271.5	40
1272.5	29
1273.5	41
1274.5	31
1275.5	34
1276.5	38
1277.5	28
1278.5	27
1279.5	26
1280.5	33
1281.5	38
1282.5	32
1283.5	28
1284.5	32
1285.5	33
1286.5	32
1287.5	28
1288.5	28
1289.5	30
1290.5	27
1291.5	31
1292.5	24
1293.5	33
1294.5	40
1295.5	40
1296.5	34
1297.5	42
1298.5	41
1299.5	44
1300.5	29
1301.5	42
1302.5	45
1303.5	44
1304.5	40
1305.5	28
1306.5	51
1307.5	33
1308.5	39
1309.5	38
1310.5	28
1311.5	34
1312.5	39
1313.5	35
1314.5	30
1315.5	32
1316.5	42
1317.5	37
1318.5	27
1319.5	43
1320.5	34
1321.5	36
1322.5	47
1323.5	36
1324.5	36
1325.5	47
1326.5	35
1327.5	39
1328.5	34
1329.5	38
1330.5	28
1331.5	33
1332.5	33
1333.5	39
1334.5	35
1335.5	31
1336.5	33
1337.5	32
1338.5	40
1339.5	37
1340.5	33
1341.5	36
1342.5	25
1343.5	23
1344.5	39
1345.5	38
1346.5	38
1347.5	33
1348.5	32
1349.5	31
1350.5	37
1351.5	30
1352.5	30
1353.5	29
1354.5	37
1355.5	33
1356.5	37
1357.5	36
1358.5	37
1359.5	33
1360.5	32
1361.5	38
1362.5	26
1363.5	32
1364.5	26
1365.5	27
1366.5	40
1367.5	32
1368.5	34
1369.5	26
1370.5	30
1371.5	32
1372.5	31
1373.5	40
1374.5	29
1375.5	30
1376.5	23
1377.5	29
1378.5	23
1379.5	22
1380.5	29
1381.5	33
1382.5	31
1383.5	34
1384.5	32
1385.5	29
1386.5	33
1387.5	34
1388.5	35
1389.5	27
1390.5	29
1391.5	28
1392.5	37
1393.5	32
1394.5	22
1395.5	26
1396.5	31
1397.5	18
1398.5	30
1399.5	36
1400.5	32
1401.5	20
1402.5	23
1403.5	36
1404.5	31
1405.5	20
1406.5	31
1407.5	35
1408.5	30
1409.5	19
1410.5	31
1411.5	37
1412.5	37
1413.5	21
1414.5	26
1415.5	23
1416.5	29
1417.5	28
1418.5	22
1419.5	26
1420.5	38
1421.5	39
1422.5	26
1423.5	22
1424.5	28
1425.5	29
1426.5	26
1427.5	31
1428.5	24
1429.5	27
1430.5	22
1431.5	25
1432.5	24
1433.5	33
1434.5	30
1435.5	27
1436.5	22
1437.5	24
1438.5	28
1439.5	22
1440.5	24
1441.5	25
1442.5	21
1443.5	27
1444.5	35
1445.5	16
1446.5	25
1447.5	23
1448.5	29
1449.5	26
1450.5	35
1451.5	23
1452.5	34
1453.5	16
1454.5	16
1455.5	31
1456.5	33
1457.5	27
1458.5	22
1459.5	24
1460.5	31
1461.5	15
1462.5	15
1463.5	21
1464.5	15
1465.5	26
1466.5	27
1467.5	23
1468.5	18
1469.5	14
1470.5	27
1471.5	21
1472.5	20
1473.5	20
1474.5	24
1475.5	22
1476.5	20
1477.5	27
1478.5	29
1479.5	22
1480.5	23
1481.5	23
1482.5	32
1483.5	23
1484.5	15
1485.5	28
1486.5	21
1487.5	17
1488.5	19
1489.5	24
1490.5	17
1491.5	18
1492.5	12
1493.5	36
1494.5	20
1495.5	24
1496.5	22
1497.5	25
1498.5	17
1499.5	19
1500.5	21
1501.5	26
1502.5	20
1503.5	15
1504.5	28
1505.5	24
1506.5	14
1507.5	23
1508.5	19
1509.5	19
1510.5	23
1511.5	18
1512.5	23
1513.5	27
1514.5	25
1515.5	19
1516.5	24
1517.5	20
1518.5	25
1519.5	22
1520.5	24
1521.5	23
1522.5	25
1523.5	20
1524.5	22
1525.5	22
1526.5	26
1527.5	18
1528.5	30
1529.5	18
1530.5	26
1531.5	23
1532.5	22
1533.5	33
1534.5	19
1535.5	29
1536.5	31
1537.5	25
1538.5	20
1539.5	20
1540.5	27
1541.5	29
1542.5	13
1543.5	30
1544.5	29
1545.5	22
1546.5	22
1547.5	25
1548.5	24
1549.5	27
1550.5	22
1551.5	23
1552.5	26
1553.5	24
1554.5	27
1555.5	24
1556.5	18
1557.5	19
1558.5	17
1559.5	26
1560.5	27
1561.5	23
1562.5	28
1563.5	22
1564.5	20
1565.5	18
1566.5	21
1567.5	20
1568.5	25
1569.5	20
1570.5	20
1571.5	27
1572.5	25
1573.5	26
1574.5	23
1575.5	29
1576.5	24
1577.5	21
1578.5	27
1579.5	29
1580.5	19
1581.5	29
1582.5	23
1583.5	26
1584.5	22
1585.5	26
1586.5	29
1587.5	29
1588.5	21
1589.5	24
1590.5	16
1591.5	28
1592.5	20
1593.5	35
1594.5	34
1595.5	22
1596.5	20
1597.5	23
1598.5	39
1599.5	27
1600.5	27
1601.5	26
1602.5	26
1603.5	27
1604.5	31
1605.5	28
1606.5	21
1607.5	33
1608.5	22
1609.5	18
1610.5	35
1611.5	22
1612.5	24
1613.5	27
1614.5	28
1615.5	18
1616.5	20
1617.5	29
1618.5	21
1619.5	26
1620.5	30
1621.5	19
1622.5	28
1623.5	29
1624.5	21
1625.5	15
1626.5	23
1627.5	31
1628.5	27
1629.5	24
1630.5	18
1631.5	17
1632.5	19
1633.5	26
1634.5	20
1635.5	15
1636.5	18
1637.5	27
1638.5	24
1639.5	23
1640.5	19
1641.5	31
1642.5	22
1643.5	21
1644.5	13
1645.5	35
1646.5	22
1647.5	16
1648.5	21
1649.5	23
1650.5	30
1651.5	22
1652.5	24
1653.5	24
1654.5	23
1655.5	25
1656.5	21
1657.5	15
1658.5	19
1659.5	29
1660.5	19
1661.5	26
1662.5	24
1663.5	23
1664.5	33
1665.5	18
1666.5	22
1667.5	17
1668.5	17
1669.5	17
1670.5	19
1671.5	29
1672.5	27
1673.5	31
1674.5	12
1675.5	23
1676.5	25
1677.5	21
1678.5	19
1679.5	28
1680.5	23
1681.5	22
1682.5	17
1683.5	30
1684.5	21
1685.5	14
1686.5	20
1687.5	22
1688.5	22
1689.5	17
1690.5	28
1691.5	17
1692.5	21
1693.5	23
1694.5	22
1695.5	18
1696.5	24
1697.5	19
1698.5	21
1699.5	21
1700.5	20
1701.5	21
1702.5	22
1703.5	21
1704.5	22
1705.5	17
1706.5	20
1707.5	24
1708.5	17
1709.5	21
1710.5	14
1711.5	23
1712.5	20
1713.5	19
1714.5	21
1715.5	21
1716.5	20
1717.5	20
1718.5	13
1719.5	17
1720.5	22
1721.5	11
1722.5	17
1723.5	15
1724.5	20
1725.5	15
1726.5	22
1727.5	14
1728.5	15
1729.5	23
1730.5	21
1731.5	15
1732.5	22
1733.5	18
1734.5	27
1735.5	18
1736.5	19
1737.5	18
1738.5	16
1739.5	21
1740.5	22
1741.5	21
1742.5	22
1743.5	16
1744.5	13
1745.5	14
1746.5	22
1747.5	13
1748.5	15
1749.5	17
1750.5	22
1751.5	15
1752.5	10
1753.5	14
1754.5	13
1755.5	22
1756.5	15
1757.5	24
1758.5	18
1759.5	19
1760.5	15
1761.5	14
1762.5	11
1763.5	11
1764.5	17
1765.5	11
1766.5	18
1767.5	13
1768.5	12
1769.5	18
1770.5	12
1771.5	15
1772.5	8
1773.5	10
1774.5	22
1775.5	11
1776.5	14
1777.5	19
1778.5	16
1779.5	10
1780.5	16
1781.5	20
1782.5	13
1783.5	14
1784.5	12
1785.5	17
1786.5	11
1787.5	16
1788.5	9
1789.5	24
1790.5	12
1791.5	5
1792.5	20
1793.5	8
1794.5	12
1795.5	11
1796.5	9
1797.5	7
1798.5	14
1799.5	13
1800.5	8
1801.5	4
1802.5	10
1803.5	10
1804.5	9
1805.5	7
1806.5	12
1807.5	13
1808.5	17
1809.5	10
1810.5	10
1811.5	19
1812.5	9
1813.5	11
1814.5	16
1815.5	12
1816.5	13
1817.5	5
1818.5	11
1819.5	4
1820.5	13
1821.5	12
1822.5	6
1823.5	7
1824.5	8
1825.5	12
1826.5	12
1827.5	22
1828.5	14
1829.5	14
1830.5	8
1831.5	12
1832.5	8
1833.5	12
1834.5	9
1835.5	4
1836.5	11
1837.5	18
1838.5	6
1839.5	8
1840.5	9
1841.5	9
1842.5	3
1843.5	7
1844.5	4
1845.5	12
1846.5	8
1847.5	10
1848.5	11
1849.5	11
1850.5	9
1851.5	5
1852.5	8
1853.5	10
1854.5	5
1855.5	12
1856.5	7
1857.5	13
1858.5	8
1859.5	11
1860.5	11
1861.5	13
1862.5	6
1863.5	8
1864.5	8
1865.5	10
1866.5	6
1867.5	7
1868.5	14
1869.5	7
1870.5	8
1871.5	8
1872.5	8
1873.5	12
1874.5	2
1875.5	9
1876.5	13
1877.5	10
1878.5	14
1879.5	8
1880.5	14
1881.5	6
1882.5	10
1883.5	7
1884.5	14
1885.5	10
1886.5	5
1887.5	3
1888.5	12
1889.5	3
1890.5	9
1891.5	13
1892.5	6
1893.5	11
1894.5	10
1895.5	3
1896.5	12
1897.5	8
1898.5	7
1899.5	12
1900.5	11
1901.5	3
1902.5	8
1903.5	12
1904.5	12
1905.5	11
1906.5	8
1907.5	12
1908.5	10
1909.5	10
1910.5	11
1911.5	7
1912.5	8
1913.5	8
1914.5	6
1915.5	10
1916.5	7
1917.5	11
1918.5	16
1919.5	13
1920.5	8
1921.5	13
1922.5	8
1923.5	9
1924.5	5
1925.5	6
1926.5	4
1927.5	7
1928.5	7
1929.5	9
1930.5	8
1931.5	6
1932.5	8
1933.5	13
1934.5	6
1935.5	7
1936.5	8
1937.5	8
1938.5	6
1939.5	9
1940.5	6
1941.5	12
1942.5	10
1943.5	4
1944.5	12
1945.5	14
1946.5	15
1947.5	8
1948.5	7
1949.5	8
1950.5	6
1951.5	9
1952.5	12
1953.5	10
1954.5	12
1955.5	6
1956.5	8
1957.5	7
1958.5	8
1959.5	13
1960.5	11
1961.5	4
1962.5	9
1963.5	17
1964.5	12
1965.5	6
1966.5	7
1967.5	11
1968.5	10
1969.5	10
1970.5	14
1971.5	13
1972.5	10
1973.5	14
1974.5	7
1975.5	15
1976.5	10
1977.5	6
1978.5	14
1979.5	10
1980.5	18
1981.5	12
1982.5	11
1983.5	9
1984.5	10
1985.5	23
1986.5	15
1987.5	19
1988.5	11
1989.5	6
1990.5	14
1991.5	3
1992.5	13
1993.5	20
1994.5	11
1995.5	13
1996.5	5
1997.5	12
1998.5	16
1999.5	24
2000.5	14
2001.5	15
2002.5	15
2003.5	21
2004.5	13
2005.5	8
2006.5	19
2007.5	13
2008.5	22
2009.5	18
2010.5	22
2011.5	21
2012.5	21
2013.5	20
2014.5	13
2015.5	23
2016.5	23
2017.5	25
2018.5	21
2019.5	21
2020.5	26
2021.5	20
2022.5	20
2023.5	24
2024.5	28
2025.5	27
2026.5	26
2027.5	34
2028.5	28
2029.5	31
2030.5	28
2031.5	33
2032.5	32
2033.5	28
2034.5	43
2035.5	34
2036.5	30
2037.5	32
2038.5	34
2039.5	34
2040.5	32
2041.5	38
2042.5	28
2043.5	32
2044.5	30
2045.5	33
2046.5	37
2047.5	33
2048.5	48
2049.5	40
2050.5	27
2051.5	41
2052.5	48
2053.5	41
2054.5	40
2055.5	35
2056.5	47
2057.5	40
2058.5	41
2059.5	42
2060.5	38
2061.5	54
2062.5	29
2063.5	35
2064.5	41
2065.5	41
2066.5	31
2067.5	38
2068.5	29
2069.5	36
2070.5	40
2071.5	41
2072.5	39
2073.5	40
2074.5	38
2075.5	33
2076.5	35
2077.5	24
2078.5	22
2079.5	39
2080.5	38
2081.5	26
2082.5	31
2083.5	26
2084.5	35
2085.5	31
2086.5	36
2087.5	26
2088.5	50
2089.5	34
2090.5	20
2091.5	32
2092.5	31
2093.5	26
2094.5	20
2095.5	23
2096.5	30
2097.5	27
2098.5	27
2099.5	23
2100.5	30
2101.5	29
2102.5	20
2103.5	18
2104.5	16
2105.5	17
2106.5	17
2107.5	18
2108.5	25
2109.5	15
2110.5	17
2111.5	19
2112.5	25
2113.5	16
2114.5	18
2115.5	19
2116.5	18
2117.5	18
2118.5	12
2119.5	16
2120.5	9
2121.5	17
2122.5	23
2123.5	13
2124.5	10
2125.5	7
2126.5	13
2127.5	9
2128.5	12
2129.5	8
2130.5	13
2131.5	11
2132.5	13
2133.5	3
2134.5	9
2135.5	9
2136.5	10
2137.5	11
2138.5	9
2139.5	12
2140.5	12
2141.5	5
2142.5	6
2143.5	7
2144.5	7
2145.5	7
2146.5	6
2147.5	8
2148.5	8
2149.5	5
2150.5	5
2151.5	4
2152.5	6
2153.5	7
2154.5	7
2155.5	2
2156.5	5
2157.5	2
2158.5	5
2159.5	10
2160.5	7
2161.5	12
2162.5	3
2163.5	9
2164.5	6
2165.5	6
2166.5	6
2167.5	4
2168.5	6
2169.5	2
2170.5	11
2171.5	9
2172.5	5
2173.5	5
2174.5	15
2175.5	4
2176.5	7
2177.5	6
2178.5	7
2179.5	12
2180.5	6
2181.5	9
2182.5	12
2183.5	3
2184.5	7
2185.5	11
2186.5	10
2187.5	7
2188.5	4
2189.5	12
2190.5	5
2191.5	3
2192.5	8
2193.5	7
2194.5	5
2195.5	7
2196.5	3
2197.5	9
2198.5	7
2199.5	6
2200.5	4
2201.5	5
2202.5	6
2203.5	5
2204.5	4
2205.5	9
2206.5	5
2207.5	9
2208.5	7
2209.5	4
2210.5	9
2211.5	5
2212.5	7
2213.5	6
2214.5	7
2215.5	8
2216.5	7
2217.5	6
2218.5	5
2219.5	7
2220.5	9
2221.5	5
2222.5	9
2223.5	8
2224.5	4
2225.5	8
2226.5	4
2227.5	8
2228.5	7
2229.5	7
2230.5	6
2231.5	12
2232.5	9
2233.5	2
2234.5	10
2235.5	5
2236.5	7
2237.5	4
2238.5	4
2239.5	6
2240.5	6
2241.5	10
2242.5	12
2243.5	3
2244.5	5
2245.5	5
2246.5	10
2247.5	8
2248.5	5
2249.5	9
2250.5	5
2251.5	4
2252.5	8
2253.5	8
2254.5	5
2255.5	4
2256.5	8
2257.5	6
2258.5	5
2259.5	11
2260.5	6
2261.5	4
2262.5	10
2263.5	7
2264.5	6
2265.5	6
2266.5	5
2267.5	5
2268.5	5
2269.5	1
2270.5	7
2271.5	6
2272.5	5
2273.5	3
2274.5	8
2275.5	5
2276.5	3
2277.5	7
2278.5	1
2279.5	6
2280.5	2
2281.5	6
2282.5	2
2283.5	4
2284.5	5
2285.5	3
2286.5	6
2287.5	5
2288.5	9
2289.5	4
2290.5	8
2291.5	5
2292.5	3
2293.5	3
2294.5	3
2295.5	5
2296.5	5
2297.5	1
2298.5	3
2299.5	2
2300.5	4
2301.5	3
2302.5	2
2303.5	3
2304.5	4
2305.5	3
2306.5	1
2307.5	3
2308.5	1
2309.5	5
2310.5	4
2311.5	2
2312.5	4
2313.5	2
2314.5	3
2315.5	1
2316.5	1
2317.5	3
2318.5	3
2319.5	3
2320.5	4
2321.5	8
2322.5	4
2323.5	2
2324.5	2
2325.5	6
2326.5	2
2327.5	5
2328.5	0
2329.5	7
2330.5	1
2331.5	3
2332.5	8
2333.5	2
2334.5	2
2335.5	3
2336.5	1
2337.5	0
2338.5	8
2339.5	5
2340.5	3
2341.5	3
2342.5	3
2343.5	2
2344.5	6
2345.5	2
2346.5	2
2347.5	5
2348.5	4
2349.5	2
2350.5	3
2351.5	5
2352.5	5
2353.5	4
2354.5	4
2355.5	3
2356.5	6
2357.5	5
2358.5	1
2359.5	4
2360.5	5
2361.5	5
2362.5	3
2363.5	2
2364.5	2
2365.5	3
2366.5	3
2367.5	2
2368.5	3
2369.5	3
2370.5	5
2371.5	0
2372.5	4
2373.5	3
2374.5	3
2375.5	5
2376.5	1
2377.5	4
2378.5	4
2379.5	1
2380.5	4
2381.5	5
2382.5	5
2383.5	3
2384.5	5
2385.5	3
2386.5	2
2387.5	3
2388.5	6
2389.5	3
2390.5	1
2391.5	6
2392.5	4
2393.5	4
2394.5	5
2395.5	3
2396.5	4
2397.5	4
2398.5	7
2399.5	4
2400.5	1
2401.5	10
2402.5	7
2403.5	4
2404.5	6
2405.5	3
2406.5	4
2407.5	1
2408.5	7
2409.5	5
2410.5	2
2411.5	2
2412.5	3
2413.5	6
2414.5	4
2415.5	4
2416.5	5
2417.5	5
2418.5	3
2419.5	4
2420.5	5
2421.5	9
2422.5	5
2423.5	3
2424.5	8
2425.5	4
2426.5	4
2427.5	8
2428.5	4
2429.5	4
2430.5	7
2431.5	5
2432.5	6
2433.5	3
2434.5	0
2435.5	1
2436.5	9
2437.5	4
2438.5	3
2439.5	3
2440.5	5
2441.5	7
2442.5	8
2443.5	5
2444.5	8
2445.5	4
2446.5	3
2447.5	4
2448.5	5
2449.5	4
2450.5	2
2451.5	6
2452.5	6
2453.5	7
2454.5	4
2455.5	7
2456.5	7
2457.5	9
2458.5	8
2459.5	6
2460.5	1
2461.5	1
2462.5	12
2463.5	3
2464.5	10
2465.5	2
2466.5	10
2467.5	4
2468.5	1
2469.5	5
2470.5	3
2471.5	10
2472.5	3
2473.5	8
2474.5	6
2475.5	6
2476.5	11
2477.5	5
2478.5	5
2479.5	7
2480.5	3
2481.5	5
2482.5	8
2483.5	12
2484.5	5
2485.5	5
2486.5	5
2487.5	6
2488.5	6
2489.5	5
2490.5	3
2491.5	5
2492.5	4
2493.5	5
2494.5	6
2495.5	6
2496.5	7
2497.5	6
2498.5	2
2499.5	1
2500.5	3
2501.5	5
2502.5	7
2503.5	5
2504.5	3
2505.5	0
2506.5	2
2507.5	5
2508.5	7
2509.5	4
2510.5	1
2511.5	6
2512.5	5
2513.5	4
2514.5	7
2515.5	2
2516.5	3
2517.5	4
2518.5	1
2519.5	4
2520.5	4
2521.5	5
2522.5	4
2523.5	3
2524.5	4
2525.5	8
2526.5	5
2527.5	8
2528.5	4
2529.5	2
2530.5	0
2531.5	2
2532.5	0
2533.5	6
2534.5	5
2535.5	3
2536.5	2
2537.5	5
2538.5	4
2539.5	2
2540.5	5
2541.5	4
2542.5	3
2543.5	6
2544.5	8
2545.5	1
2546.5	1
2547.5	8
2548.5	3
2549.5	1
2550.5	5
2551.5	7
2552.5	3
2553.5	3
2554.5	6
2555.5	1
2556.5	4
2557.5	4
2558.5	4
2559.5	5
2560.5	2
2561.5	3
2562.5	1
2563.5	1
2564.5	1
2565.5	5
2566.5	0
2567.5	5
2568.5	7
2569.5	4
2570.5	2
2571.5	7
2572.5	3
2573.5	4
2574.5	5
2575.5	0
2576.5	3
2577.5	5
2578.5	4
2579.5	2
2580.5	6
2581.5	7
2582.5	5
2583.5	2
2584.5	3
2585.5	2
2586.5	2
2587.5	2
2588.5	4
2589.5	2
2590.5	1
2591.5	3
2592.5	3
2593.5	4
2594.5	1
2595.5	1
2596.5	5
2597.5	3
2598.5	1
2599.5	3
2600.5	3
2601.5	6
2602.5	2
2603.5	3
2604.5	3
2605.5	1
2606.5	3
2607.5	4
2608.5	1
2609.5	3
2610.5	4
2611.5	4
2612.5	5
2613.5	2
2614.5	1
2615.5	3
2616.5	2
2617.5	3
2618.5	0
2619.5	1
2620.5	3
2621.5	6
2622.5	3
2623.5	2
2624.5	1
2625.5	3
2626.5	4
2627.5	3
2628.5	3
2629.5	6
2630.5	3
2631.5	2
2632.5	1
2633.5	4
2634.5	2
2635.5	1
2636.5	2
2637.5	1
2638.5	5
2639.5	1
2640.5	3
2641.5	5
2642.5	2
2643.5	2
2644.5	5
2645.5	2
2646.5	2
2647.5	3
2648.5	0
2649.5	6
2650.5	3
2651.5	2
2652.5	3
2653.5	4
2654.5	2
2655.5	4
2656.5	4
2657.5	4
2658.5	1
2659.5	5
2660.5	4
2661.5	4
2662.5	2
2663.5	1
2664.5	3
2665.5	2
2666.5	0
2667.5	3
2668.5	1
2669.5	0
2670.5	4
2671.5	5
2672.5	9
2673.5	2
2674.5	2
2675.5	0
2676.5	2
2677.5	1
2678.5	2
2679.5	2
2680.5	1
2681.5	3
2682.5	1
2683.5	2
2684.5	3
2685.5	2
2686.5	2
2687.5	1
2688.5	1
2689.5	5
2690.5	7
2691.5	3
2692.5	3
2693.5	1
2694.5	2
2695.5	3
2696.5	2
2697.5	2
2698.5	3
2699.5	4
2700.5	6
2701.5	2
2702.5	2
2703.5	1
2704.5	2
2705.5	4
2706.5	1
2707.5	2
2708.5	0
2709.5	1
2710.5	1
2711.5	1
2712.5	2
2713.5	2
2714.5	4
2715.5	0
2716.5	2
2717.5	1
2718.5	3
2719.5	4
2720.5	5
2721.5	1
2722.5	3
2723.5	2
2724.5	3
2725.5	3
2726.5	4
2727.5	1
2728.5	3
2729.5	1
2730.5	4
2731.5	3
2732.5	2
2733.5	1
2734.5	2
2735.5	0
2736.5	2
2737.5	5
2738.5	2
2739.5	2
2740.5	5
2741.5	3
2742.5	2
2743.5	2
2744.5	3
2745.5	1
2746.5	2
2747.5	1
2748.5	1
2749.5	4
2750.5	2
2751.5	3
2752.5	1
2753.5	3
2754.5	4
2755.5	2
2756.5	1
2757.5	2
2758.5	3
2759.5	2
2760.5	2
2761.5	2
2762.5	1
2763.5	6
2764.5	3
2765.5	1
2766.5	4
2767.5	0
2768.5	0
2769.5	1
2770.5	2
2771.5	2
2772.5	4
2773.5	4
2774.5	2
2775.5	1
2776.5	3
2777.5	4
2778.5	1
2779.5	0
2780.5	4
2781.5	2
2782.5	3
2783.5	3
2784.5	0
2785.5	1
2786.5	2
2787.5	3
2788.5	1
2789.5	0
2790.5	4
2791.5	4
2792.5	3
2793.5	1
2794.5	5
2795.5	3
2796.5	2
2797.5	4
2798.5	2
2799.5	1
2800.5	2
2801.5	2
2802.5	3
2803.5	3
2804.5	2
2805.5	2
2806.5	5
2807.5	1
2808.5	2
2809.5	3
2810.5	3
2811.5	0
2812.5	3
2813.5	0
2814.5	3
2815.5	1
2816.5	3
2817.5	3
2818.5	4
2819.5	1
2820.5	3
2821.5	1
2822.5	0
2823.5	4
2824.5	1
2825.5	2
2826.5	1
2827.5	3
2828.5	2
2829.5	2
2830.5	1
2831.5	4
2832.5	2
2833.5	7
2834.5	1
2835.5	0
2836.5	1
2837.5	1
2838.5	3
2839.5	2
2840.5	2
2841.5	5
2842.5	2
2843.5	3
2844.5	3
2845.5	1
2846.5	2
2847.5	2
2848.5	2
2849.5	3
2850.5	6
2851.5	1
2852.5	1
2853.5	2
2854.5	2
2855.5	6
2856.5	2
2857.5	6
2858.5	3
2859.5	2
2860.5	4
2861.5	2
2862.5	1
2863.5	3
2864.5	3
2865.5	3
2866.5	1
2867.5	1
2868.5	4
2869.5	3
2870.5	3
2871.5	1
2872.5	4
2873.5	2
2874.5	2
2875.5	1
2876.5	0
2877.5	2
2878.5	4
2879.5	2
2880.5	2
2881.5	1
2882.5	1
2883.5	6
2884.5	3
2885.5	2
2886.5	2
2887.5	3
2888.5	3
2889.5	3
2890.5	1
2891.5	4
2892.5	2
2893.5	1
2894.5	0
2895.5	1
2896.5	2
2897.5	0
2898.5	2
2899.5	5
2900.5	6
2901.5	1
2902.5	2
2903.5	0
2904.5	5
2905.5	3
2906.5	4
2907.5	5
2908.5	3
2909.5	5
2910.5	3
2911.5	3
2912.5	3
2913.5	7
2914.5	1
2915.5	4
2916.5	5
2917.5	4
2918.5	2
2919.5	3
2920.5	2
2921.5	3
2922.5	1
2923.5	3
2924.5	6
2925.5	1
2926.5	2
2927.5	3
2928.5	4
2929.5	2
2930.5	3
2931.5	2
2932.5	1
2933.5	1
2934.5	3
2935.5	3
2936.5	6
2937.5	2
2938.5	5
2939.5	5
2940.5	3
2941.5	9
2942.5	4
2943.5	1
2944.5	1
2945.5	1
2946.5	3
2947.5	5
2948.5	3
2949.5	3
2950.5	4
2951.5	2
2952.5	1
2953.5	5
2954.5	4
2955.5	1
2956.5	2
2957.5	2
2958.5	1
2959.5	2
2960.5	4
2961.5	4
2962.5	7
2963.5	4
2964.5	4
2965.5	5
2966.5	3
2967.5	6
2968.5	2
2969.5	3
2970.5	2
2971.5	2
2972.5	1
2973.5	7
2974.5	1
2975.5	2
2976.5	3
2977.5	4
2978.5	1
2979.5	1
2980.5	3
2981.5	1
2982.5	4
2983.5	6
2984.5	5
2985.5	1
2986.5	2
2987.5	2
2988.5	3
2989.5	5
2990.5	0
2991.5	3
2992.5	5
2993.5	7
2994.5	1
2995.5	5
2996.5	2
2997.5	5
2998.5	2
2999.5	5
3000.5	3
3001.5	5
3002.5	4
3003.5	2
3004.5	4
3005.5	3
3006.5	4
3007.5	5
3008.5	3
3009.5	0
3010.5	2
3011.5	2
3012.5	4
3013.5	2
3014.5	2
3015.5	3
3016.5	4
3017.5	3
3018.5	3
3019.5	2
3020.5	6
3021.5	2
3022.5	4
3023.5	2
3024.5	3
3025.5	3
3026.5	3
3027.5	4
3028.5	3
3029.5	9
3030.5	3
3031.5	2
3032.5	0
3033.5	2
3034.5	2
3035.5	2
3036.5	1
3037.5	2
3038.5	1
3039.5	6
3040.5	4
3041.5	3
3042.5	4
3043.5	3
3044.5	1
3045.5	2
3046.5	4
3047.5	2
3048.5	4
3049.5	1
3050.5	6
3051.5	3
3052.5	2
3053.5	2
3054.5	4
3055.5	1
3056.5	5
3057.5	3
3058.5	0
3059.5	7
3060.5	3
3061.5	3
3062.5	2
3063.5	4
3064.5	0
3065.5	4
3066.5	4
3067.5	2
3068.5	0
3069.5	2
3070.5	1
3071.5	3
3072.5	1
3073.5	3
3074.5	2
3075.5	3
3076.5	3
3077.5	2
3078.5	1
3079.5	3
3080.5	3
3081.5	3
3082.5	2
3083.5	2
3084.5	2
3085.5	4
3086.5	2
3087.5	4
3088.5	4
3089.5	1
3090.5	2
3091.5	3
3092.5	2
3093.5	2
3094.5	2
3095.5	3
3096.5	2
3097.5	0
3098.5	4
3099.5	2
3100.5	1
3101.5	3
3102.5	5
3103.5	2
3104.5	4
3105.5	4
3106.5	2
3107.5	3
3108.5	0
3109.5	3
3110.5	1
3111.5	3
3112.5	2
3113.5	1
3114.5	4
3115.5	2
3116.5	5
3117.5	2
3118.5	4
3119.5	4
3120.5	3
3121.5	4
3122.5	5
3123.5	2
3124.5	1
3125.5	2
3126.5	4
3127.5	2
3128.5	1
3129.5	0
3130.5	1
3131.5	4
3132.5	2
3133.5	4
3134.5	0
3135.5	0
3136.5	3
3137.5	2
3138.5	1
3139.5	1
3140.5	3
3141.5	4
3142.5	3
3143.5	2
3144.5	4
3145.5	2
3146.5	0
3147.5	2
3148.5	2
3149.5	2
3150.5	0
3151.5	1
3152.5	1
3153.5	1
3154.5	3
3155.5	2
3156.5	0
3157.5	0
3158.5	1
3159.5	3
3160.5	3
3161.5	0
3162.5	3
3163.5	3
3164.5	3
3165.5	2
3166.5	4
3167.5	7
3168.5	1
3169.5	4
3170.5	1
3171.5	1
3172.5	1
3173.5	1
3174.5	1
3175.5	1
3176.5	1
3177.5	2
3178.5	1
3179.5	0
3180.5	2
3181.5	4
3182.5	3
3183.5	0
3184.5	2
3185.5	0
3186.5	2
3187.5	1
3188.5	3
3189.5	1
3190.5	1
3191.5	5
3192.5	4
3193.5	4
3194.5	2
3195.5	3
3196.5	3
3197.5	1
3198.5	3
3199.5	0
3200.5	0
3201.5	0
3202.5	0
3203.5	1
3204.5	0
3205.5	2
3206.5	0
3207.5	0
3208.5	3
3209.5	7
3210.5	2
3211.5	2
3212.5	2
3213.5	0
3214.5	1
3215.5	3
3216.5	1
3217.5	1
3218.5	1
3219.5	1
3220.5	2
3221.5	0
3222.5	2
3223.5	0
3224.5	1
3225.5	2
3226.5	3
3227.5	3
3228.5	0
3229.5	0
3230.5	2
3231.5	4
3232.5	1
3233.5	2
3234.5	4
3235.5	3
3236.5	4
3237.5	2
3238.5	2
3239.5	0
3240.5	2
3241.5	0
3242.5	1
3243.5	3
3244.5	3
3245.5	3
3246.5	2
3247.5	3
3248.5	1
3249.5	1
3250.5	2
3251.5	1
3252.5	2
3253.5	1
3254.5	0
3255.5	0
3256.5	3
3257.5	3
3258.5	2
3259.5	1
3260.5	3
3261.5	1
3262.5	0
3263.5	1
3264.5	2
3265.5	1
3266.5	4
3267.5	0
3268.5	1
3269.5	0
3270.5	1
3271.5	1
3272.5	0
3273.5	2
3274.5	1
3275.5	0
3276.5	4
3277.5	3
3278.5	1
3279.5	2
3280.5	0
3281.5	1
3282.5	0
3283.5	3
3284.5	0
3285.5	2
3286.5	2
3287.5	1
3288.5	0
3289.5	0
3290.5	3
3291.5	0
3292.5	2
3293.5	0
3294.5	0
3295.5	2
3296.5	1
3297.5	2
3298.5	4
3299.5	3
3300.5	0
3301.5	0
3302.5	1
3303.5	2
3304.5	2
3305.5	2
3306.5	1
3307.5	0
3308.5	0
3309.5	1
3310.5	2
3311.5	2
3312.5	1
3313.5	1
3314.5	0
3315.5	1
3316.5	0
3317.5	2
3318.5	2
3319.5	0
3320.5	1
3321.5	2
3322.5	0
3323.5	3
3324.5	2
3325.5	1
3326.5	2
3327.5	2
3328.5	0
3329.5	2
3330.5	0
3331.5	2
3332.5	2
3333.5	0
3334.5	3
3335.5	1
3336.5	0
3337.5	0
3338.5	0
3339.5	0
3340.5	1
3341.5	0
3342.5	0
3343.5	2
3344.5	0
3345.5	1
3346.5	1
3347.5	3
3348.5	0
3349.5	2
3350.5	1
3351.5	1
3352.5	0
3353.5	3
3354.5	1
3355.5	1
3356.5	1
3357.5	3
3358.5	0
3359.5	1
3360.5	2
3361.5	0
3362.5	0
3363.5	0
3364.5	0
3365.5	0
3366.5	2
3367.5	1
3368.5	1
3369.5	2
3370.5	2
3371.5	1
3372.5	1
3373.5	1
3374.5	1
3375.5	0
3376.5	4
3377.5	1
3378.5	1
3379.5	1
3380.5	1
3381.5	0
3382.5	1
3383.5	1
3384.5	0
3385.5	1
3386.5	1
3387.5	1
3388.5	0
3389.5	1
3390.5	1
3391.5	1
3392.5	0
3393.5	1
3394.5	1
3395.5	1
3396.5	0
3397.5	0
3398.5	1
3399.5	1
3400.5	0
3401.5	0
3402.5	0
3403.5	1
3404.5	0
3405.5	1
3406.5	1
3407.5	0
3408.5	2
3409.5	0
3410.5	0
3411.5	0
3412.5	0
3413.5	0
3414.5	0
3415.5	4
3416.5	2
3417.5	1
3418.5	0
3419.5	2
3420.5	1
3421.5	2
3422.5	0
3423.5	0
3424.5	0
3425.5	1
3426.5	0
3427.5	0
3428.5	0
3429.5	1
3430.5	2
3431.5	1
3432.5	2
3433.5	1
3434.5	1
3435.5	1
3436.5	1
3437.5	0
3438.5	0
3439.5	0
3440.5	1
3441.5	2
3442.5	2
3443.5	0
3444.5	0
3445.5	1
3446.5	0
3447.5	1
3448.5	1
3449.5	1
3450.5	2
3451.5	0
3452.5	1
3453.5	1
3454.5	1
3455.5	2
3456.5	1
3457.5	0
3458.5	1
3459.5	1
3460.5	2
3461.5	1
3462.5	1
3463.5	1
3464.5	0
3465.5	3
3466.5	0
3467.5	2
3468.5	2
3469.5	0
3470.5	1
3471.5	1
3472.5	0
3473.5	0
3474.5	1
3475.5	2
3476.5	1
3477.5	5
3478.5	2
3479.5	0
3480.5	0
3481.5	2
3482.5	4
3483.5	0
3484.5	1
3485.5	1
3486.5	3
3487.5	2
3488.5	0
3489.5	1
3490.5	1
3491.5	3
3492.5	1
3493.5	1
3494.5	2
3495.5	4
3496.5	1
3497.5	4
3498.5	1
3499.5	4
3500.5	3
3501.5	1
3502.5	0
3503.5	6
3504.5	0
3505.5	3
3506.5	11
3507.5	2
3508.5	2
3509.5	3
3510.5	2
3511.5	3
3512.5	4
3513.5	1
3514.5	2
3515.5	2
3516.5	5
3517.5	3
3518.5	2
3519.5	3
3520.5	5
3521.5	4
3522.5	3
3523.5	2
3524.5	5
3525.5	3
3526.5	5
3527.5	3
3528.5	5
3529.5	5
3530.5	11
3531.5	4
3532.5	4
3533.5	6
3534.5	6
3535.5	6
3536.5	8
3537.5	5
3538.5	5
3539.5	6
3540.5	9
3541.5	2
3542.5	2
3543.5	5
3544.5	2
3545.5	5
3546.5	7
3547.5	3
3548.5	7
3549.5	5
3550.5	1
3551.5	6
3552.5	2
3553.5	6
3554.5	2
3555.5	2
3556.5	2
3557.5	9
3558.5	5
3559.5	5
3560.5	4
3561.5	3
3562.5	4
3563.5	3
3564.5	11
3565.5	1
3566.5	2
3567.5	3
3568.5	3
3569.5	7
3570.5	1
3571.5	2
3572.5	4
3573.5	5
3574.5	4
3575.5	2
3576.5	4
3577.5	2
3578.5	2
3579.5	4
3580.5	3
3581.5	3
3582.5	2
3583.5	1
3584.5	3
3585.5	4
3586.5	3
3587.5	3
3588.5	3
3589.5	2
3590.5	4
3591.5	1
3592.5	3
3593.5	1
3594.5	3
3595.5	2
3596.5	1
3597.5	4
3598.5	1
3599.5	1
3600.5	1
3601.5	2
3602.5	1
3603.5	1
3604.5	0
3605.5	2
3606.5	1
3607.5	1
3608.5	3
3609.5	1
3610.5	4
3611.5	1
3612.5	4
3613.5	0
3614.5	2
3615.5	2
3616.5	1
3617.5	1
3618.5	1
3619.5	2
3620.5	0
3621.5	0
3622.5	0
3623.5	2
3624.5	1
3625.5	0
3626.5	0
3627.5	0
3628.5	0
3629.5	0
3630.5	1
3631.5	0
3632.5	0
3633.5	0
3634.5	1
3635.5	1
3636.5	0
3637.5	1
3638.5	0
3639.5	0
3640.5	1
3641.5	0
3642.5	1
3643.5	0
3644.5	0
3645.5	0
3646.5	0
3647.5	0
3648.5	2
3649.5	0
3650.5	0
3651.5	0
3652.5	0
3653.5	0
3654.5	0
3655.5	0
3656.5	0
3657.5	0
3658.5	0
3659.5	0
3660.5	0
3661.5	0
3662.5	0
3663.5	0
3664.5	0
3665.5	0
3666.5	0
3667.5	0
3668.5	0
3669.5	0
3670.5	0
3671.5	0
3672.5	0
3673.5	0
3674.5	0
3675.5	0
3676.5	0
3677.5	1
3678.5	0
3679.5	0
3680.5	0
3681.5	0
3682.5	0
3683.5	0
3684.5	0
3685.5	0
3686.5	0
3687.5	1
3688.5	1
3689.5	1
3690.5	0
3691.5	0
3692.5	0
3693.5	1
3694.5	0
3695.5	0
3696.5	0
3697.5	0
3698.5	0
3699.5	0
3700.5	0
3701.5	0
3702.5	1
3703.5	1
3704.5	0
3705.5	0
3706.5	0
3707.5	0
3708.5	0
3709.5	0
3710.5	0
3711.5	0
3712.5	0
3713.5	0
3714.5	0
3715.5	1
3716.5	0
3717.5	1
3718.5	0
3719.5	1
3720.5	0
3721.5	0
3722.5	0
3723.5	0
3724.5	0
3725.5	0
3726.5	0
3727.5	0
3728.5	0
3729.5	1
3730.5	0
3731.5	0
3732.5	0
3733.5	0
3734.5	0
3735.5	0
3736.5	0
3737.5	0
3738.5	0
3739.5	0
3740.5	0
3741.5	1
3742.5	0
3743.5	0
3744.5	0
3745.5	0
3746.5	0
3747.5	0
3748.5	0
3749.5	0
3750.5	0
3751.5	0
3752.5	0
3753.5	0
3754.5	0
3755.5	0
3756.5	0
3757.5	0
3758.5	1
3759.5	0
3760.5	0
3761.5	0
3762.5	0
3763.5	1
3764.5	0
3765.5	0
3766.5	0
3767.5	0
3768.5	0
3769.5	0
3770.5	0
3771.5	0
3772.5	0
3773.5	0
3774.5	0
3775.5	0
3776.5	0
3777.5	0
3778.5	0
3779.5	0
3780.5	0
3781.5	0
3782.5	0
3783.5	0
3784.5	0
3785.5	0
3786.5	0
3787.5	0
3788.5	0
3789.5	0
3790.5	0
3791.5	0
3792.5	0
3793.5	0
3794.5	0
3795.5	1
3796.5	0
3797.5	0
3798.5	0
3799.5	0
3800.5	0
3801.5	0
3802.5	0
3803.5	0
3804.5	1
3805.5	0
3806.5	0
3807.5	0
3808.5	0
3809.5	0
3810.5	0
3811.5	0
3812.5	0
3813.5	0
3814.5	0
3815.5	0
3816.5	0
3817.5	0
3818.5	0
3819.5	0
3820.5	0
3821.5	0
3822.5	0
3823.5	1
3824.5	0
3825.5	0
3826.5	0
3827.5	0
3828.5	0
3829.5	0
3830.5	0
3831.5	0
3832.5	0
3833.5	0
3834.5	0
3835.5	0
3836.5	0
3837.5	0
3838.5	0
3839.5	0
3840.5	0
3841.5	0
3842.5	0
3843.5	0
3844.5	0
3845.5	0
3846.5	0
3847.5	0
3848.5	0
3849.5	0
3850.5	0
3851.5	0
3852.5	0
3853.5	0
3854.5	0
3855.5	0
3856.5	0
3857.5	0
3858.5	0
3859.5	0
3860.5	0
3861.5	0
3862.5	0
3863.5	0
3864.5	0
3865.5	0
3866.5	0
3867.5	0
3868.5	0
3869.5	0
3870.5	1
3871.5	0
3872.5	0
3873.5	0
3874.5	0
3875.5	0
3876.5	0
3877.5	0
3878.5	0
3879.5	1
3880.5	0
3881.5	0
3882.5	0
3883.5	0
3884.5	0
3885.5	0
3886.5	0
3887.5	0
3888.5	0
3889.5	0
3890.5	0
3891.5	0
3892.5	0
3893.5	0
3894.5	0
3895.5	0
3896.5	0
3897.5	0
3898.5	0
3899.5	0
3900.5	0
3901.5	0
3902.5	0
3903.5	0
3904.5	0
3905.5	0
3906.5	1
3907.5	0
3908.5	0
3909.5	0
3910.5	1
3911.5	0
3912.5	0
3913.5	0
3914.5	2
3915.5	0
3916.5	0
3917.5	0
3918.5	0
3919.5	0
3920.5	0
3921.5	0
3922.5	0
3923.5	1
3924.5	1
3925.5	0
3926.5	0
3927.5	0
3928.5	0
3929.5	0
3930.5	0
3931.5	0
3932.5	0
3933.5	0
3934.5	0
3935.5	0
3936.5	0
3937.5	0
3938.5	0
3939.5	0
3940.5	0
3941.5	0
3942.5	1
3943.5	0
3944.5	0
3945.5	0
3946.5	0
3947.5	0
3948.5	0
3949.5	1
3950.5	0
3951.5	0
3952.5	0
3953.5	0
3954.5	0
3955.5	0
3956.5	0
3957.5	0
3958.5	0
3959.5	0
3960.5	0
3961.5	1
3962.5	0
3963.5	0
3964.5	0
3965.5	1
3966.5	0
3967.5	1
3968.5	0
3969.5	0
3970.5	0
3971.5	0
3972.5	0
3973.5	0
3974.5	0
3975.5	0
3976.5	0
3977.5	0
3978.5	0
3979.5	1
3980.5	0
3981.5	0
3982.5	0
3983.5	0
3984.5	1
3985.5	0
3986.5	0
3987.5	0
3988.5	1
3989.5	0
3990.5	0
3991.5	0
3992.5	0
3993.5	0
3994.5	0
3995.5	0
3996.5	0
3997.5	0
3998.5	0
3999.5	0
4000.5	0
4001.5	0
4002.5	0
4003.5	0
4004.5	0
4005.5	0
4006.5	0
4007.5	0
4008.5	0
4009.5	0
4010.5	0
4011.5	0
4012.5	0
4013.5	0
4014.5	0
4015.5	0
4016.5	0
4017.5	0
4018.5	0
4019.5	0
4020.5	0
4021.5	0
4022.5	1
4023.5	0
4024.5	0
4025.5	0
4026.5	0
4027.5	0
4028.5	0
4029.5	0
4030.5	0
4031.5	0
4032.5	0
4033.5	0
4034.5	0
4035.5	0
4036.5	1
4037.5	0
4038.5	0
4039.5	0
4040.5	0
4041.5	0
4042.5	0
4043.5	0
4044.5	0
4045.5	0
4046.5	1
4047.5	0
4048.5	0
4049.5	0
4050.5	0
4051.5	0
4052.5	0
4053.5	1
4054.5	0
4055.5	0
4056.5	0
4057.5	1
4058.5	0
4059.5	0
4060.5	0
4061.5	0
4062.5	0
4063.5	0
4064.5	0
4065.5	0
4066.5	0
4067.5	0
4068.5	0
4069.5	0
4070.5	0
4071.5	0
4072.5	1
4073.5	0
4074.5	0
4075.5	0
4076.5	0
4077.5	0
4078.5	0
4079.5	0
4080.5	0
4081.5	0
4082.5	0
4083.5	0
4084.5	0
4085.5	0
4086.5	0
4087.5	0
4088.5	0
4089.5	0
4090.5	0
4091.5	0
4092.5	0
4093.5	1
4094.5	0
4095.5	0
