Test Chi Quadro Sfasamento_____________________________________________
   x       y       y*      sy      Chi     
1  1000.00 0.19    0.18    0.02    0.71    
2  2000.00 0.38    0.35    0.03    1.01    
3  3000.00 0.57    0.50    0.05    2.18    
4  4000.00 0.75    0.62    0.06    4.24    
5  5000.00 0.63    0.73    0.08    1.76    
6  6000.00 1.13    0.82    0.09    10.74   
7  7000.00 0.88    0.90    0.11    0.02    
8  8000.00 1.01    0.96    0.13    0.13    
9  10000.001.01    1.06    0.02    10.64   
10 12000.001.13    1.13    0.02    0.02    
11 20000.001.38    1.29    0.03    9.44    
12 25000.001.41    1.34    0.04    3.87    
13 30000.001.32    1.37    0.05    1.19    
14 800.00  0.10    0.14    0.03    2.39    
15 600.00  0.15    0.10    0.02    6.39    
16 400.00  0.05    0.07    0.01    1.69    
17 200.00  0.03    0.03    0.01    0.54    
18 150.00  0.02    0.02    0.00    0.13    
19 100.00  0.01    0.01    0.00    0.16    
Chi Quadro = 57.27
Gradi Libertà = 16
Chi Quadro Ridotto = 3.58

