Test residui Sfasamento_____________________________________________
   x       y       y*      res     s_res   
1  1000.00 0.19    0.18    0.01    0.02    
2  2000.00 0.38    0.35    0.03    0.03    
3  3000.00 0.57    0.50    0.07    0.05    
4  4000.00 0.75    0.63    0.12    0.06    
5  6000.00 1.13    0.83    0.30    0.09    
6  10000.001.01    1.06    -0.05   0.02    
7  12000.001.13    1.13    0.00    0.02    
8  20000.001.38    1.28    0.10    0.03    
9  25000.001.41    1.33    0.08    0.04    
10 30000.001.32    1.37    -0.05   0.05    
11 800.00  0.10    0.14    -0.04   0.03    
12 600.00  0.15    0.10    0.05    0.02    
13 400.00  0.05    0.07    -0.02   0.01    
14 200.00  0.03    0.03    -0.00   0.01    
15 150.00  0.02    0.02    -0.00   0.00    
16 100.00  0.01    0.01    0.00    0.00    

Somma residui = 0.93
