1.282 19.98 15.32
1.283 19.97 15.32
1.285 19.95 15.32
1.285 19.93 15.32
1.286 19.93 15.32
1.287 19.91 15.32
1.288 19.90 15.32
1.289 19.89 15.32
1.289 19.88 15.32
1.289 19.88 15.32
1.289 19.88 15.32
1.290 19.87 15.32
1.290 19.86 15.32
1.291 19.85 15.32
1.292 19.84 15.32
1.292 19.84 15.32
1.292 19.82 15.32
1.293 19.82 15.32
1.293 19.82 15.32
1.293 19.80 15.32
1.294 19.80 15.32
1.294 19.79 15.32
1.295 19.78 15.32
1.295 19.78 15.32
1.295 19.77 15.32
1.297 19.76 15.32
1.298 19.74 15.32
1.300 19.71 15.32
1.302 19.68 15.32
1.303 19.66 15.32
1.304 19.63 15.32
1.305 19.62 15.32
1.306 19.60 15.32
1.307 19.58 15.32
1.308 19.57 15.32
1.308 19.56 15.32
1.308 19.56 15.32
1.309 19.56 15.32
1.309 19.55 15.32
1.310 19.52 15.32
1.313 19.48 15.32
1.315 19.45 15.32
1.316 19.44 15.32
1.317 19.42 15.32
1.319 19.42 15.32
1.319 19.40 15.32
1.320 19.39 15.32
1.321 19.37 15.32
1.322 19.37 15.32
1.322 19.36 15.32
1.323 19.35 15.32
1.324 19.33 15.32
1.325 19.32 15.32
1.325 19.31 15.32
1.326 19.29 15.32
1.328 19.27 15.32
1.330 19.24 15.32
1.331 19.22 15.32
1.333 19.18 15.32
1.335 19.15 15.32
1.337 19.12 15.32
1.338 19.11 15.32
1.339 19.09 15.32
1.339 19.09 15.32
1.339 19.08 15.32
1.339 19.08 15.32
1.339 19.08 15.32
1.339 19.07 15.32
1.339 19.07 15.32
1.340 19.06 15.32
1.341 19.04 15.32
1.342 19.03 15.32
1.343 19.01 15.32
1.344 19.00 15.32
1.345 18.99 15.32
1.346 18.97 15.32
1.347 18.95 15.32
1.348 18.95 15.32
1.349 18.93 15.32
1.350 18.92 15.32
1.352 18.91 15.32
1.352 18.89 15.32
1.353 18.89 15.32
1.354 18.87 15.32
1.355 18.85 15.32
1.357 18.83 15.32
1.358 18.81 15.32
1.359 18.80 15.32
1.360 18.78 15.32
1.362 18.76 15.32
1.362 18.75 15.32
1.363 18.73 15.32
1.364 18.71 15.31
1.365 18.70 15.31
1.366 18.68 15.31
1.366 18.66 15.31
1.367 18.66 15.31
1.368 18.64 15.31
1.368 18.63 15.31
1.368 18.63 15.31
1.369 18.62 15.31
1.369 18.62 15.31
1.370 18.61 15.31
1.370 18.60 15.31
1.372 18.58 15.31
1.372 18.56 15.31
1.373 18.55 15.31
1.374 18.55 15.31
1.376 18.51 15.31
1.378 18.50 15.31
1.379 18.48 15.31
1.380 18.47 15.31
1.381 18.46 15.31
1.383 18.43 15.31
1.385 18.42 15.31
1.386 18.40 15.31
1.387 18.38 15.31
1.388 18.38 15.31
1.388 18.38 15.31
1.388 18.37 15.31
1.388 18.37 15.31
1.389 18.34 15.31
1.391 18.33 15.31
1.391 18.33 15.31
1.391 18.31 15.31
1.391 18.32 15.31
1.391 18.31 15.31
1.393 18.30 15.31
1.394 18.28 15.31
1.396 18.26 15.31
1.397 18.23 15.31
1.399 18.21 15.31
1.400 18.19 15.31
1.401 18.18 15.31
1.402 18.17 15.31
1.404 18.14 15.31
1.405 18.13 15.31
1.406 18.11 15.31
1.408 18.08 15.31
1.410 18.06 15.31
1.411 18.03 15.31
1.413 18.02 15.31
1.415 18.00 15.31
1.416 17.99 15.31
1.418 17.97 15.31
1.419 17.95 15.31
1.420 17.94 15.31
1.421 17.93 15.31
1.421 17.92 15.31
1.422 17.91 15.31
1.422 17.91 15.31
1.423 17.88 15.31
1.424 17.89 15.31
1.424 17.88 15.31
1.426 17.86 15.31
1.427 17.84 15.31
1.429 17.81 15.31
1.430 17.82 15.31
1.431 17.79 15.31
1.432 17.76 15.31
1.433 17.76 15.31
1.434 17.74 15.31
1.436 17.71 15.31
1.438 17.68 15.31
1.439 17.64 15.31
1.441 17.64 15.31
1.442 17.62 15.31
1.444 17.59 15.31
1.446 17.57 15.31
1.448 17.55 15.31
1.449 17.53 15.31
1.450 17.52 15.31
1.452 17.50 15.31
1.453 17.49 15.31
1.454 17.48 15.31
1.455 17.46 15.31
1.456 17.45 15.31
1.458 17.44 15.31
1.458 17.43 15.31
1.459 17.42 15.31
1.459 17.42 15.31
1.459 17.41 15.31
1.459 17.41 15.31
1.461 17.39 15.31
1.464 17.36 15.31
1.466 17.34 15.31
1.467 17.32 15.31
1.469 17.31 15.31
1.470 17.30 15.31
1.471 17.26 15.31
1.472 17.26 15.31
1.474 17.25 15.31
1.475 17.22 15.31
1.477 17.18 15.31
1.478 17.17 15.31
1.479 17.17 15.31
1.479 17.16 15.31
1.479 17.14 15.31
1.483 17.12 15.31
1.485 17.09 15.31
1.487 17.07 15.31
1.488 17.07 15.31
1.489 17.05 15.31
1.490 17.04 15.31
1.490 17.04 15.31
1.490 17.03 15.31
1.491 17.03 15.31
1.492 17.02 15.31
1.493 16.99 15.31
1.495 16.99 15.31
1.496 16.97 15.31
1.497 16.95 15.31
1.497 16.95 15.31
1.497 16.95 15.31
1.497 16.95 15.31
1.497 16.94 15.31
1.497 16.94 15.31
1.497 16.94 15.31
1.497 16.93 15.31
1.497 16.93 15.31
1.498 16.92 15.31
1.499 16.91 15.31
1.500 16.90 15.31
1.503 16.88 15.31
1.504 16.86 15.31
1.506 16.84 15.31
1.508 16.81 15.31
1.510 16.78 15.31
1.512 16.77 15.31
1.513 16.74 15.31
1.515 16.73 15.31
1.516 16.72 15.31
1.516 16.70 15.31
1.516 16.70 15.31
1.517 16.69 15.31
1.518 16.68 15.31
1.519 16.68 15.31
1.520 16.64 15.31
1.522 16.63 15.31
1.523 16.63 15.31
1.524 16.61 15.31
1.526 16.60 15.31
1.528 16.58 15.31
1.530 16.56 15.31
1.532 16.55 15.31
1.533 16.54 15.31
1.533 16.53 15.31
1.533 16.54 15.31
1.533 16.52 15.31
1.533 16.53 15.31
1.533 16.52 15.31
1.533 16.52 15.31
1.533 16.52 15.31
1.533 16.52 15.31
1.533 16.52 15.31
1.533 16.52 15.31
1.533 16.51 15.31
1.533 16.52 15.31
1.532 16.52 15.31
1.532 16.51 15.31
1.532 16.52 15.31
1.532 16.52 15.31
1.532 16.51 15.31
1.532 16.52 15.31
1.533 16.51 15.31
1.535 16.49 15.31
1.537 16.48 15.31
1.539 16.46 15.31
1.540 16.44 15.31
1.541 16.44 15.31
1.542 16.42 15.31
1.544 16.41 15.31
1.545 16.37 15.31
1.547 16.36 15.31
1.550 16.33 15.31
1.552 16.30 15.31
1.554 16.29 15.31
1.554 16.29 15.31
1.555 16.27 15.31
1.555 16.26 15.31
1.557 16.25 15.31
1.558 16.22 15.31
1.561 16.21 15.31
1.562 16.18 15.31
1.564 16.16 15.31
1.566 16.15 15.31
1.569 16.12 15.31
1.570 16.12 15.31
1.573 16.10 15.31
1.575 16.08 15.31
1.576 16.07 15.31
1.576 16.06 15.31
1.577 16.06 15.31
1.578 16.05 15.31
1.579 16.03 15.31
1.580 16.02 15.31
1.581 16.00 15.31
1.583 15.98 15.31
1.584 15.97 15.31
1.584 15.96 15.31
1.585 15.95 15.31
1.586 15.94 15.31
1.587 15.93 15.31
1.588 15.91 15.31
1.590 15.89 15.31
1.593 15.86 15.31
1.595 15.83 15.31
1.596 15.81 15.31
1.597 15.80 15.31
1.598 15.80 15.31
1.599 15.77 15.31
1.599 15.77 15.31
1.600 15.75 15.31
1.602 15.73 15.31
1.604 15.69 15.31
1.607 15.65 15.31
1.610 15.63 15.31
1.612 15.61 15.31
1.613 15.59 15.31
1.615 15.60 15.31
1.616 15.59 15.31
1.617 15.58 15.31
1.618 15.58 15.31
1.619 15.58 15.31
1.620 15.56 15.31
1.620 15.57 15.31
1.620 15.56 15.31
1.622 15.54 15.31
1.623 15.53 15.31
1.625 15.49 15.31
1.626 15.48 15.31
1.627 15.47 15.31
1.629 15.43 15.31
1.630 15.42 15.31
1.631 15.40 15.31
1.632 15.38 15.31
1.634 15.37 15.31
1.636 15.33 15.31
1.638 15.30 15.31
1.640 15.29 15.31
1.641 15.25 15.31
1.642 15.24 15.31
1.643 15.23 15.31
1.644 15.21 15.31
1.645 15.21 15.31
1.645 15.22 15.31
1.646 15.18 15.31
1.646 15.21 15.31
1.647 15.22 15.31
1.648 15.22 15.31
1.649 15.21 15.31
1.651 15.19 15.31
1.651 15.13 15.31
1.652 15.11 15.31
1.654 15.12 15.31
1.655 15.11 15.31
1.656 15.06 15.31
1.657 15.11 15.31
1.658 15.13 15.31
1.659 15.11 15.31
1.660 15.11 15.31
1.661 15.08 15.31
1.662 15.04 15.31
1.664 15.02 15.31
1.664 15.03 15.31
1.665 15.09 15.31
1.666 15.04 15.31
1.668 15.03 15.31
1.669 15.02 15.31
1.670 14.94 15.31
1.671 14.93 15.31
1.672 14.93 15.31
1.672 14.92 15.31
1.672 14.92 15.31
1.673 14.94 15.31
1.673 14.98 15.31
1.673 14.99 15.31
1.674 14.99 15.31
1.675 14.98 15.31
1.675 14.93 15.31
1.676 14.80 15.31
1.676 14.81 15.31
1.677 14.92 15.31
1.678 14.82 15.31
1.679 14.84 15.31
1.680 14.81 15.31
1.680 14.86 15.31
1.681 14.84 15.31
1.682 14.79 15.31
1.683 14.82 15.31
1.684 14.80 15.31
1.686 14.76 15.31
1.686 14.79 15.31
1.687 14.78 15.31
1.687 14.72 15.31
1.688 14.75 15.31
1.688 14.69 15.31
1.689 14.76 15.31
1.689 14.76 15.31
1.689 14.71 15.31
1.689 14.73 15.31
1.689 14.68 15.31
1.689 14.70 15.31
1.689 14.75 15.31
1.689 14.66 15.31
1.689 14.75 15.31
1.689 14.68 15.31
1.689 14.77 15.31
1.689 14.73 15.31
1.689 14.71 15.31
1.689 14.72 15.31
1.690 14.71 15.31
1.693 14.68 15.31
1.694 14.64 15.31
1.694 14.71 15.31
1.695 14.68 15.31
1.696 14.70 15.31
1.696 14.67 15.31
1.697 14.60 15.31
1.698 14.60 15.31
1.698 14.61 15.31
1.700 14.64 15.31
1.701 14.67 15.31
1.702 14.64 15.31
1.703 14.61 15.31
1.704 14.55 15.31
1.705 14.62 15.31
1.706 14.60 15.31
1.707 14.59 15.31
1.707 14.60 15.31
1.708 14.60 15.31
1.709 14.59 15.31
1.709 14.58 15.31
1.710 14.58 15.31
1.711 14.55 15.31
1.712 14.50 15.31
1.712 14.50 15.31
1.713 14.49 15.31
1.714 14.52 15.31
1.715 14.51 15.31
1.716 14.50 15.31
1.716 14.46 15.31
1.716 14.44 15.31
1.717 14.49 15.31
1.718 14.49 15.31
1.718 14.41 15.31
1.719 14.40 15.31
1.719 14.43 15.31
1.720 14.39 15.31
1.720 14.48 15.31
1.720 14.46 15.31
1.720 14.42 15.31
1.721 14.49 15.31
1.722 14.40 15.31
1.723 14.44 15.31
1.724 14.45 15.31
1.725 14.36 15.31
1.725 14.39 15.31
1.725 14.37 15.31
1.725 14.43 15.31
1.726 14.43 15.31
1.727 14.37 15.30
1.728 14.34 15.30
1.729 14.41 15.31
1.730 14.38 15.31
1.731 14.39 15.30
1.732 14.39 15.30
1.733 14.36 15.30
1.733 14.36 15.30
1.734 14.33 15.30
1.735 14.36 15.30
1.737 14.35 15.30
1.738 14.32 15.30
1.739 14.30 15.30
1.739 14.22 15.30
1.740 14.20 15.30
1.742 14.19 15.30
1.742 14.21 15.30
1.743 14.26 15.30
1.743 14.23 15.30
1.744 14.21 15.30
1.744 14.25 15.30
1.744 14.22 15.30
1.746 14.24 15.30
1.747 14.25 15.30
1.749 14.21 15.30
1.749 14.20 15.30
1.749 14.20 15.30
1.749 14.11 15.30
1.749 14.16 15.30
1.749 14.19 15.30
1.749 14.16 15.30
1.749 14.16 15.30
1.750 14.18 15.30
1.751 14.14 15.30
1.752 14.16 15.30
1.753 14.13 15.30
1.754 14.15 15.30
1.755 14.13 15.30
1.756 14.10 15.30
1.756 14.11 15.30
1.757 14.12 15.30
1.758 14.07 15.30
1.760 14.08 15.30
1.761 14.07 15.30
1.762 14.08 15.30
1.763 14.07 15.30
1.763 14.04 15.30
1.764 14.04 15.30
1.765 14.06 15.30
1.765 14.03 15.30
1.766 14.06 15.30
1.767 14.02 15.30
1.768 14.02 15.30
1.769 14.02 15.30
1.770 14.01 15.30
1.770 13.99 15.30
1.770 14.00 15.30
1.770 13.99 15.30
1.769 14.01 15.30
1.769 14.02 15.30
1.769 14.00 15.30
1.769 14.00 15.30
1.769 13.99 15.30
1.769 14.01 15.30
1.769 14.02 15.30
1.770 13.98 15.30
1.770 14.00 15.30
1.771 14.00 15.30
1.772 13.97 15.30
1.773 13.98 15.30
1.775 13.98 15.30
1.777 13.96 15.30
1.778 13.97 15.30
1.779 13.93 15.30
1.780 13.93 15.30
1.781 13.94 15.30
1.781 13.91 15.30
1.782 13.93 15.30
1.783 13.93 15.30
1.783 13.88 15.30
1.784 13.91 15.30
1.784 13.89 15.30
1.785 13.89 15.30
1.786 13.90 15.30
1.787 13.87 15.30
1.788 13.85 15.30
1.789 13.87 15.30
1.790 13.84 15.30
1.791 13.82 15.30
1.792 13.81 15.30
1.793 13.83 15.30
1.794 13.84 15.30
1.795 13.78 15.30
1.796 13.79 15.30
1.797 13.80 15.30
1.798 13.76 15.30
1.799 13.76 15.30
1.800 13.76 15.30
1.803 13.74 15.30
1.803 13.75 15.30
1.804 13.74 15.30
1.805 13.73 15.30
1.805 13.75 15.30
1.806 13.71 15.30
1.806 13.72 15.30
1.806 13.72 15.30
1.806 13.71 15.30
1.805 13.72 15.30
1.805 13.70 15.30
1.805 13.71 15.30
1.805 13.74 15.30
1.805 13.69 15.30
1.806 13.69 15.30
1.809 13.68 15.30
1.810 13.67 15.30
1.812 13.68 15.30
1.813 13.65 15.30
1.814 13.65 15.30
1.816 13.66 15.30
1.817 13.60 15.30
1.818 13.62 15.30
1.820 13.60 15.30
1.821 13.59 15.30
1.822 13.60 15.30
1.824 13.56 15.30
1.825 13.57 15.30
1.826 13.58 15.30
1.827 13.57 15.30
1.828 13.57 15.30
1.829 13.56 15.30
1.829 13.55 15.30
1.829 13.56 15.30
1.830 13.52 15.30
1.830 13.57 15.30
1.830 13.52 15.30
1.829 13.50 15.30
1.829 13.49 15.30
1.829 13.56 15.30
1.829 13.48 15.30
1.829 13.54 15.30
1.829 13.53 15.30
1.829 13.55 15.30
1.829 13.51 15.30
1.828 13.56 15.30
1.828 13.52 15.30
1.829 13.55 15.30
1.830 13.51 15.30
1.830 13.51 15.30
1.831 13.52 15.30
1.832 13.50 15.30
1.834 13.50 15.30
1.835 13.48 15.30
1.836 13.48 15.30
1.837 13.47 15.30
1.838 13.45 15.30
1.838 13.46 15.30
1.838 13.47 15.30
1.840 13.43 15.30
1.841 13.45 15.30
1.843 13.41 15.30
1.844 13.40 15.30
1.846 13.43 15.30
1.846 13.37 15.30
1.847 13.44 15.30
1.848 13.41 15.30
1.849 13.33 15.30
1.850 13.37 15.30
1.851 13.36 15.30
1.852 13.34 15.30
1.852 13.31 15.30
1.851 13.34 15.30
1.851 13.37 15.30
1.851 13.34 15.30
1.851 13.27 15.30
1.851 13.32 15.30
1.854 13.30 15.30
1.856 13.30 15.30
1.856 13.28 15.30
1.856 13.28 15.30
1.856 13.31 15.30
1.856 13.35 15.30
1.856 13.37 15.30
1.856 13.34 15.30
1.856 13.30 15.30
1.855 13.28 15.30
1.855 13.31 15.30
1.855 13.33 15.29
1.855 13.35 15.29
1.855 13.36 15.29
1.855 13.36 15.29
1.855 13.35 15.29
1.855 13.36 15.29
1.856 13.28 15.29
1.857 13.31 15.29
1.857 13.34 15.29
1.858 13.28 15.29
1.860 13.25 15.29
1.862 13.24 15.29
1.864 13.27 15.29
1.866 13.27 15.29
1.867 13.25 15.29
1.868 13.26 15.29
1.869 13.26 15.29
1.870 13.24 15.29
1.871 13.14 15.29
1.871 13.27 15.29
1.872 13.13 15.29
1.874 13.26 15.29
1.876 13.10 15.29
1.878 13.21 15.29
1.880 13.10 15.29
1.882 13.13 15.29
1.884 13.07 15.29
1.886 13.18 15.29
1.887 13.12 15.29
1.889 13.06 15.29
1.890 13.07 15.29
1.891 13.13 15.29
1.892 13.10 15.29
1.893 12.97 15.29
1.894 13.06 15.29
1.895 13.03 15.29
1.896 12.98 15.29
1.898 13.00 15.29
1.900 12.99 15.29
1.902 12.98 15.29
1.902 12.97 15.29
1.903 12.91 15.29
1.905 12.92 15.29
1.907 12.92 15.29
1.909 12.90 15.29
1.910 12.91 15.29
1.911 12.94 15.29
1.914 12.88 15.29
1.916 12.91 15.29
1.918 12.87 15.29
1.919 12.89 15.29
1.922 12.83 15.29
1.924 12.86 15.29
1.927 12.81 15.29
1.928 12.83 15.29
1.929 12.78 15.29
1.930 12.78 15.29
1.932 12.68 15.29
1.935 12.76 15.29
1.938 12.76 15.29
1.941 12.72 15.29
1.943 12.74 15.29
1.946 12.70 15.29
1.948 12.59 15.29
1.950 12.71 15.29
1.952 12.64 15.29
1.953 12.64 15.29
1.953 12.68 15.29
1.954 12.62 15.29
1.957 12.58 15.29
1.959 12.57 15.29
1.960 12.54 15.29
1.963 12.59 15.29
1.966 12.58 15.29
1.969 12.49 15.29
1.972 12.48 15.29
1.974 12.47 15.29
1.976 12.46 15.29
1.977 12.45 15.29
1.977 12.41 15.29
1.978 12.42 15.29
1.980 12.42 15.29
1.983 12.46 15.29
1.985 12.46 15.29
1.986 12.40 15.29
1.986 12.37 15.29
1.986 12.37 15.29
1.987 12.36 15.29
1.987 12.45 15.29
1.987 12.40 15.29
1.989 12.40 15.29
1.990 12.38 15.29
1.991 12.37 15.29
1.991 12.33 15.29
1.994 12.33 15.29
1.995 12.30 15.29
1.996 12.29 15.29
1.998 12.28 15.29
2.000 12.31 15.29
2.003 12.31 15.29
2.006 12.28 15.29
2.008 12.23 15.29
2.010 12.22 15.29
2.012 12.25 15.29
2.012 12.21 15.29
2.014 12.23 15.29
2.015 12.24 15.29
2.017 12.23 15.29
2.019 12.19 15.29
2.021 12.20 15.29
2.024 12.18 15.29
2.026 12.13 15.29
2.028 12.14 15.29
2.030 12.13 15.29
2.032 12.10 15.29
2.035 12.10 15.29
2.038 12.06 15.29
2.041 12.04 15.29
2.043 12.04 15.29
2.044 12.02 15.29
2.045 12.03 15.29
2.046 12.03 15.29
2.048 12.00 15.29
2.051 12.00 15.29
2.054 11.98 15.29
2.056 11.96 15.29
2.058 11.95 15.29
2.058 11.95 15.29
2.059 11.93 15.29
2.063 11.92 15.29
2.065 11.88 15.29
2.065 11.89 15.29
2.066 11.88 15.29
2.066 11.90 15.29
2.066 11.88 15.29
2.066 11.87 15.29
2.067 11.87 15.29
2.071 11.81 15.29
2.076 11.78 15.29
2.079 11.81 15.29
2.082 11.79 15.29
2.084 11.72 15.29
2.085 11.74 15.29
2.086 11.72 15.29
2.087 11.73 15.29
2.088 11.79 15.29
2.090 11.68 15.29
2.092 11.78 15.29
2.093 11.69 15.29
2.094 11.73 15.29
2.094 11.67 15.29
2.095 11.76 15.29
2.097 11.68 15.29
2.098 11.73 15.29
2.100 11.64 15.29
2.101 11.73 15.29
2.103 11.64 15.29
2.104 11.71 15.29
2.105 11.67 15.29
2.107 11.63 15.29
2.109 11.61 15.29
2.110 11.60 15.29
2.112 11.63 15.29
2.113 11.64 15.29
2.116 11.64 15.29
2.118 11.50 15.29
2.120 11.57 15.29
2.121 11.60 15.29
2.122 11.55 15.29
2.123 11.51 15.29
2.124 11.56 15.29
2.124 11.56 15.29
2.125 11.49 15.29
2.126 11.54 15.29
2.128 11.56 15.29
2.128 11.48 15.29
2.128 11.48 15.29
2.131 11.54 15.29
2.134 11.54 15.29
2.137 11.41 15.29
2.139 11.48 15.29
2.143 11.40 15.29
2.146 11.38 15.29
2.147 11.46 15.29
2.147 11.36 15.29
2.149 11.36 15.29
2.150 11.43 15.29
2.153 11.29 15.29
2.155 11.37 15.29
2.158 11.39 15.29
2.160 11.27 15.29
2.162 11.30 15.29
2.163 11.27 15.29
2.164 11.33 15.29
2.165 11.35 15.29
2.167 11.33 15.29
2.169 11.31 15.29
2.171 11.24 15.29
2.173 11.29 15.29
2.176 11.26 15.29
2.178 11.20 15.29
2.179 11.28 15.29
2.180 11.28 15.29
2.181 11.21 15.29
2.182 11.16 15.29
2.186 11.21 15.29
2.188 11.22 15.29
2.189 11.18 15.29
2.189 11.15 15.29
2.190 11.20 15.29
2.192 11.16 15.29
2.193 11.09 15.29
2.194 11.18 15.29
2.194 11.12 15.29
2.195 11.10 15.29
2.197 11.16 15.29
2.199 11.17 15.29
2.202 11.14 15.29
2.206 11.07 15.29
2.210 11.05 15.29
2.213 11.04 15.29
2.215 11.01 15.29
2.216 11.02 15.29
2.218 11.00 15.29
2.221 11.03 15.29
2.222 10.96 15.29
2.224 10.98 15.29
2.225 10.95 15.29
2.226 10.96 15.29
2.228 10.95 15.29
2.228 10.94 15.29
2.230 10.93 15.29
2.232 10.93 15.29
2.233 10.91 15.29
2.234 10.92 15.29
2.236 10.89 15.29
2.238 10.89 15.29
2.239 10.90 15.29
2.240 10.86 15.29
2.240 10.86 15.29
2.241 10.87 15.29
2.243 10.84 15.29
2.245 10.84 15.29
2.248 10.83 15.29
2.250 10.82 15.29
2.252 10.82 15.29
2.253 10.81 15.29
2.254 10.81 15.29
2.256 10.81 15.29
2.258 10.78 15.29
2.260 10.79 15.29
2.261 10.78 15.29
2.263 10.76 15.29
2.264 10.78 15.29
2.265 10.76 15.29
2.266 10.76 15.29
2.267 10.76 15.29
2.268 10.74 15.29
2.269 10.72 15.29
2.270 10.74 15.29
2.271 10.71 15.29
2.272 10.73 15.29
2.273 10.72 15.29
2.275 10.71 15.29
2.276 10.73 15.29
2.276 10.72 15.29
2.277 10.70 15.29
2.279 10.70 15.29
2.282 10.70 15.29
2.284 10.69 15.29
2.285 10.67 15.29
2.287 10.67 15.29
2.289 10.65 15.29
2.290 10.60 15.29
2.293 10.61 15.29
2.295 10.61 15.29
2.296 10.60 15.29
2.297 10.60 15.29
2.298 10.59 15.29
2.299 10.58 15.29
2.300 10.57 15.29
2.301 10.56 15.29
2.303 10.57 15.29
2.303 10.57 15.29
2.303 10.55 15.29
2.303 10.55 15.29
2.304 10.54 15.29
2.305 10.54 15.29
2.305 10.55 15.29
2.306 10.53 15.29
2.307 10.52 15.29
2.308 10.53 15.29
2.310 10.49 15.29
2.312 10.51 15.29
2.313 10.49 15.29
2.313 10.49 15.29
2.313 10.50 15.29
2.313 10.50 15.29
2.313 10.48 15.29
2.312 10.50 15.29
2.312 10.49 15.29
2.312 10.50 15.29
2.312 10.49 15.29
2.312 10.49 15.29
2.312 10.49 15.29
2.314 10.48 15.29
2.317 10.47 15.29
2.318 10.49 15.29
2.320 10.46 15.29
2.322 10.45 15.29
2.325 10.45 15.29
2.327 10.42 15.29
2.330 10.41 15.29
2.332 10.40 15.29
2.335 10.40 15.29
2.338 10.39 15.29
2.340 10.35 15.29
2.342 10.36 15.29
2.343 10.37 15.29
2.344 10.33 15.29
2.346 10.34 15.29
2.346 10.34 15.29
2.347 10.33 15.29
2.349 10.34 15.29
2.351 10.32 15.29
2.352 10.30 15.29
2.353 10.31 15.29
2.355 10.29 15.29
2.356 10.29 15.29
2.358 10.29 15.29
2.359 10.27 15.29
2.360 10.29 15.29
2.361 10.29 15.29
2.362 10.27 15.29
2.365 10.27 15.29
2.366 10.27 15.29
2.366 10.26 15.29
2.367 10.26 15.29
2.369 10.23 15.29
2.369 10.25 15.29
2.369 10.25 15.29
2.369 10.23 15.29
2.369 10.25 15.29
2.368 10.24 15.29
2.368 10.25 15.29
2.368 10.25 15.29
2.368 10.23 15.29
2.368 10.24 15.29
2.368 10.24 15.29
2.368 10.24 15.29
2.367 10.26 15.29
2.368 10.23 15.29
2.369 10.24 15.29
2.370 10.23 15.30
2.371 10.22 15.29
2.373 10.22 15.29
2.374 10.21 15.29
2.376 10.20 15.30
2.378 10.20 15.30
2.380 10.18 15.30
2.380 10.19 15.30
2.383 10.19 15.29
2.384 10.17 15.30
2.386 10.17 15.30
2.388 10.16 15.30
2.388 10.15 15.30
2.389 10.15 15.30
2.391 10.13 15.30
2.391 10.14 15.30
2.391 10.13 15.30
2.392 10.11 15.30
2.394 10.12 15.30
2.394 10.13 15.30
2.395 10.12 15.30
2.397 10.12 15.30
2.398 10.12 15.30
2.399 10.12 15.30
2.401 10.11 15.30
2.402 10.09 15.30
2.404 10.08 15.30
2.405 10.05 15.30
2.407 10.03 15.30
2.408 10.05 15.30
2.409 10.04 15.30
2.410 10.03 15.30
2.412 10.03 15.30
2.413 10.02 15.30
2.415 10.01 15.30
2.416 10.01 15.30
2.416 9.99 15.30
2.415 10.00 15.30
2.415 10.00 15.30
2.415 9.99 15.30
2.415 10.00 15.30
2.415 10.00 15.30
2.415 10.00 15.30
2.414 10.01 15.30
2.415 9.99 15.30
2.416 10.00 15.30
2.417 9.99 15.30
2.418 9.98 15.30
2.419 9.99 15.30
2.421 9.98 15.30
2.422 9.98 15.30
2.424 9.98 15.30
2.428 9.95 15.30
2.430 9.94 15.30
2.432 9.94 15.30
2.433 9.92 15.30
2.435 9.92 15.30
2.437 9.91 15.30
2.439 9.90 15.30
2.440 9.92 15.30
2.440 9.90 15.30
2.441 9.89 15.30
2.443 9.90 15.30
2.444 9.88 15.30
2.446 9.88 15.30
2.448 9.86 15.30
2.449 9.86 15.30
2.450 9.86 15.30
2.453 9.84 15.30
2.455 9.84 15.30
2.456 9.84 15.30
2.455 9.84 15.30
2.455 9.84 15.30
2.455 9.84 15.30
2.455 9.84 15.30
2.454 9.85 15.30
2.454 9.83 15.30
2.454 9.85 15.30
2.454 9.85 15.30
2.454 9.84 15.30
2.454 9.84 15.30
2.455 9.84 15.30
2.456 9.83 15.30
2.458 9.83 15.30
2.459 9.82 15.30
2.461 9.82 15.30
2.463 9.83 15.30
2.465 9.80 15.30
2.466 9.80 15.30
2.468 9.80 15.30
2.469 9.78 15.30
2.471 9.78 15.30
2.473 9.76 15.30
2.474 9.76 15.30
2.476 9.77 15.30
2.476 9.75 15.30
2.477 9.75 15.30
2.478 9.76 15.30
2.480 9.73 15.30
2.482 9.73 15.30
2.483 9.73 15.30
2.485 9.72 15.30
2.488 9.72 15.30
2.490 9.69 15.30
2.491 9.69 15.30
2.493 9.70 15.30
2.495 9.66 15.30
2.497 9.66 15.30
2.499 9.65 15.30
2.501 9.65 15.30
2.504 9.65 15.30
2.505 9.63 15.30
2.506 9.63 15.30
2.509 9.63 15.30
2.511 9.59 15.30
2.512 9.60 15.30
2.513 9.59 15.30
2.515 9.58 15.30
2.516 9.58 15.30
2.516 9.56 15.30
2.516 9.56 15.30
2.516 9.58 15.30
2.516 9.55 15.30
2.515 9.56 15.30
2.515 9.57 15.30
2.515 9.57 15.30
2.515 9.59 15.30
2.514 9.58 15.30
2.514 9.59 15.30
2.514 9.59 15.30
2.517 9.58 15.30
2.518 9.57 15.30
2.519 9.57 15.30
2.521 9.55 15.30
2.523 9.54 15.30
2.525 9.50 15.30
2.526 9.51 15.30
2.528 9.53 15.30
2.530 9.50 15.30
2.531 9.51 15.30
2.535 9.50 15.30
2.538 9.48 15.30
2.540 9.48 15.30
2.542 9.47 15.30
2.543 9.45 15.30
2.545 9.46 15.30
2.546 9.44 15.30
2.548 9.45 15.30
2.550 9.44 15.30
2.552 9.42 15.30
2.555 9.43 15.30
2.558 9.41 15.30
2.561 9.40 15.30
2.562 9.41 15.30
2.563 9.39 15.30
2.564 9.39 15.30
2.565 9.38 15.30
2.566 9.38 15.30
2.568 9.38 15.30
2.570 9.37 15.30
2.571 9.37 15.30
2.572 9.37 15.30
2.575 9.35 15.30
2.575 9.36 15.30
2.576 9.35 15.30
2.578 9.34 15.30
2.577 9.34 15.30
2.577 9.35 15.30
2.577 9.34 15.30
2.577 9.35 15.30
2.576 9.34 15.30
2.576 9.34 15.30
2.576 9.35 15.30
2.576 9.34 15.30
2.576 9.35 15.30
2.576 9.34 15.30
2.576 9.33 15.30
2.577 9.34 15.30
2.579 9.33 15.30
2.580 9.32 15.30
2.582 9.33 15.30
2.584 9.31 15.30
2.587 9.30 15.30
2.590 9.30 15.30
2.593 9.27 15.30
2.597 9.27 15.30
2.598 9.26 15.30
2.601 9.25 15.30
2.604 9.25 15.30
2.605 9.23 15.30
2.605 9.23 15.30
2.605 9.23 15.30
2.606 9.22 15.30
2.606 9.23 15.30
2.607 9.22 15.30
2.610 9.21 15.30
2.611 9.21 15.30
2.613 9.18 15.30
2.615 9.18 15.30
2.617 9.20 15.30
2.619 9.17 15.30
2.621 9.16 15.30
2.622 9.16 15.30
2.623 9.15 15.30
2.625 9.15 15.30
2.627 9.14 15.30
2.629 9.13 15.30
2.632 9.13 15.30
2.636 9.11 15.30
2.640 9.09 15.30
2.643 9.09 15.30
2.646 9.07 15.30
2.648 9.07 15.30
2.649 9.06 15.30
2.648 9.06 15.30
2.648 9.08 15.30
2.647 9.05 15.30
2.647 9.07 15.30
2.647 9.07 15.30
2.647 9.06 15.30
2.646 9.07 15.30
2.647 9.06 15.30
2.648 9.05 15.30
2.650 9.07 15.30
2.652 9.03 15.30
2.653 9.03 15.30
2.657 9.03 15.30
