1.316 19.98 25.30
1.316 19.98 25.30
1.316 19.97 25.30
1.317 19.96 25.30
1.317 19.93 25.30
1.318 19.90 25.30
1.318 19.92 25.30
1.318 19.91 25.30
1.319 19.90 25.30
1.319 19.90 25.30
1.320 19.89 25.30
1.320 19.89 25.30
1.320 19.89 25.30
1.321 19.87 25.30
1.321 19.87 25.30
1.322 19.86 25.30
1.322 19.85 25.30
1.323 19.85 25.30
1.323 19.84 25.30
1.324 19.84 25.30
1.324 19.84 25.30
1.325 19.82 25.30
1.325 19.82 25.30
1.325 19.82 25.30
1.326 19.81 25.30
1.326 19.82 25.30
1.327 19.80 25.30
1.327 19.79 25.30
1.329 19.79 25.30
1.330 19.76 25.30
1.331 19.76 25.30
1.331 19.76 25.30
1.332 19.74 25.30
1.332 19.75 25.30
1.332 19.74 25.30
1.333 19.73 25.30
1.333 19.73 25.30
1.334 19.70 25.30
1.335 19.70 25.30
1.335 19.70 25.30
1.335 19.68 25.30
1.336 19.68 25.30
1.336 19.67 25.30
1.337 19.66 25.30
1.337 19.67 25.30
1.337 19.65 25.30
1.337 19.65 25.30
1.338 19.65 25.30
1.338 19.63 25.30
1.339 19.63 25.30
1.339 19.62 25.30
1.340 19.60 25.30
1.340 19.60 25.30
1.341 19.57 25.30
1.342 19.57 25.30
1.342 19.57 25.30
1.343 19.54 25.30
1.343 19.54 25.30
1.343 19.54 25.30
1.344 19.52 25.30
1.345 19.52 25.30
1.345 19.50 25.30
1.345 19.50 25.30
1.345 19.50 25.30
1.346 19.48 25.30
1.346 19.48 25.30
1.346 19.48 25.30
1.347 19.46 25.30
1.347 19.46 25.30
1.347 19.46 25.30
1.347 19.45 25.30
1.348 19.46 25.30
1.348 19.43 25.30
1.348 19.43 25.30
1.349 19.43 25.30
1.349 19.41 25.30
1.349 19.41 25.30
1.350 19.41 25.30
1.350 19.39 25.30
1.351 19.40 25.30
1.351 19.38 25.30
1.351 19.38 25.30
1.352 19.38 25.30
1.352 19.36 25.30
1.353 19.37 25.30
1.353 19.37 25.30
1.354 19.35 25.30
1.354 19.36 25.30
1.354 19.35 25.30
1.355 19.34 25.30
1.355 19.35 25.30
1.356 19.33 25.30
1.356 19.34 25.30
1.357 19.33 25.30
1.357 19.31 25.30
1.357 19.32 25.30
1.358 19.31 25.30
1.358 19.31 25.30
1.358 19.31 25.30
1.359 19.30 25.30
1.359 19.30 25.30
1.359 19.31 25.30
1.359 19.29 25.30
1.359 19.30 25.30
1.360 19.30 25.30
1.360 19.29 25.30
1.361 19.29 25.30
1.361 19.29 25.30
1.361 19.28 25.30
1.361 19.28 25.30
1.362 19.28 25.30
1.362 19.27 25.30
1.363 19.23 25.30
1.363 19.23 25.30
1.363 19.25 25.30
1.364 19.23 25.30
1.364 19.24 25.30
1.364 19.24 25.30
1.365 19.21 25.30
1.365 19.21 25.30
1.366 19.21 25.30
1.366 19.19 25.30
1.367 19.20 25.30
1.367 19.18 25.30
1.367 19.18 25.30
1.367 19.18 25.30
1.368 19.16 25.30
1.368 19.17 25.30
1.368 19.17 25.30
1.369 19.15 25.30
1.369 19.15 25.30
1.370 19.13 25.30
1.370 19.12 25.30
1.371 19.12 25.30
1.371 19.09 25.30
1.372 19.09 25.30
1.373 19.08 25.30
1.373 19.06 25.30
1.374 19.07 25.30
1.375 19.04 25.30
1.375 19.03 25.30
1.376 19.03 25.30
1.376 19.01 25.30
1.377 19.01 25.30
1.377 19.01 25.30
1.378 18.99 25.30
1.378 18.99 25.30
1.379 18.98 25.30
1.379 18.97 25.30
1.380 18.97 25.30
1.380 18.95 25.30
1.380 18.95 25.30
1.381 18.94 25.30
1.382 18.92 25.30
1.382 18.93 25.30
1.382 18.92 25.30
1.383 18.91 25.30
1.383 18.91 25.30
1.384 18.90 25.30
1.384 18.90 25.30
1.384 18.90 25.30
1.384 18.88 25.30
1.385 18.89 25.30
1.385 18.89 25.30
1.385 18.87 25.30
1.386 18.88 25.30
1.386 18.87 25.30
1.386 18.87 25.30
1.387 18.87 25.30
1.387 18.85 25.30
1.387 18.86 25.30
1.388 18.86 25.30
1.388 18.84 25.30
1.388 18.85 25.30
1.389 18.84 25.30
1.389 18.83 25.30
1.390 18.84 25.30
1.391 18.81 25.30
1.392 18.81 25.30
1.393 18.80 25.30
1.394 18.78 25.30
1.395 18.78 25.30
1.395 18.77 25.30
1.396 18.77 25.30
1.396 18.77 25.30
1.396 18.75 25.30
1.397 18.74 25.30
1.398 18.74 25.30
1.398 18.72 25.30
1.398 18.73 25.30
1.399 18.72 25.30
1.399 18.71 25.30
1.400 18.71 25.30
1.400 18.70 25.30
1.400 18.70 25.29
1.400 18.70 25.29
1.401 18.68 25.29
1.401 18.68 25.29
1.402 18.67 25.29
1.402 18.65 25.29
1.402 18.65 25.29
1.403 18.63 25.29
1.404 18.62 25.29
1.404 18.62 25.29
1.405 18.59 25.29
1.406 18.59 25.29
1.406 18.58 25.29
1.407 18.55 25.29
1.408 18.56 25.29
1.409 18.53 25.29
1.409 18.52 25.29
1.409 18.53 25.29
1.410 18.53 25.29
1.410 18.53 25.29
1.411 18.51 25.29
1.411 18.51 25.29
1.412 18.49 25.29
1.412 18.49 25.29
1.412 18.49 25.29
1.413 18.46 25.29
1.413 18.42 25.29
1.414 18.44 25.29
1.414 18.45 25.29
1.414 18.43 25.29
1.415 18.44 25.29
1.416 18.42 25.29
1.416 18.41 25.29
1.417 18.41 25.29
1.418 18.39 25.29
1.418 18.39 25.29
1.419 18.39 25.29
1.420 18.37 25.29
1.421 18.37 25.29
1.422 18.37 25.29
1.422 18.36 25.29
1.423 18.36 25.29
1.423 18.35 25.29
1.424 18.34 25.29
1.425 18.34 25.29
1.426 18.32 25.29
1.428 18.31 25.29
1.428 18.31 25.29
1.429 18.29 25.29
1.430 18.30 25.29
1.430 18.28 25.29
1.430 18.28 25.29
1.431 18.28 25.29
1.432 18.26 25.29
1.432 18.26 25.29
1.432 18.26 25.29
1.433 18.24 25.29
1.433 18.24 25.29
1.434 18.22 25.29
1.434 18.22 25.29
1.435 18.22 25.29
1.435 18.20 25.29
1.435 18.20 25.29
1.436 18.19 25.29
1.436 18.17 25.29
1.437 18.18 25.29
1.437 18.17 25.29
1.438 18.15 25.29
1.438 18.15 25.29
1.439 18.13 25.29
1.440 18.12 25.29
1.441 18.12 25.29
1.441 18.09 25.29
1.442 18.09 25.29
1.442 18.09 25.29
1.443 18.06 25.29
1.444 18.07 25.29
1.445 18.05 25.29
1.445 18.04 25.29
1.446 18.04 25.29
1.446 18.01 25.29
1.447 18.01 25.29
1.447 18.01 25.29
1.448 17.99 25.29
1.448 17.99 25.29
1.448 17.98 25.29
1.449 17.98 25.29
1.450 17.98 25.29
1.450 17.95 25.29
1.450 17.96 25.29
1.451 17.96 25.29
1.451 17.94 25.29
1.452 17.95 25.29
1.452 17.94 25.29
1.452 17.93 25.29
1.453 17.94 25.29
1.454 17.92 25.29
1.454 17.92 25.29
1.455 17.93 25.29
1.455 17.91 25.29
1.456 17.91 25.29
1.456 17.91 25.29
1.457 17.90 25.29
1.458 17.90 25.29
1.458 17.89 25.29
1.459 17.88 25.29
1.460 17.88 25.29
1.460 17.86 25.29
1.461 17.86 25.29
1.462 17.86 25.29
1.463 17.83 25.29
1.464 17.84 25.29
1.465 17.83 25.29
1.465 17.82 25.29
1.466 17.82 25.29
1.467 17.79 25.29
1.467 17.79 25.29
1.468 17.79 25.29
1.469 17.76 25.29
1.469 17.76 25.29
1.470 17.75 25.29
1.470 17.75 25.29
1.470 17.75 25.29
1.471 17.73 25.29
1.471 17.72 25.29
1.472 17.72 25.29
1.472 17.71 25.28
1.473 17.70 25.28
1.474 17.69 25.28
1.475 17.68 25.28
1.475 17.67 25.28
1.476 17.66 25.28
1.477 17.65 25.28
1.477 17.62 25.28
1.478 17.59 25.28
1.478 17.60 25.28
1.479 17.60 25.28
1.479 17.59 25.28
1.479 17.60 25.28
1.479 17.58 25.28
1.480 17.58 25.28
1.481 17.57 25.28
1.482 17.55 25.28
1.482 17.55 25.28
1.483 17.54 25.28
1.483 17.52 25.28
1.484 17.53 25.28
1.484 17.51 25.28
1.485 17.50 25.28
1.486 17.50 25.28
1.487 17.47 25.28
1.488 17.48 25.28
1.489 17.46 25.28
1.490 17.45 25.28
1.490 17.45 25.28
1.491 17.45 25.28
1.491 17.44 25.28
1.492 17.44 25.28
1.493 17.43 25.28
1.493 17.43 25.28
1.493 17.43 25.28
1.494 17.41 25.28
1.495 17.42 25.28
1.495 17.42 25.28
1.496 17.40 25.28
1.497 17.41 25.28
1.497 17.39 25.28
1.498 17.39 25.28
1.498 17.39 25.28
1.499 17.37 25.28
1.500 17.36 25.28
1.501 17.36 25.28
1.502 17.34 25.28
1.502 17.34 25.28
1.503 17.33 25.28
1.504 17.31 25.28
1.505 17.31 25.28
1.506 17.28 25.28
1.507 17.28 25.28
1.508 17.27 25.28
1.509 17.25 25.28
1.510 17.24 25.28
1.511 17.22 25.28
1.512 17.21 25.28
1.513 17.20 25.28
1.514 17.18 25.28
1.515 17.17 25.28
1.516 17.17 25.28
1.517 17.14 25.28
1.517 17.14 25.28
1.518 17.12 25.28
1.518 17.11 25.28
1.519 17.11 25.28
1.520 17.09 25.28
1.520 17.09 25.28
1.521 17.09 25.28
1.521 17.06 25.28
1.523 17.05 25.28
1.524 17.04 25.28
1.525 17.03 25.28
1.526 17.03 25.28
1.527 17.01 25.28
1.527 17.01 25.28
1.528 17.01 25.28
1.529 16.99 25.28
1.530 16.99 25.28
1.531 16.98 25.28
1.533 16.96 25.28
1.534 16.96 25.28
1.536 16.94 25.28
1.538 16.93 25.28
1.539 16.92 25.28
1.541 16.89 25.28
1.542 16.89 25.28
1.543 16.89 25.28
1.543 16.87 25.28
1.544 16.87 25.28
1.545 16.85 25.28
1.546 16.84 25.28
1.547 16.83 25.28
1.548 16.81 25.28
1.548 16.81 25.28
1.549 16.80 25.28
1.550 16.78 25.28
1.551 16.77 25.28
1.552 16.75 25.28
1.553 16.73 25.28
1.554 16.72 25.28
1.556 16.69 25.28
1.557 16.68 25.28
1.558 16.66 25.28
1.559 16.63 25.28
1.560 16.64 25.28
1.561 16.63 25.28
1.562 16.62 25.28
1.564 16.59 25.28
1.565 16.57 25.28
1.566 16.57 25.28
1.567 16.56 25.28
1.568 16.55 25.28
1.569 16.54 25.28
1.570 16.52 25.28
1.571 16.51 25.28
1.572 16.51 25.28
1.573 16.51 25.28
1.574 16.50 25.28
1.575 16.50 25.28
1.576 16.48 25.28
1.577 16.48 25.28
1.578 16.47 25.28
1.580 16.45 25.28
1.581 16.44 25.28
1.583 16.43 25.28
1.584 16.41 25.28
1.586 16.41 25.28
1.587 16.38 25.28
1.588 16.37 25.28
1.588 16.37 25.28
1.589 16.35 25.28
1.589 16.36 25.28
1.590 16.34 25.28
1.591 16.32 25.28
1.592 16.31 25.28
1.593 16.29 25.28
1.594 16.28 25.28
1.595 16.28 25.28
1.596 16.25 25.28
1.598 16.24 25.28
1.598 16.23 25.28
1.599 16.21 25.28
1.600 16.20 25.28
1.602 16.17 25.28
1.603 16.17 25.28
1.603 16.16 25.28
1.604 16.15 25.28
1.604 16.15 25.28
1.604 16.15 25.28
1.605 16.13 25.28
1.606 16.12 25.28
1.607 16.10 25.28
1.608 16.10 25.28
1.609 16.10 25.28
1.611 16.07 25.27
1.611 16.08 25.28
1.612 16.08 25.27
1.613 16.06 25.27
1.614 16.06 25.27
1.615 16.06 25.27
1.616 16.05 25.27
1.617 16.04 25.27
1.618 16.03 25.27
1.619 16.03 25.27
1.620 16.03 25.27
1.620 16.01 25.27
1.621 16.01 25.27
1.622 16.00 25.27
1.623 15.99 25.27
1.623 15.99 25.27
1.624 15.97 25.27
1.625 15.96 25.27
1.626 15.96 25.27
1.627 15.94 25.27
1.628 15.93 25.27
1.629 15.92 25.27
1.630 15.90 25.27
1.631 15.90 25.27
1.632 15.88 25.27
1.633 15.87 25.27
1.634 15.86 25.27
1.635 15.84 25.27
1.635 15.83 25.27
1.636 15.83 25.27
1.637 15.81 25.27
1.637 15.81 25.27
1.638 15.79 25.27
1.639 15.78 25.27
1.641 15.77 25.27
1.642 15.74 25.27
1.643 15.73 25.27
1.644 15.72 25.27
1.644 15.70 25.27
1.645 15.70 25.27
1.646 15.68 25.27
1.647 15.66 25.27
1.649 15.65 25.27
1.650 15.61 25.27
1.651 15.59 25.27
1.652 15.59 25.27
1.653 15.58 25.27
1.654 15.57 25.27
1.655 15.56 25.27
1.656 15.56 25.27
1.658 15.54 25.27
1.659 15.50 25.27
1.660 15.50 25.27
1.661 15.51 25.27
1.662 15.46 25.27
1.663 15.46 25.27
1.664 15.46 25.27
1.665 15.42 25.27
1.666 15.43 25.27
1.667 15.42 25.27
1.668 15.41 25.27
1.670 15.39 25.27
1.671 15.37 25.27
1.673 15.36 25.27
1.674 15.34 25.27
1.674 15.33 25.27
1.675 15.30 25.27
1.676 15.22 25.27
1.677 15.22 25.27
1.679 15.24 25.27
1.680 15.20 25.27
1.681 15.21 25.27
1.682 15.20 25.27
1.683 15.17 25.27
1.684 15.18 25.27
1.685 15.15 25.27
1.686 15.12 25.27
1.687 15.12 25.27
1.689 15.06 25.27
1.690 15.05 25.27
1.692 15.04 25.27
1.693 14.96 25.27
1.694 14.99 25.27
1.695 14.98 25.27
1.696 14.94 25.27
1.697 14.96 25.27
1.699 14.89 25.27
1.700 14.88 25.27
1.701 14.90 25.27
1.702 14.84 25.27
1.703 14.85 25.27
1.704 14.84 25.27
1.706 14.81 25.27
1.707 14.82 25.27
1.707 14.78 25.27
1.709 14.79 25.27
1.710 14.80 25.27
1.711 14.74 25.27
1.712 14.77 25.27
1.713 14.78 25.27
1.713 14.73 25.27
1.714 14.75 25.27
1.715 14.72 25.27
1.717 14.72 25.27
1.718 14.74 25.27
1.718 14.69 25.27
1.719 14.70 25.27
1.719 14.72 25.27
1.720 14.66 25.27
1.721 14.70 25.27
1.722 14.66 25.27
1.723 14.65 25.27
1.724 14.66 25.27
1.726 14.58 25.27
1.728 14.59 25.27
1.728 14.60 25.27
1.729 14.52 25.27
1.730 14.55 25.27
1.731 14.54 25.27
1.732 14.50 25.27
1.733 14.51 25.27
1.734 14.46 25.27
1.735 14.48 25.27
1.736 14.48 25.27
1.737 14.41 25.27
1.738 14.42 25.27
1.739 14.42 25.27
1.740 14.36 25.27
1.742 14.38 25.27
1.743 14.33 25.27
1.745 14.33 25.27
1.746 14.36 25.27
1.747 14.29 25.27
1.747 14.30 25.27
1.749 14.29 25.27
1.752 14.26 25.27
1.753 14.23 25.27
1.754 14.23 25.27
1.755 14.24 25.27
1.758 14.19 25.27
1.759 14.22 25.27
1.760 14.17 25.27
1.762 14.19 25.27
1.762 14.18 25.27
1.762 14.16 25.27
1.764 14.17 25.27
1.765 14.13 25.27
1.765 14.17 25.27
1.766 14.18 25.27
1.768 14.12 25.27
1.769 14.12 25.27
1.770 14.11 25.27
1.772 14.10 25.27
1.773 14.12 25.27
1.775 14.06 25.27
1.776 14.05 25.27
1.777 14.09 25.27
1.778 14.02 25.27
1.779 14.04 25.27
1.781 14.04 25.27
1.782 14.00 25.27
1.783 14.01 25.27
1.785 13.96 25.27
1.786 13.98 25.27
1.788 13.99 25.27
1.790 13.99 25.27
1.792 13.97 25.27
1.792 13.96 25.27
1.794 13.95 25.27
1.795 13.95 25.27
1.796 13.93 25.27
1.797 13.91 25.27
1.798 13.84 25.27
1.802 13.79 25.27
1.803 13.82 25.27
1.804 13.79 25.27
1.806 13.80 25.27
1.808 13.78 25.27
1.810 13.75 25.27
1.811 13.78 25.27
1.812 13.72 25.27
1.813 13.74 25.27
1.814 13.76 25.27
1.815 13.71 25.27
1.816 13.74 25.27
1.818 13.72 25.27
1.819 13.71 25.27
1.819 13.74 25.27
1.820 13.66 25.27
1.822 13.69 25.27
1.823 13.72 25.27
1.824 13.65 25.27
1.826 13.68 25.27
1.827 13.65 25.27
1.829 13.63 25.27
1.829 13.66 25.27
1.829 13.61 25.27
1.830 13.63 25.27
1.832 13.65 25.27
1.834 13.58 25.27
1.835 13.59 25.27
1.837 13.60 25.27
1.838 13.56 25.27
1.839 13.58 25.27
1.841 13.51 25.27
1.843 13.52 25.26
1.845 13.53 25.27
1.847 13.46 25.26
1.847 13.49 25.26
1.849 13.49 25.26
1.851 13.44 25.26
1.853 13.44 25.26
1.855 13.41 25.26
1.856 13.40 25.26
1.859 13.41 25.26
1.862 13.34 25.26
1.864 13.36 25.26
1.867 13.35 25.26
1.870 13.28 25.26
1.872 13.30 25.26
1.873 13.29 25.26
1.874 13.27 25.26
1.875 13.29 25.26
1.876 13.25 25.26
1.877 13.26 25.26
1.877 13.30 25.26
1.879 13.23 25.26
1.879 13.27 25.26
1.881 13.24 25.26
1.882 13.22 25.26
1.883 13.24 25.26
1.884 13.21 25.26
1.885 13.21 25.26
1.886 13.23 25.26
1.888 13.18 25.26
1.888 13.18 25.26
1.889 13.20 25.26
1.890 13.17 25.26
1.892 13.17 25.26
1.894 13.13 25.26
1.896 13.13 25.26
1.898 13.14 25.26
1.900 13.07 25.26
1.902 13.07 25.26
1.904 13.09 25.26
1.906 13.02 25.26
1.906 13.05 25.26
1.908 12.99 25.26
1.910 13.01 25.26
1.910 13.03 25.26
1.911 12.96 25.26
1.914 12.97 25.26
1.915 12.98 25.26
1.916 12.93 25.26
1.917 12.95 25.26
1.919 12.93 25.26
1.920 12.92 25.26
1.920 12.94 25.26
1.921 12.90 25.26
1.922 12.91 25.26
1.924 12.91 25.26
1.926 12.84 25.26
1.928 12.87 25.26
1.931 12.83 25.26
1.933 12.80 25.26
1.934 12.84 25.26
1.935 12.79 25.26
1.937 12.79 25.26
1.938 12.82 25.26
1.940 12.76 25.26
1.941 12.80 25.26
1.942 12.83 25.26
1.944 12.81 25.26
1.946 12.81 25.26
1.947 12.81 25.26
1.948 12.80 25.26
1.950 12.79 25.26
1.951 12.76 25.26
1.952 12.73 25.26
1.954 12.62 25.26
1.955 12.63 25.26
1.957 12.69 25.26
1.959 12.66 25.26
1.962 12.65 25.26
1.964 12.66 25.26
1.967 12.58 25.26
1.970 12.60 25.26
1.972 12.58 25.26
1.974 12.53 25.26
1.976 12.53 25.26
1.978 12.51 25.26
1.980 12.50 25.26
1.983 12.50 25.26
1.985 12.44 25.26
1.988 12.46 25.26
1.990 12.45 25.26
1.992 12.41 25.26
1.995 12.43 25.26
1.998 12.39 25.26
2.001 12.37 25.26
2.004 12.38 25.26
2.007 12.33 25.26
2.008 12.34 25.26
2.010 12.36 25.26
2.013 12.30 25.26
2.015 12.31 25.26
2.017 12.30 25.26
2.019 12.27 25.26
2.021 12.26 25.26
2.022 12.23 25.26
2.023 12.26 25.26
2.024 12.27 25.26
2.026 12.21 25.26
2.029 12.23 25.26
2.032 12.18 25.26
2.035 12.16 25.26
2.037 12.15 25.26
2.040 12.09 25.26
2.042 12.11 25.26
2.045 12.10 25.26
2.046 12.04 25.26
2.048 12.06 25.26
2.051 12.04 25.26
2.053 12.02 25.26
2.054 12.03 25.26
2.056 11.99 25.26
2.057 11.99 25.26
2.059 12.01 25.26
2.061 11.95 25.26
2.064 11.96 25.26
2.065 11.95 25.26
2.067 11.91 25.26
2.069 11.93 25.26
2.071 11.91 25.26
2.074 11.89 25.26
2.077 11.91 25.26
2.080 11.86 25.26
2.082 11.88 25.26
2.083 11.88 25.26
2.085 11.84 25.26
2.087 11.85 25.26
2.089 11.82 25.26
2.091 11.80 25.26
2.092 11.82 25.26
2.094 11.77 25.26
2.096 11.78 25.26
2.097 11.78 25.26
2.099 11.74 25.26
2.102 11.74 25.26
2.104 11.72 25.26
2.107 11.70 25.26
2.109 11.71 25.26
2.112 11.65 25.26
2.114 11.65 25.26
2.116 11.67 25.26
2.118 11.61 25.26
2.121 11.62 25.26
2.123 11.60 25.26
2.126 11.57 25.26
2.128 11.59 25.26
2.131 11.53 25.26
2.133 11.54 25.26
2.135 11.55 25.26
2.136 11.49 25.26
2.138 11.52 25.26
2.140 11.50 25.25
2.142 11.47 25.25
2.145 11.49 25.25
2.147 11.43 25.25
2.149 11.45 25.25
2.151 11.47 25.25
2.152 11.41 25.25
2.153 11.43 25.25
2.155 11.44 25.25
2.156 11.42 25.25
2.157 11.42 25.25
2.159 11.38 25.25
2.161 11.41 25.25
2.163 11.42 25.25
2.165 11.41 25.25
2.167 11.42 25.25
2.168 11.41 25.25
2.169 11.39 25.25
2.170 11.39 25.25
2.172 11.39 25.25
2.173 11.37 25.25
2.175 11.31 25.25
2.176 11.21 25.25
2.178 11.27 25.25
2.179 11.31 25.25
2.181 11.25 25.25
2.183 11.27 25.25
2.185 11.22 25.25
2.187 11.21 25.25
2.189 11.45 25.25
2.192 11.43 25.25
2.194 11.43 25.25
2.196 11.43 25.25
2.198 11.40 25.25
2.200 11.39 25.25
2.202 11.37 25.25
2.205 11.36 25.25
2.208 11.36 25.25
2.210 11.33 25.25
2.212 11.33 25.25
2.213 11.32 25.25
2.214 11.29 25.25
2.216 11.29 25.25
2.218 11.28 25.25
2.221 11.26 25.25
2.223 11.26 25.25
2.225 11.23 25.25
2.226 11.23 25.25
2.228 11.24 25.25
2.229 11.19 25.25
2.230 11.21 25.25
2.231 11.20 25.25
2.232 11.18 25.25
2.233 11.19 25.25
2.234 11.16 25.25
2.236 10.98 25.25
2.237 10.96 25.25
2.239 10.93 25.25
2.240 10.94 25.25
2.241 10.93 25.25
2.242 10.90 25.25
2.243 10.92 25.25
2.245 10.91 25.25
2.246 10.89 25.25
2.248 10.91 25.25
2.250 10.85 25.25
2.251 10.87 25.25
2.253 10.88 25.25
2.254 10.82 25.25
2.255 10.85 25.25
2.257 10.82 25.25
2.259 10.79 25.25
2.260 10.82 25.25
2.262 10.77 25.25
2.264 10.77 25.25
2.266 10.79 25.25
2.267 10.76 25.25
2.269 10.77 25.25
2.271 10.74 25.25
2.273 10.74 25.25
2.275 10.74 25.25
2.276 10.70 25.25
2.278 10.71 25.25
2.279 10.72 25.25
2.280 10.68 25.25
2.282 10.71 25.25
2.283 10.70 25.25
2.285 10.67 25.25
2.287 10.68 25.25
2.289 10.65 25.25
2.290 10.65 25.25
2.292 10.66 25.25
2.294 10.62 25.25
2.296 10.65 25.25
2.298 10.64 25.25
2.299 10.62 25.25
2.300 10.62 25.25
2.302 10.58 25.25
2.304 10.59 25.25
2.306 10.59 25.25
2.308 10.55 25.25
2.310 10.56 25.25
2.313 10.55 25.25
2.315 10.53 25.25
2.318 10.55 25.25
2.320 10.50 25.25
2.322 10.51 25.25
2.326 10.53 25.25
2.327 10.49 25.25
2.328 10.51 25.25
2.329 10.52 25.25
2.332 10.48 25.25
2.334 10.49 25.25
2.336 10.46 25.24
2.337 10.46 25.24
2.337 10.49 25.24
2.338 10.44 25.24
2.340 10.46 25.24
2.342 10.45 25.24
2.344 10.41 25.24
2.346 10.43 25.24
2.348 10.45 25.24
2.350 10.43 25.24
2.352 10.43 25.24
2.354 10.42 25.24
2.357 10.41 25.24
2.359 10.39 25.24
2.361 10.37 25.24
2.363 10.33 25.24
2.365 10.25 25.24
2.367 10.28 25.24
2.369 10.30 25.24
2.371 10.26 25.24
2.372 10.28 25.24
2.374 10.28 25.24
2.377 10.24 25.24
2.380 10.24 25.24
2.382 10.23 25.24
2.384 10.22 25.24
2.387 10.22 25.24
2.389 10.18 25.24
2.392 10.18 25.24
2.394 10.19 25.24
2.396 10.16 25.24
2.398 10.16 25.24
2.399 10.15 25.24
2.401 10.11 25.24
2.403 10.13 25.24
2.406 10.09 25.24
2.407 10.10 25.24
2.409 10.11 25.24
2.412 10.07 25.24
2.415 10.09 25.24
2.417 10.08 25.24
2.420 10.06 25.24
2.422 10.07 25.24
2.424 10.05 25.24
2.426 10.04 25.24
2.427 10.05 25.24
2.428 10.03 25.24
2.430 10.04 25.24
2.431 10.04 25.24
2.433 10.00 25.24
2.435 10.03 25.24
2.436 10.00 25.24
2.439 10.00 25.24
2.442 10.01 25.24
2.445 9.93 25.24
2.447 9.94 25.24
2.448 9.95 25.24
2.449 9.90 25.24
2.451 9.93 25.24
2.454 9.90 25.24
2.457 9.89 25.24
2.460 9.90 25.24
2.462 9.85 25.24
2.465 9.86 25.24
2.467 9.86 25.24
2.469 9.84 25.24
2.472 9.84 25.24
2.474 9.81 25.24
2.477 9.80 25.24
2.480 9.82 25.24
2.483 9.76 25.24
2.485 9.76 25.24
2.488 9.77 25.24
2.490 9.72 25.24
2.494 9.73 25.24
2.497 9.72 25.24
2.499 9.69 25.24
2.501 9.70 25.24
2.502 9.67 25.24
2.504 9.66 25.24
2.506 9.67 25.24
2.508 9.64 25.24
2.509 9.66 25.24
2.511 9.63 25.24
2.512 9.65 25.24
2.514 9.65 25.24
2.516 9.62 25.24
2.518 9.61 25.24
2.520 9.63 25.24
2.522 9.59 25.24
2.524 9.62 25.24
2.528 9.61 25.24
2.531 9.59 25.24
2.533 9.59 25.24
2.537 9.56 25.24
2.540 9.56 25.24
2.544 9.56 25.24
2.548 9.50 25.24
2.552 9.50 25.24
2.555 9.49 25.24
2.558 9.47 25.24
2.560 9.47 25.24
2.563 9.44 25.24
2.566 9.43 25.24
2.569 9.45 25.24
2.572 9.39 25.24
2.574 9.40 25.24
2.577 9.39 25.24
2.579 9.38 25.24
2.582 9.39 25.24
2.584 9.35 25.24
2.588 9.34 25.24
2.592 9.34 25.24
2.594 9.30 25.24
2.596 9.31 25.24
2.597 9.34 25.24
2.598 9.33 25.24
2.600 9.33 25.24
2.603 9.32 25.24
2.606 9.30 25.24
2.609 9.29 25.24
2.612 9.28 25.24
2.614 9.25 25.24
2.617 9.18 25.24
2.620 9.17 25.24
2.623 9.20 25.24
2.625 9.19 25.24
2.627 9.18 25.24
2.630 9.18 25.24
2.632 9.17 25.24
2.634 9.18 25.24
2.636 9.18 25.24
2.638 9.16 25.24
2.640 9.15 25.24
2.642 9.16 25.24
2.644 9.15 25.24
2.646 9.16 25.24
2.649 9.14 25.24
2.651 9.14 25.24
2.654 9.15 25.24
2.656 9.09 25.24
2.660 9.10 25.24
2.662 9.09 25.24
2.664 9.06 25.24
2.666 9.07 25.24
2.670 9.03 25.24
2.673 9.04 25.24
2.675 9.02 25.24
2.677 9.01 25.24
2.679 9.01 25.24
2.681 9.01 25.24
