2.656 9.01 25.16
2.649 9.03 25.16
2.643 9.05 25.16
2.637 9.08 25.16
2.630 9.09 25.16
2.624 9.10 25.16
2.620 9.13 25.16
2.614 9.17 25.16
2.608 9.15 25.16
2.605 9.18 25.16
2.602 9.19 25.16
2.597 9.18 25.16
2.593 9.20 25.16
2.591 9.24 25.16
2.592 9.22 25.16
2.591 9.21 25.16
2.589 9.24 25.16
2.588 9.22 25.16
2.586 9.27 25.16
2.583 9.21 25.16
2.581 9.29 25.16
2.575 9.29 25.16
2.570 9.31 25.16
2.569 9.30 25.16
2.565 9.32 25.16
2.562 9.36 25.16
2.559 9.37 25.16
2.556 9.38 25.16
2.550 9.39 25.16
2.545 9.42 25.16
2.541 9.43 25.16
2.537 9.45 25.16
2.532 9.48 25.16
2.528 9.51 25.16
2.525 9.53 25.16
2.523 9.50 25.16
2.519 9.54 25.16
2.516 9.55 25.16
2.512 9.55 25.16
2.509 9.59 25.16
2.506 9.60 25.16
2.503 9.59 25.16
2.501 9.63 25.16
2.499 9.59 25.16
2.495 9.63 25.16
2.491 9.64 25.16
2.488 9.64 25.16
2.485 9.62 25.16
2.483 9.68 25.16
2.479 9.70 25.16
2.476 9.71 25.16
2.473 9.67 25.16
2.469 9.71 25.16
2.466 9.75 25.16
2.463 9.73 25.16
2.459 9.80 25.16
2.457 9.85 25.16
2.455 9.83 25.16
2.452 9.84 25.16
2.449 9.87 25.16
2.446 9.89 25.16
2.442 9.91 25.16
2.439 9.91 25.16
2.435 9.89 25.16
2.431 9.85 25.16
2.427 9.90 25.16
2.424 9.97 25.16
2.420 9.98 25.16
2.415 9.98 25.16
2.411 10.05 25.16
2.409 9.99 25.16
2.406 10.04 25.16
2.402 10.07 25.16
2.398 10.00 25.16
2.395 10.08 25.16
2.391 10.09 25.16
2.389 10.04 25.16
2.387 10.09 25.16
2.384 10.06 25.16
2.380 10.11 25.16
2.377 10.15 25.16
2.374 10.12 25.16
2.370 10.20 25.16
2.367 10.17 25.16
2.364 10.18 25.16
2.361 10.22 25.16
2.359 10.25 25.16
2.355 10.27 25.16
2.353 10.27 25.16
2.350 10.27 25.16
2.348 10.29 25.16
2.345 10.34 25.16
2.342 10.33 25.16
2.339 10.31 25.16
2.335 10.37 25.16
2.330 10.38 25.16
2.325 10.45 25.16
2.322 10.39 25.16
2.320 10.45 25.16
2.317 10.49 25.16
2.314 10.47 25.16
2.311 10.48 25.16
2.308 10.55 25.16
2.305 10.49 25.16
2.302 10.46 25.16
2.299 10.49 25.16
2.297 10.62 25.16
2.294 10.50 25.16
2.292 10.61 25.16
2.289 10.47 25.16
2.287 10.58 25.16
2.284 10.55 25.16
2.282 10.55 25.16
2.279 10.65 25.16
2.276 10.70 25.16
2.273 10.62 25.16
2.270 10.67 25.16
2.268 10.72 25.16
2.265 10.70 25.16
2.262 10.72 25.16
2.259 10.76 25.16
2.256 10.74 25.16
2.254 10.71 25.16
2.251 10.75 25.16
2.246 10.82 25.16
2.242 10.84 25.16
2.238 10.87 25.16
2.234 10.76 25.16
2.229 10.88 25.16
2.226 10.98 25.16
2.222 10.96 25.16
2.218 10.99 25.16
2.215 10.90 25.16
2.212 10.95 25.16
2.209 11.03 25.16
2.206 10.92 25.16
2.203 11.00 25.16
2.201 10.99 25.16
2.198 11.04 25.16
2.195 11.02 25.16
2.192 11.06 25.16
2.188 11.06 25.16
2.186 11.15 25.16
2.184 11.10 25.16
2.182 11.15 25.16
2.180 11.14 25.16
2.178 11.19 25.16
2.175 11.30 25.16
2.173 11.14 25.16
2.171 11.11 25.16
2.169 11.28 25.16
2.167 11.26 25.16
2.164 11.33 25.16
2.161 11.33 25.16
2.158 11.33 25.16
2.154 11.42 25.16
2.152 11.41 25.16
2.151 11.35 25.16
2.149 11.30 25.16
2.146 11.27 25.16
2.143 11.49 25.16
2.140 11.43 25.16
2.137 11.39 25.16
2.134 11.35 25.16
2.132 11.41 25.16
2.130 11.54 25.16
2.128 11.52 25.16
2.126 11.53 25.16
2.124 11.48 25.16
2.122 11.47 25.16
2.120 11.50 25.16
2.117 11.59 25.16
2.114 11.43 25.16
2.113 11.51 25.16
2.112 11.55 25.16
2.111 11.47 25.16
2.109 11.55 25.16
2.107 11.65 25.16
2.105 11.55 25.16
2.103 11.63 25.16
2.100 11.66 25.16
2.098 11.56 25.16
2.095 11.67 25.16
2.093 11.74 25.16
2.091 11.73 25.16
2.088 11.77 25.16
2.085 11.79 25.16
2.081 11.85 25.16
2.078 11.79 25.16
2.074 11.79 25.16
2.071 11.79 25.16
2.069 11.79 25.16
2.066 11.80 25.16
2.064 11.85 25.16
2.061 11.85 25.16
2.059 11.82 25.16
2.056 11.87 25.16
2.054 11.80 25.16
2.052 11.83 25.16
2.050 11.88 25.16
2.047 11.92 25.16
2.045 12.04 25.16
2.043 12.02 25.16
2.041 11.93 25.16
2.040 11.95 25.16
2.038 11.89 25.16
2.035 12.02 25.16
2.033 11.96 25.16
2.031 11.99 25.16
2.029 12.17 25.16
2.026 11.98 25.16
2.024 12.05 25.16
2.022 12.19 25.16
2.018 12.21 25.16
2.015 12.18 25.16
2.011 12.13 25.16
2.008 12.31 25.16
2.005 12.27 25.16
2.002 12.22 25.16
1.999 12.29 25.16
1.996 12.44 25.16
1.994 12.41 25.16
1.992 12.26 25.16
1.990 12.23 25.16
1.988 12.22 25.16
1.986 12.40 25.16
1.983 12.46 25.16
1.979 12.29 25.16
1.975 12.32 25.16
1.973 12.32 25.16
1.971 12.44 25.16
1.967 12.52 25.16
1.964 12.37 25.16
1.963 12.61 25.16
1.962 12.45 25.16
1.960 12.41 25.16
1.959 12.57 25.16
1.958 12.64 25.16
1.955 12.58 25.16
1.952 12.58 25.16
1.950 12.54 25.16
1.947 12.57 25.16
1.944 12.74 25.16
1.941 12.69 25.16
1.939 12.67 25.16
1.936 12.65 25.16
1.933 12.66 25.16
1.930 12.80 25.16
1.926 12.76 25.16
1.924 12.74 25.16
1.922 12.80 25.16
1.918 12.78 25.16
1.913 12.80 25.16
1.910 12.92 25.16
1.908 12.87 25.16
1.906 12.90 25.16
1.905 12.86 25.16
1.903 12.82 25.16
1.901 12.92 25.16
1.900 12.88 25.16
1.898 12.95 25.16
1.896 13.07 25.16
1.894 13.00 25.16
1.892 12.97 25.16
1.891 13.03 25.16
1.890 13.11 25.16
1.887 13.13 25.16
1.884 13.02 25.16
1.880 13.06 25.16
1.878 13.15 25.16
1.874 13.18 25.16
1.870 13.18 25.16
1.868 13.27 25.16
1.866 13.29 25.16
1.864 13.28 25.16
1.860 13.32 25.16
1.856 13.33 25.16
1.854 13.32 25.16
1.851 13.33 25.16
1.848 13.41 25.16
1.846 13.31 25.16
1.842 13.37 25.16
1.841 13.42 25.16
1.840 13.40 25.16
1.838 13.40 25.16
1.835 13.40 25.16
1.833 13.54 25.16
1.830 13.56 25.16
1.828 13.45 25.16
1.826 13.51 25.16
1.824 13.60 25.16
1.822 13.54 25.16
1.819 13.63 25.16
1.817 13.61 25.16
1.814 13.61 25.16
1.811 13.67 25.16
1.809 13.67 25.16
1.807 13.70 25.16
1.804 13.72 25.16
1.802 13.67 25.16
1.800 13.78 25.16
1.798 13.69 25.16
1.796 13.78 25.16
1.794 13.79 25.16
1.792 13.77 25.16
1.791 13.82 25.16
1.786 13.82 25.16
1.784 13.89 25.16
1.782 13.86 25.16
1.778 13.85 25.16
1.777 13.90 25.16
1.775 13.95 25.16
1.773 14.05 25.16
1.771 14.01 25.16
1.768 14.03 25.16
1.766 14.01 25.16
1.763 13.98 25.16
1.760 14.07 25.16
1.757 14.09 25.16
1.755 14.09 25.16
1.753 14.10 25.16
1.751 14.19 25.16
1.747 14.15 25.16
1.744 14.21 25.16
1.743 14.23 25.16
1.739 14.21 25.16
1.736 14.29 25.16
1.733 14.32 25.16
1.730 14.32 25.16
1.728 14.33 25.16
1.726 14.43 25.16
1.724 14.41 25.16
1.722 14.47 25.16
1.720 14.52 25.16
1.717 14.49 25.16
1.715 14.58 25.16
1.712 14.64 25.16
1.710 14.63 25.16
1.708 14.67 25.16
1.707 14.68 25.16
1.706 14.67 25.16
1.704 14.73 25.16
1.703 14.67 25.16
1.701 14.74 25.16
1.699 14.77 25.16
1.698 14.74 25.16
1.696 14.79 25.16
1.694 14.79 25.16
1.693 14.75 25.16
1.692 14.84 25.16
1.690 14.83 25.16
1.687 14.88 25.16
1.685 14.93 25.16
1.683 14.92 25.16
1.682 14.97 25.16
1.681 15.01 25.16
1.679 14.96 25.16
1.678 15.07 25.16
1.676 15.08 25.16
1.674 15.12 25.16
1.673 15.13 25.16
1.671 15.14 25.16
1.668 15.20 25.16
1.666 15.24 25.16
1.664 15.25 25.16
1.662 15.29 25.16
1.661 15.31 25.16
1.658 15.35 25.16
1.656 15.38 25.16
1.653 15.39 25.16
1.651 15.44 25.16
1.648 15.50 25.16
1.646 15.52 25.16
1.645 15.54 25.16
1.643 15.56 25.16
1.640 15.58 25.16
1.637 15.61 25.16
1.635 15.66 25.16
1.634 15.68 25.16
1.632 15.68 25.16
1.631 15.71 25.16
1.629 15.73 25.16
1.627 15.79 25.16
1.624 15.80 25.16
1.622 15.84 25.16
1.620 15.86 25.16
1.619 15.88 25.16
1.619 15.90 25.16
1.618 15.91 25.16
1.616 15.92 25.16
1.615 15.95 25.16
1.613 15.96 25.16
1.611 16.00 25.16
1.609 15.99 25.16
1.608 16.01 25.16
1.607 16.02 25.15
1.606 16.02 25.16
1.605 16.02 25.16
1.604 16.05 25.15
1.602 16.04 25.15
1.600 16.07 25.15
1.599 16.07 25.15
1.598 16.09 25.15
1.597 16.09 25.15
1.596 16.10 25.15
1.595 16.11 25.15
1.594 16.13 25.15
1.594 16.13 25.15
1.593 16.16 25.15
1.591 16.17 25.15
1.590 16.18 25.15
1.588 16.21 25.15
1.586 16.23 25.15
1.584 16.26 25.15
1.583 16.28 25.15
1.581 16.29 25.15
1.580 16.32 25.15
1.578 16.34 25.15
1.576 16.34 25.15
1.574 16.38 25.15
1.572 16.39 25.15
1.570 16.43 25.15
1.569 16.46 25.15
1.568 16.43 25.15
1.566 16.46 25.15
1.564 16.48 25.15
1.562 16.46 25.15
1.560 16.49 25.15
1.558 16.51 25.15
1.556 16.55 25.15
1.555 16.55 25.15
1.554 16.54 25.15
1.553 16.60 25.15
1.551 16.57 25.15
1.549 16.64 25.15
1.547 16.63 25.15
1.545 16.68 25.15
1.543 16.68 25.15
1.542 16.74 25.15
1.541 16.70 25.15
1.539 16.77 25.15
1.538 16.76 25.15
1.536 16.79 25.15
1.533 16.83 25.15
1.530 16.85 25.15
1.529 16.91 25.15
1.528 16.92 25.15
1.527 16.90 25.15
1.525 16.90 25.15
1.524 16.95 25.15
1.522 16.94 25.15
1.521 16.95 25.15
1.520 16.94 25.15
1.519 16.95 25.15
1.518 16.99 25.15
1.517 17.01 25.15
1.515 17.03 25.15
1.513 17.06 25.15
1.511 17.05 25.15
1.508 17.08 25.15
1.506 17.13 25.15
1.504 17.16 25.15
1.503 17.19 25.15
1.500 17.21 25.15
1.499 17.21 25.15
1.497 17.26 25.15
1.496 17.28 25.15
1.495 17.28 25.15
1.493 17.32 25.15
1.492 17.34 25.15
1.490 17.35 25.15
1.489 17.38 25.15
1.488 17.36 25.15
1.487 17.41 25.15
1.485 17.41 25.15
1.484 17.40 25.15
1.483 17.42 25.15
1.481 17.45 25.15
1.480 17.43 25.15
1.478 17.46 25.15
1.477 17.50 25.15
1.475 17.51 25.15
1.474 17.52 25.15
1.472 17.56 25.15
1.471 17.58 25.15
1.470 17.59 25.15
1.468 17.62 25.15
1.467 17.63 25.15
1.465 17.62 25.15
1.464 17.66 25.15
1.462 17.69 25.15
1.461 17.69 25.15
1.460 17.74 25.15
1.458 17.75 25.15
1.457 17.79 25.15
1.455 17.81 25.15
1.454 17.80 25.15
1.453 17.84 25.15
1.453 17.84 25.15
1.452 17.83 25.15
1.451 17.88 25.15
1.449 17.91 25.15
1.448 17.89 25.15
1.446 17.89 25.15
1.445 17.93 25.15
1.443 17.93 25.15
1.442 17.96 25.15
1.441 17.94 25.15
1.439 17.99 25.15
1.438 18.00 25.15
1.437 18.02 25.15
1.436 18.04 25.15
1.434 18.04 25.15
1.433 18.08 25.15
1.432 18.09 25.15
1.430 18.10 25.15
1.430 18.14 25.15
1.429 18.15 25.15
1.428 18.14 25.15
1.426 18.18 25.15
1.425 18.19 25.15
1.424 18.21 25.15
1.423 18.23 25.15
1.421 18.26 25.15
1.419 18.28 25.15
1.418 18.31 25.15
1.417 18.32 25.15
1.416 18.33 25.15
1.415 18.34 25.15
1.413 18.34 25.15
1.412 18.35 25.15
1.411 18.36 25.15
1.409 18.37 25.15
1.408 18.41 25.15
1.406 18.41 25.15
1.405 18.44 25.15
1.403 18.46 25.15
1.402 18.46 25.15
1.401 18.50 25.15
1.399 18.52 25.15
1.399 18.54 25.15
1.398 18.57 25.15
1.397 18.57 25.15
1.396 18.59 25.15
1.395 18.61 25.15
1.394 18.62 25.15
1.393 18.64 25.15
1.392 18.67 25.15
1.390 18.69 25.15
1.388 18.74 25.15
1.386 18.76 25.15
1.385 18.77 25.15
1.384 18.79 25.15
1.382 18.80 25.15
1.381 18.81 25.15
1.380 18.86 25.15
1.378 18.84 25.15
1.377 18.86 25.15
1.376 18.90 25.15
1.375 18.90 25.15
1.373 18.93 25.15
1.372 18.94 25.15
1.370 18.96 25.15
1.368 18.98 25.15
1.367 18.99 25.15
1.366 19.02 25.15
1.365 19.04 25.15
1.364 19.06 25.15
1.364 19.09 25.15
1.363 19.07 25.15
1.362 19.08 25.15
1.361 19.14 25.15
1.359 19.15 25.15
1.358 19.16 25.15
1.356 19.21 25.15
1.354 19.24 25.15
1.352 19.27 25.15
1.351 19.30 25.15
1.350 19.30 25.15
1.348 19.32 25.15
1.346 19.33 25.15
1.345 19.35 25.15
1.343 19.37 25.15
1.341 19.38 25.15
1.340 19.41 25.15
1.339 19.43 25.15
1.338 19.43 25.15
1.338 19.47 25.15
1.336 19.50 25.15
1.335 19.52 25.15
1.334 19.56 25.15
1.332 19.58 25.15
1.332 19.59 25.15
1.330 19.62 25.15
1.329 19.65 25.15
1.327 19.66 25.15
1.326 19.66 25.15
1.325 19.71 25.15
1.323 19.74 25.15
1.322 19.74 25.15
1.321 19.77 25.15
1.320 19.80 25.15
1.319 19.79 25.15
1.318 19.81 25.15
1.317 19.82 25.15
1.316 19.83 25.15
1.314 19.84 25.15
1.313 19.86 25.15
1.312 19.89 25.15
1.311 19.89 25.15
1.310 19.91 25.15
1.309 19.93 25.15
1.308 19.95 25.15
1.306 19.97 25.15
