2.798 9.01 35.10
2.794 9.02 35.10
2.790 9.04 35.10
2.786 9.05 35.10
2.781 9.08 35.10
2.776 9.10 35.10
2.771 9.11 35.10
2.765 9.13 35.10
2.759 9.16 35.10
2.755 9.18 35.10
2.751 9.20 35.10
2.747 9.21 35.10
2.743 9.23 35.10
2.741 9.27 35.10
2.737 9.27 35.10
2.733 9.31 35.09
2.728 9.32 35.09
2.725 9.33 35.09
2.724 9.34 35.09
2.721 9.34 35.09
2.711 9.38 35.09
2.699 9.41 35.09
2.690 9.42 35.09
2.683 9.45 35.09
2.676 9.46 35.09
2.671 9.48 35.09
2.666 9.51 35.09
2.660 9.51 35.09
2.654 9.53 35.09
2.648 9.56 35.09
2.644 9.57 35.09
2.638 9.61 35.09
2.634 9.63 35.09
2.631 9.64 35.09
2.628 9.67 35.09
2.624 9.68 35.09
2.621 9.71 35.09
2.618 9.75 35.09
2.614 9.75 35.09
2.610 9.79 35.09
2.606 9.80 35.09
2.604 9.81 35.09
2.602 9.82 35.09
2.599 9.83 35.09
2.593 9.84 35.09
2.590 9.86 35.09
2.587 9.86 35.09
2.582 9.88 35.09
2.578 9.89 35.09
2.574 9.90 35.09
2.570 9.92 35.09
2.567 9.92 35.09
2.563 9.93 35.09
2.561 9.95 35.09
2.558 9.95 35.09
2.554 9.96 35.09
2.551 9.98 35.09
2.548 9.98 35.09
2.546 9.99 35.09
2.545 10.02 35.09
2.543 10.03 35.09
2.538 10.05 35.09
2.533 10.04 35.09
2.529 10.08 35.09
2.525 10.11 35.09
2.520 10.14 35.09
2.515 10.16 35.09
2.511 10.18 35.09
2.508 10.19 35.09
2.506 10.23 35.09
2.504 10.23 35.09
2.501 10.25 35.09
2.497 10.27 35.09
2.493 10.27 35.09
2.489 10.30 35.09
2.485 10.32 35.09
2.482 10.33 35.09
2.479 10.34 35.09
2.474 10.35 35.09
2.470 10.36 35.09
2.466 10.39 35.09
2.461 10.40 35.09
2.457 10.41 35.09
2.453 10.43 35.09
2.448 10.44 35.09
2.444 10.47 35.09
2.439 10.48 35.09
2.435 10.50 35.09
2.432 10.50 35.09
2.430 10.49 35.09
2.426 10.54 35.09
2.423 10.57 35.09
2.419 10.59 35.09
2.415 10.62 35.09
2.411 10.63 35.09
2.406 10.67 35.09
2.400 10.71 35.09
2.395 10.72 35.09
2.390 10.75 35.09
2.386 10.78 35.09
2.382 10.79 35.09
2.378 10.81 35.09
2.374 10.81 35.09
2.371 10.83 35.09
2.366 10.84 35.09
2.361 10.84 35.09
2.356 10.87 35.09
2.351 10.90 35.09
2.345 10.93 35.09
2.339 10.96 35.09
2.334 10.98 35.09
2.332 11.01 35.09
2.330 11.03 35.09
2.327 11.04 35.09
2.322 11.07 35.09
2.318 11.11 35.09
2.314 11.13 35.09
2.308 11.18 35.09
2.302 11.20 35.09
2.300 11.21 35.09
2.300 11.24 35.09
2.299 11.22 35.09
2.294 11.26 35.09
2.289 11.29 35.09
2.286 11.28 35.09
2.282 11.31 35.09
2.277 11.33 35.09
2.273 11.32 35.09
2.269 11.36 35.09
2.264 11.37 35.09
2.258 11.39 35.09
2.254 11.43 35.09
2.250 11.43 35.09
2.247 11.46 35.09
2.245 11.49 35.09
2.243 11.50 35.09
2.242 11.52 35.09
2.240 11.52 35.09
2.237 11.55 35.09
2.235 11.57 35.09
2.232 11.58 35.09
2.228 11.61 35.09
2.223 11.65 35.09
2.217 11.68 35.09
2.212 11.71 35.09
2.209 11.72 35.09
2.208 11.73 35.09
2.206 11.74 35.09
2.204 11.74 35.09
2.200 11.75 35.09
2.195 11.78 35.09
2.189 11.79 35.09
2.183 11.82 35.09
2.177 11.85 35.09
2.171 11.89 35.09
2.166 11.94 35.09
2.160 11.96 35.09
2.154 12.02 35.09
2.147 12.08 35.09
2.139 12.12 35.09
2.133 12.17 35.09
2.131 12.18 35.09
2.130 12.19 35.09
2.129 12.21 35.09
2.126 12.21 35.09
2.123 12.24 35.09
2.120 12.25 35.09
2.116 12.25 35.09
2.111 12.27 35.09
2.107 12.28 35.08
2.104 12.29 35.09
2.102 12.32 35.09
2.102 12.31 35.09
2.100 12.34 35.08
2.097 12.37 35.08
2.093 12.38 35.08
2.089 12.43 35.08
2.085 12.46 35.08
2.082 12.48 35.08
2.077 12.52 35.08
2.073 12.56 35.08
2.067 12.60 35.08
2.063 12.63 35.08
2.060 12.64 35.08
2.058 12.67 35.08
2.056 12.68 35.08
2.053 12.69 35.08
2.051 12.71 35.08
2.048 12.72 35.08
2.044 12.74 35.08
2.041 12.75 35.08
2.037 12.77 35.08
2.034 12.79 35.08
2.031 12.80 35.08
2.029 12.82 35.08
2.026 12.83 35.08
2.023 12.81 35.08
2.020 12.86 35.08
2.018 12.89 35.08
2.015 12.90 35.08
2.013 12.94 35.08
2.010 12.98 35.08
2.006 13.01 35.08
2.002 13.05 35.08
1.998 13.08 35.08
1.994 13.10 35.08
1.992 13.13 35.08
1.990 13.12 35.08
1.988 13.14 35.08
1.987 13.16 35.08
1.985 13.14 35.08
1.983 13.17 35.08
1.979 13.18 35.08
1.975 13.20 35.08
1.971 13.22 35.08
1.968 13.23 35.08
1.966 13.25 35.08
1.964 13.28 35.08
1.963 13.28 35.08
1.961 13.30 35.08
1.960 13.31 35.08
1.958 13.33 35.08
1.957 13.36 35.08
1.956 13.35 35.08
1.954 13.38 35.08
1.952 13.40 35.08
1.951 13.39 35.08
1.950 13.42 35.08
1.948 13.44 35.08
1.946 13.45 35.08
1.944 13.48 35.08
1.941 13.50 35.08
1.938 13.53 35.08
1.936 13.55 35.08
1.934 13.55 35.08
1.933 13.57 35.08
1.932 13.58 35.08
1.930 13.57 35.08
1.929 13.59 35.08
1.927 13.60 35.08
1.926 13.61 35.08
1.924 13.63 35.08
1.923 13.60 35.08
1.922 13.63 35.08
1.921 13.64 35.08
1.919 13.64 35.08
1.918 13.65 35.08
1.917 13.65 35.08
1.916 13.65 35.08
1.915 13.67 35.08
1.913 13.67 35.08
1.911 13.70 35.08
1.909 13.72 35.08
1.908 13.70 35.08
1.907 13.72 35.08
1.905 13.74 35.08
1.903 13.74 35.08
1.902 13.76 35.08
1.902 13.75 35.08
1.902 13.76 35.08
1.900 13.78 35.08
1.898 13.80 35.08
1.896 13.83 35.08
1.895 13.84 35.08
1.893 13.84 35.08
1.891 13.89 35.08
1.889 13.88 35.08
1.886 13.91 35.08
1.884 13.95 35.08
1.881 13.96 35.08
1.876 14.00 35.08
1.872 14.04 35.08
1.870 14.04 35.08
1.869 14.06 35.08
1.867 14.06 35.08
1.864 14.09 35.08
1.863 14.11 35.08
1.861 14.09 35.08
1.859 14.11 35.07
1.858 14.13 35.07
1.856 14.12 35.07
1.854 14.14 35.07
1.852 14.13 35.07
1.851 14.16 35.07
1.848 14.19 35.07
1.845 14.20 35.07
1.843 14.21 35.07
1.841 14.23 35.07
1.841 14.22 35.07
1.840 14.25 35.07
1.839 14.27 35.07
1.837 14.28 35.07
1.836 14.32 35.07
1.835 14.31 35.07
1.834 14.33 35.07
1.832 14.36 35.07
1.831 14.39 35.07
1.829 14.41 35.07
1.827 14.43 35.07
1.825 14.45 35.07
1.823 14.46 35.07
1.821 14.49 35.07
1.819 14.51 35.07
1.815 14.50 35.07
1.813 14.49 35.07
1.812 14.54 35.07
1.810 14.56 35.07
1.809 14.56 35.07
1.807 14.59 35.07
1.804 14.59 35.07
1.801 14.61 35.07
1.799 14.62 35.07
1.797 14.62 35.07
1.795 14.63 35.07
1.793 14.65 35.07
1.791 14.66 35.07
1.789 14.67 35.07
1.788 14.68 35.07
1.787 14.70 35.07
1.787 14.73 35.07
1.785 14.73 35.07
1.783 14.76 35.07
1.782 14.77 35.07
1.780 14.79 35.07
1.778 14.82 35.07
1.776 14.83 35.07
1.775 14.86 35.07
1.772 14.90 35.07
1.770 14.92 35.07
1.768 14.95 35.07
1.767 14.98 35.06
1.764 15.00 35.06
1.762 15.03 35.06
1.760 15.04 35.06
1.758 15.05 35.06
1.757 15.08 35.06
1.755 15.08 35.06
1.752 15.09 35.06
1.749 15.10 35.06
1.746 15.11 35.06
1.745 15.12 35.06
1.743 15.13 35.06
1.741 15.15 35.06
1.737 15.18 35.06
1.733 15.21 35.06
1.731 15.24 35.06
1.729 15.27 35.06
1.726 15.32 35.06
1.724 15.36 35.06
1.722 15.40 35.06
1.720 15.43 35.06
1.718 15.46 35.06
1.717 15.48 35.06
1.716 15.50 35.06
1.714 15.54 35.06
1.711 15.55 35.06
1.710 15.56 35.06
1.708 15.57 35.06
1.707 15.57 35.06
1.705 15.58 35.06
1.704 15.58 35.06
1.702 15.59 35.06
1.699 15.60 35.06
1.697 15.61 35.06
1.696 15.61 35.06
1.694 15.62 35.06
1.693 15.63 35.06
1.691 15.65 35.06
1.689 15.66 35.06
1.688 15.68 35.06
1.688 15.70 35.06
1.688 15.72 35.06
1.687 15.74 35.06
1.685 15.77 35.06
1.684 15.79 35.05
1.682 15.81 35.05
1.680 15.84 35.05
1.679 15.87 35.05
1.677 15.89 35.05
1.675 15.92 35.05
1.672 15.96 35.05
1.669 16.00 35.05
1.667 16.02 35.05
1.665 16.04 35.05
1.664 16.05 35.05
1.662 16.06 35.05
1.661 16.07 35.05
1.660 16.08 35.05
1.658 16.09 35.05
1.656 16.10 35.05
1.654 16.11 35.05
1.652 16.12 35.05
1.651 16.14 35.05
1.648 16.15 35.05
1.645 16.18 35.05
1.643 16.20 35.05
1.642 16.22 35.05
1.642 16.23 35.05
1.640 16.25 35.05
1.638 16.28 35.05
1.637 16.31 35.05
1.635 16.33 35.05
1.633 16.35 35.05
1.631 16.38 35.05
1.630 16.40 35.05
1.628 16.43 35.05
1.625 16.46 35.05
1.622 16.49 35.05
1.620 16.52 35.05
1.618 16.53 35.05
1.618 16.53 35.05
1.616 16.54 35.05
1.615 16.55 35.05
1.614 16.56 35.05
1.612 16.57 35.05
1.609 16.59 35.05
1.605 16.62 35.05
1.602 16.64 35.05
1.600 16.67 35.05
1.598 16.68 35.05
1.598 16.70 35.05
1.597 16.72 35.05
1.595 16.74 35.05
1.594 16.76 35.05
1.593 16.79 35.05
1.591 16.80 35.05
1.590 16.82 35.05
1.589 16.85 35.05
1.587 16.87 35.05
1.585 16.91 35.05
1.583 16.93 35.05
1.582 16.95 35.05
1.581 16.97 35.05
1.580 16.97 35.05
1.578 16.99 35.05
1.577 17.00 35.05
1.575 17.00 35.05
1.574 17.02 35.05
1.573 17.03 35.05
1.572 17.04 35.05
1.571 17.05 35.05
1.569 17.05 35.05
1.568 17.06 35.05
1.566 17.08 35.05
1.564 17.09 35.05
1.562 17.12 35.05
1.561 17.13 35.05
1.560 17.14 35.05
1.559 17.16 35.05
1.557 17.19 35.05
1.556 17.20 35.05
1.555 17.23 35.05
1.553 17.26 35.05
1.551 17.29 35.05
1.548 17.32 35.05
1.546 17.35 35.05
1.543 17.39 35.05
1.542 17.41 35.05
1.541 17.42 35.05
1.540 17.43 35.05
1.539 17.44 35.05
1.536 17.47 35.05
1.534 17.49 35.05
1.533 17.50 35.05
1.531 17.51 35.05
1.529 17.52 35.05
1.527 17.53 35.05
1.525 17.55 35.05
1.524 17.56 35.05
1.522 17.59 35.05
1.522 17.60 35.05
1.521 17.61 35.05
1.520 17.63 35.05
1.519 17.64 35.05
1.518 17.66 35.05
1.517 17.68 35.05
1.516 17.70 35.05
1.514 17.72 35.05
1.513 17.74 35.05
1.511 17.76 35.05
1.510 17.79 35.05
1.508 17.82 35.05
1.506 17.85 35.05
1.504 17.89 35.05
1.503 17.90 35.05
1.502 17.91 35.05
1.502 17.92 35.05
1.500 17.93 35.05
1.499 17.95 35.05
1.497 17.96 35.05
1.494 17.98 35.05
1.492 18.00 35.05
1.490 18.01 35.05
1.488 18.03 35.05
1.487 18.05 35.05
1.486 18.05 35.05
1.485 18.07 35.05
1.484 18.09 35.05
1.481 18.13 35.05
1.479 18.16 35.05
1.478 18.18 35.05
1.477 18.20 35.05
1.476 18.22 35.05
1.474 18.25 35.05
1.471 18.29 35.05
1.469 18.33 35.05
1.467 18.36 35.05
1.466 18.37 35.05
1.466 18.38 35.05
1.465 18.39 35.05
1.463 18.41 35.05
1.461 18.43 35.05
1.460 18.44 35.05
1.459 18.44 35.05
1.458 18.45 35.05
1.457 18.47 35.05
1.456 18.48 35.05
1.455 18.48 35.05
1.454 18.49 35.05
1.453 18.49 35.05
1.452 18.51 35.05
1.452 18.52 35.05
1.450 18.53 35.05
1.449 18.55 35.05
1.448 18.56 35.05
1.447 18.59 35.05
1.446 18.61 35.05
1.445 18.63 35.05
1.443 18.67 35.05
1.441 18.70 35.05
1.439 18.72 35.05
1.437 18.77 35.05
1.435 18.80 35.05
1.434 18.82 35.05
1.433 18.84 35.05
1.433 18.84 35.05
1.432 18.86 35.05
1.429 18.89 35.05
1.428 18.90 35.05
1.427 18.91 35.05
1.425 18.92 35.05
1.424 18.93 35.05
1.423 18.95 35.05
1.422 18.96 35.05
1.420 18.97 35.05
1.419 18.98 35.05
1.418 19.00 35.05
1.416 19.02 35.05
1.415 19.03 35.05
1.414 19.05 35.05
1.412 19.08 35.05
1.411 19.11 35.05
1.410 19.13 35.05
1.408 19.17 35.05
1.406 19.19 35.05
1.404 19.23 35.05
1.403 19.26 35.05
1.401 19.28 35.05
1.401 19.30 35.05
1.400 19.32 35.05
1.398 19.34 35.05
1.396 19.37 35.05
1.394 19.38 35.05
1.393 19.39 35.05
1.392 19.40 35.05
1.391 19.41 35.05
1.390 19.42 35.05
1.389 19.43 35.05
1.388 19.44 35.05
1.387 19.46 35.05
1.386 19.46 35.05
1.385 19.48 35.05
1.384 19.50 35.05
1.383 19.51 35.05
1.383 19.53 35.05
1.382 19.55 35.05
1.381 19.56 35.05
1.380 19.58 35.05
1.379 19.62 35.05
1.377 19.65 35.05
1.376 19.67 35.05
1.374 19.69 35.05
1.373 19.72 35.05
1.372 19.74 35.05
1.370 19.76 35.05
1.370 19.77 35.05
1.370 19.78 35.05
1.368 19.80 35.05
1.366 19.83 35.05
1.366 19.84 35.05
1.365 19.85 35.05
1.363 19.86 35.05
1.362 19.87 35.05
1.361 19.88 35.05
1.359 19.89 35.05
1.358 19.90 35.05
1.357 19.91 35.05
1.356 19.92 35.05
1.355 19.95 35.05
1.353 19.98 35.05
