1.446 19.98 55.14
1.446 19.94 55.14
1.446 19.92 55.14
1.446 19.94 55.14
1.447 19.93 55.14
1.447 19.93 55.14
1.447 19.93 55.14
1.448 19.91 55.14
1.449 19.91 55.14
1.449 19.91 55.14
1.449 19.88 55.14
1.450 19.88 55.14
1.451 19.85 55.14
1.452 19.84 55.14
1.453 19.83 55.14
1.455 19.80 55.14
1.456 19.80 55.14
1.457 19.78 55.14
1.458 19.76 55.14
1.459 19.76 55.14
1.460 19.74 55.14
1.461 19.72 55.14
1.462 19.73 55.13
1.463 19.69 55.13
1.464 19.69 55.13
1.466 19.68 55.13
1.466 19.66 55.13
1.466 19.67 55.13
1.467 19.64 55.13
1.467 19.64 55.13
1.468 19.64 55.13
1.468 19.61 55.13
1.469 19.61 55.13
1.470 19.60 55.13
1.471 19.58 55.13
1.471 19.58 55.13
1.471 19.57 55.13
1.471 19.57 55.13
1.472 19.57 55.13
1.473 19.55 55.13
1.473 19.55 55.13
1.474 19.53 55.13
1.474 19.52 55.13
1.475 19.53 55.13
1.475 19.50 55.13
1.476 19.50 55.13
1.477 19.49 55.13
1.478 19.46 55.13
1.478 19.46 55.13
1.479 19.45 55.13
1.480 19.44 55.13
1.480 19.44 55.13
1.481 19.41 55.13
1.482 19.40 55.13
1.482 19.40 55.13
1.483 19.37 55.13
1.484 19.38 55.13
1.485 19.35 55.13
1.487 19.32 55.13
1.488 19.31 55.13
1.491 19.26 55.13
1.493 19.25 55.13
1.495 19.24 55.13
1.497 19.20 55.13
1.498 19.20 55.13
1.498 19.19 55.13
1.498 19.19 55.13
1.499 19.19 55.13
1.500 19.16 55.13
1.501 19.14 55.13
1.503 19.13 55.13
1.504 19.10 55.12
1.504 19.10 55.12
1.505 19.08 55.12
1.505 19.08 55.12
1.505 19.09 55.12
1.506 19.05 55.12
1.507 19.06 55.12
1.507 19.06 55.12
1.508 19.04 55.12
1.508 19.04 55.12
1.509 19.03 55.12
1.509 19.01 55.12
1.509 19.02 55.12
1.509 19.00 55.12
1.509 19.01 55.12
1.509 19.01 55.12
1.510 18.98 55.12
1.510 18.99 55.12
1.511 18.97 55.12
1.511 18.97 55.12
1.511 18.98 55.12
1.512 18.95 55.12
1.512 18.95 55.12
1.512 18.96 55.12
1.513 18.94 55.12
1.514 18.94 55.12
1.514 18.92 55.12
1.515 18.91 55.12
1.516 18.92 55.12
1.517 18.91 55.12
1.518 18.90 55.12
1.518 18.89 55.12
1.519 18.87 55.12
1.520 18.87 55.12
1.521 18.86 55.12
1.522 18.85 55.12
1.522 18.81 55.11
1.523 18.77 55.11
1.524 18.79 55.11
1.525 18.78 55.11
1.526 18.76 55.12
1.527 18.77 55.12
1.528 18.74 55.12
1.529 18.73 55.12
1.531 18.73 55.11
1.534 18.68 55.12
1.537 18.66 55.11
1.538 18.64 55.11
1.539 18.61 55.12
1.539 18.63 55.12
1.540 18.59 55.11
1.542 18.57 55.11
1.544 18.56 55.12
1.545 18.52 55.12
1.546 18.52 55.11
1.547 18.50 55.11
1.548 18.47 55.12
1.550 18.45 55.12
1.551 18.41 55.11
1.553 18.40 55.12
1.554 18.40 55.12
1.555 18.36 55.12
1.556 18.36 55.12
1.556 18.35 55.12
1.557 18.34 55.12
1.558 18.34 55.12
1.560 18.30 55.12
1.561 18.30 55.12
1.562 18.30 55.12
1.564 18.27 55.12
1.565 18.27 55.12
1.566 18.25 55.12
1.567 18.24 55.12
1.568 18.24 55.12
1.569 18.21 55.12
1.570 18.22 55.12
1.571 18.21 55.12
1.571 18.19 55.12
1.572 18.19 55.12
1.573 18.18 55.12
1.575 18.15 55.12
1.576 18.14 55.12
1.577 18.11 55.12
1.578 18.12 55.12
1.579 18.11 55.12
1.579 18.08 55.12
1.580 18.09 55.12
1.580 18.08 55.12
1.580 18.07 55.12
1.581 18.08 55.12
1.581 18.05 55.12
1.581 18.06 55.12
1.581 18.06 55.12
1.582 18.04 55.12
1.582 18.05 55.12
1.582 18.03 55.12
1.583 18.02 55.12
1.584 18.03 55.12
1.584 17.99 55.12
1.585 18.00 55.12
1.586 18.00 55.12
1.586 17.98 55.12
1.586 17.99 55.12
1.587 17.97 55.12
1.588 17.96 55.12
1.589 17.97 55.12
1.589 17.94 55.12
1.590 17.94 55.12
1.591 17.93 55.12
1.592 17.89 55.12
1.593 17.90 55.12
1.593 17.88 55.12
1.594 17.87 55.12
1.595 17.87 55.12
1.596 17.84 55.12
1.598 17.85 55.12
1.598 17.84 55.11
1.599 17.82 55.11
1.600 17.83 55.11
1.600 17.81 55.11
1.601 17.81 55.11
1.601 17.82 55.11
1.602 17.79 55.11
1.603 17.79 55.11
1.604 17.78 55.11
1.605 17.76 55.11
1.607 17.76 55.11
1.609 17.73 55.11
1.611 17.71 55.11
1.614 17.69 55.11
1.617 17.63 55.11
1.619 17.62 55.11
1.621 17.59 55.11
1.623 17.55 55.11
1.625 17.54 55.11
1.627 17.52 55.11
1.629 17.50 55.11
1.631 17.47 55.11
1.632 17.44 55.11
1.633 17.44 55.10
1.633 17.44 55.10
1.634 17.43 55.10
1.635 17.40 55.10
1.636 17.34 55.10
1.638 17.35 55.10
1.640 17.36 55.10
1.642 17.32 55.10
1.644 17.32 55.10
1.646 17.30 55.10
1.648 17.28 55.10
1.650 17.27 55.10
1.651 17.24 55.10
1.652 17.24 55.10
1.653 17.24 55.10
1.654 17.20 55.10
1.656 17.20 55.10
1.658 17.17 55.10
1.659 17.16 55.09
1.661 17.15 55.09
1.662 17.12 55.09
1.663 17.12 55.09
1.663 17.12 55.09
1.663 17.09 55.09
1.664 17.10 55.09
1.665 17.08 55.09
1.665 17.08 55.09
1.665 17.09 55.09
1.666 17.06 55.08
1.666 17.06 55.08
1.667 17.06 55.08
1.667 17.04 55.08
1.667 17.05 55.08
1.668 17.04 55.08
1.668 17.02 55.08
1.669 17.02 55.08
1.670 16.99 55.08
1.671 17.00 55.08
1.671 17.01 55.08
1.671 16.99 55.07
1.671 17.00 55.07
1.672 16.97 55.07
1.672 16.96 55.07
1.673 16.97 55.07
1.673 16.95 55.07
1.673 16.96 55.07
1.673 16.97 55.07
1.674 16.94 55.07
1.675 16.95 55.07
1.677 16.92 55.07
1.678 16.91 55.07
1.679 16.91 55.07
1.680 16.88 55.06
1.681 16.89 55.06
1.682 16.89 55.06
1.684 16.86 55.06
1.684 16.87 55.06
1.685 16.85 55.06
1.686 16.85 55.06
1.687 16.85 55.06
1.688 16.82 55.06
1.689 16.82 55.06
1.689 16.82 55.06
1.690 16.80 55.06
1.690 16.80 55.06
1.692 16.78 55.06
1.692 16.78 55.06
1.693 16.78 55.06
1.694 16.75 55.06
1.695 16.75 55.06
1.697 16.74 55.06
1.698 16.71 55.06
1.699 16.71 55.06
1.700 16.69 55.06
1.700 16.70 55.06
1.700 16.71 55.06
1.701 16.67 55.06
1.702 16.67 55.06
1.703 16.67 55.06
1.705 16.65 55.06
1.706 16.63 55.06
1.707 16.61 55.06
1.708 16.60 55.06
1.709 16.60 55.06
1.710 16.58 55.06
1.710 16.58 55.06
1.711 16.57 55.06
1.712 16.55 55.06
1.713 16.55 55.06
1.713 16.53 55.06
1.714 16.53 55.06
1.715 16.53 55.06
1.716 16.50 55.06
1.717 16.50 55.06
1.718 16.50 55.06
1.718 16.48 55.06
1.719 16.49 55.06
1.719 16.47 55.05
1.719 16.47 55.05
1.720 16.48 55.05
1.721 16.46 55.05
1.722 16.46 55.05
1.722 16.47 55.05
1.723 16.46 55.05
1.724 16.46 55.05
1.724 16.45 55.05
1.724 16.45 55.05
1.725 16.45 55.05
1.726 16.44 55.05
1.726 16.43 55.05
1.727 16.39 55.05
1.728 16.39 55.05
1.728 16.41 55.05
1.729 16.39 55.05
1.730 16.39 55.05
1.731 16.39 55.05
1.731 16.37 55.05
1.732 16.38 55.05
1.732 16.37 55.05
1.733 16.36 55.05
1.734 16.36 55.05
1.734 16.34 55.05
1.734 16.35 55.05
1.735 16.35 55.05
1.735 16.33 55.05
1.736 16.34 55.04
1.736 16.32 55.05
1.737 16.32 55.04
1.737 16.32 55.05
1.738 16.30 55.05
1.738 16.30 55.04
1.739 16.31 55.04
1.740 16.28 55.04
1.741 16.28 55.04
1.742 16.27 55.04
1.743 16.26 55.04
1.744 16.26 55.04
1.745 16.23 55.04
1.746 16.23 55.04
1.747 16.23 55.04
1.748 16.20 55.04
1.749 16.20 55.04
1.750 16.19 55.04
1.751 16.18 55.04
1.751 16.18 55.04
1.752 16.16 55.04
1.753 16.16 55.04
1.754 16.16 55.04
1.754 16.14 55.04
1.754 16.15 55.04
1.755 16.14 55.04
1.756 16.12 55.04
1.756 16.13 55.04
1.757 16.10 55.04
1.758 16.10 55.04
1.758 16.10 55.04
1.759 16.08 55.04
1.760 16.09 55.04
1.760 16.07 55.04
1.761 16.07 55.04
1.762 16.07 55.04
1.762 16.05 55.03
1.763 16.05 55.04
1.764 16.04 55.03
1.764 16.03 55.03
1.765 16.03 55.03
1.766 16.02 55.03
1.766 16.01 55.03
1.767 16.01 55.03
1.768 15.99 55.03
1.770 15.99 55.03
1.771 15.98 55.03
1.772 15.96 55.03
1.774 15.96 55.03
1.775 15.94 55.03
1.777 15.93 55.03
1.779 15.93 55.03
1.780 15.90 55.03
1.781 15.90 55.03
1.782 15.89 55.03
1.783 15.87 55.03
1.783 15.87 55.03
1.784 15.85 55.03
1.786 15.83 55.03
1.788 15.83 55.03
1.790 15.78 55.03
1.792 15.78 55.03
1.794 15.76 55.03
1.795 15.74 55.03
1.796 15.74 55.03
1.797 15.72 55.03
1.798 15.71 55.03
1.799 15.71 55.03
1.800 15.68 55.03
1.801 15.67 55.03
1.802 15.66 55.03
1.804 15.64 55.03
1.805 15.63 55.03
1.806 15.60 55.03
1.807 15.59 55.03
1.808 15.59 55.03
1.809 15.56 55.03
1.810 15.55 55.03
1.811 15.49 55.03
1.812 15.43 55.03
1.813 15.45 55.03
1.814 15.39 55.03
1.816 15.37 55.03
1.818 15.36 55.03
1.820 15.33 55.03
1.823 15.31 55.03
1.825 15.28 55.02
1.827 15.26 55.03
1.827 15.25 55.02
1.829 15.23 55.02
1.830 15.20 55.02
1.831 15.14 55.02
1.831 15.09 55.02
1.832 15.14 55.02
1.833 15.14 55.02
1.833 15.11 55.02
1.834 15.13 55.02
1.834 15.10 55.02
1.835 15.11 55.02
1.835 15.12 55.02
1.835 15.06 55.02
1.836 15.09 55.02
1.838 15.01 55.02
1.842 14.94 55.02
1.845 14.95 55.02
1.846 14.86 55.02
1.847 14.86 55.02
1.849 14.85 55.02
1.850 14.76 55.02
1.851 14.78 55.02
1.851 14.75 55.02
1.852 14.72 55.02
1.853 14.73 55.01
1.854 14.68 55.02
1.855 14.67 55.02
1.856 14.70 55.01
1.858 14.64 55.01
1.858 14.64 55.01
1.859 14.65 55.01
1.859 14.64 55.01
2.103 12.57 54.99
2.113 12.51 54.99
2.114 12.52 54.99
2.114 12.52 54.99
2.115 12.51 54.98
2.116 12.51 54.99
2.118 12.53 54.98
2.119 12.50 54.98
2.120 12.46 54.98
2.124 12.41 54.98
2.125 12.40 54.98
2.126 12.44 54.98
2.128 12.40 54.98
2.130 12.41 54.98
2.132 12.49 54.98
2.133 12.50 54.98
2.134 12.42 54.98
2.136 12.43 54.98
2.138 12.36 54.98
2.139 12.40 54.98
2.141 12.39 54.98
2.143 12.34 54.98
2.145 12.36 54.98
2.147 12.31 54.98
2.149 12.31 54.98
2.151 12.33 54.98
2.154 12.25 54.98
2.156 12.27 54.98
2.158 12.27 54.98
2.160 12.20 54.98
2.164 12.22 54.98
2.167 12.17 54.98
2.170 12.17 54.98
2.172 12.17 54.98
2.174 12.13 54.98
2.177 12.29 54.98
2.179 12.28 54.98
2.180 12.17 54.98
2.182 12.18 54.98
2.183 12.13 54.98
2.184 12.13 54.98
2.185 12.15 54.98
2.186 12.12 54.98
2.188 12.10 54.98
2.190 12.12 54.98
2.193 12.08 54.97
2.194 12.12 54.97
2.196 12.07 54.98
2.197 12.07 54.97
2.199 12.10 54.98
2.200 12.03 54.97
2.201 12.07 54.97
2.202 12.06 54.97
2.204 12.00 54.97
2.205 12.03 54.97
2.205 11.98 54.97
2.207 11.98 54.97
2.208 12.00 54.97
2.211 11.92 54.97
2.214 11.92 54.97
2.217 11.93 54.97
2.219 11.88 54.97
2.222 11.87 54.97
2.224 11.82 54.97
2.226 11.83 54.97
2.229 11.85 54.97
2.230 11.77 54.97
2.231 11.81 54.97
2.234 11.81 54.97
2.237 11.72 54.97
2.241 11.75 54.97
2.245 11.69 54.97
2.248 11.69 54.97
2.249 11.68 54.97
2.251 11.61 54.97
2.253 11.63 54.97
2.255 11.64 54.97
2.257 11.61 54.97
2.258 11.63 54.97
2.260 11.57 54.97
2.261 11.60 54.97
2.263 11.61 54.97
2.265 11.54 54.97
2.265 11.57 54.97
2.267 11.57 54.97
2.269 11.49 54.97
2.271 11.45 54.97
2.274 11.41 54.97
2.277 11.43 54.96
2.281 11.44 54.96
2.283 11.34 54.96
2.284 11.41 54.96
2.285 11.39 54.96
2.287 11.34 54.96
2.288 11.48 54.96
2.289 11.47 54.96
2.290 11.47 54.96
2.291 11.51 54.96
2.291 11.43 54.96
2.292 11.45 54.96
2.294 11.43 54.96
2.296 11.39 54.96
2.298 11.43 54.96
2.300 11.44 54.96
2.301 11.44 54.96
2.303 11.43 54.96
2.305 11.41 54.96
2.306 11.42 54.96
2.308 11.40 54.95
2.309 11.38 54.95
2.311 11.30 54.95
2.313 11.16 54.95
2.314 11.24 54.95
2.316 11.28 54.95
2.316 11.24 54.95
2.316 11.27 54.95
2.316 11.25 54.95
2.316 11.25 54.95
2.316 11.23 54.95
2.316 11.17 54.95
2.317 11.45 54.95
2.320 11.49 54.95
2.325 11.42 54.95
2.329 11.40 54.95
2.332 11.38 54.95
2.333 11.37 54.95
2.334 11.39 54.95
2.335 11.33 54.95
2.336 11.35 54.95
2.338 11.36 54.95
2.340 11.31 54.95
2.342 11.34 54.95
2.344 11.29 54.95
2.346 11.29 54.95
2.348 11.29 54.95
2.350 11.24 54.95
2.352 11.24 54.95
2.354 11.23 54.94
2.357 11.18 54.95
2.360 11.18 54.94
2.363 11.14 54.94
2.364 11.14 54.94
2.366 11.17 54.94
2.368 11.12 54.94
2.371 11.12 54.94
2.373 11.14 54.94
2.376 11.06 54.94
2.378 11.09 54.94
2.379 11.05 54.94
2.381 11.04 54.94
2.383 11.05 54.94
2.385 10.99 54.94
2.387 10.99 54.94
2.391 11.01 54.94
2.394 10.92 54.94
2.396 10.96 54.94
2.396 10.92 54.94
2.397 10.91 54.94
2.397 10.93 54.94
2.399 10.84 54.94
2.400 10.87 54.94
2.402 10.89 54.94
2.406 10.83 54.94
2.407 10.85 54.94
2.408 10.83 54.94
2.409 10.80 54.94
2.410 10.86 54.94
2.411 10.79 54.94
2.413 10.80 54.94
2.415 10.80 54.94
2.418 10.76 54.94
2.420 10.77 54.94
2.422 10.74 54.94
2.424 10.73 54.94
2.426 10.77 54.94
2.429 10.69 54.94
2.431 10.72 54.94
2.433 10.71 54.94
2.435 10.68 54.94
2.436 10.71 54.94
2.439 10.67 54.94
2.441 10.68 54.94
2.444 10.70 54.94
2.447 10.62 54.93
2.449 10.65 54.93
2.452 10.65 54.93
2.455 10.59 54.93
2.456 10.62 54.93
2.457 10.58 54.93
2.458 10.57 54.93
2.460 10.55 54.93
2.463 10.48 54.93
2.466 10.49 54.93
2.470 10.48 54.93
2.474 10.43 54.93
2.478 10.44 54.93
2.482 10.38 54.93
2.485 10.38 54.93
2.488 10.40 54.93
2.491 10.36 54.93
2.495 10.36 54.92
2.498 10.33 54.92
2.499 10.32 54.92
2.501 10.34 54.92
2.504 10.29 54.92
2.505 10.30 54.92
2.506 10.33 54.92
2.508 10.26 54.92
2.510 10.29 54.92
2.511 10.33 54.92
2.512 10.32 54.92
2.512 10.33 54.92
2.513 10.33 54.92
2.514 10.32 54.92
2.515 10.32 54.92
2.517 10.29 54.92
2.520 10.27 54.92
2.522 10.14 54.92
2.524 10.17 54.91
2.526 10.23 54.92
2.528 10.19 54.91
2.530 10.22 54.91
2.531 10.24 54.91
2.532 10.18 54.91
2.534 10.20 54.91
2.536 10.19 54.91
2.539 10.16 54.91
2.541 10.20 54.91
2.543 10.13 54.91
2.544 10.15 54.91
2.546 10.17 54.91
2.548 10.13 54.91
2.549 10.13 54.91
2.551 10.13 54.91
2.554 10.09 54.91
2.556 10.13 54.91
2.559 10.08 54.91
2.562 10.09 54.91
2.565 10.09 54.91
2.568 10.02 54.91
2.571 10.04 54.91
2.573 10.02 54.91
2.574 10.00 54.91
2.577 10.02 54.91
2.578 9.95 54.91
2.580 9.98 54.91
2.582 9.99 54.91
2.584 9.94 54.91
2.585 9.95 54.91
2.587 9.94 54.91
2.587 9.93 54.91
2.587 9.96 54.91
2.590 9.90 54.91
2.595 9.89 54.91
2.598 9.92 54.90
2.600 9.88 54.91
2.603 9.87 54.90
2.607 9.85 54.90
2.610 9.84 54.90
2.614 9.84 54.90
2.616 9.78 54.90
2.619 9.81 54.90
2.620 9.82 54.90
2.621 9.78 54.90
2.623 9.81 54.90
2.626 9.78 54.90
2.628 9.77 54.90
2.631 9.79 54.90
2.633 9.74 54.90
2.635 9.77 54.90
2.637 9.76 54.90
2.640 9.71 54.90
2.644 9.73 54.90
2.647 9.71 54.90
2.649 9.70 54.90
2.652 9.72 54.90
2.653 9.67 54.90
2.654 9.68 54.90
2.657 9.68 54.90
2.660 9.64 54.90
2.662 9.65 54.90
2.664 9.62 54.89
2.666 9.62 54.89
2.669 9.64 54.89
2.672 9.59 54.89
2.676 9.60 54.89
2.680 9.59 54.89
2.684 9.54 54.89
2.687 9.55 54.89
2.690 9.53 54.89
2.693 9.51 54.89
2.696 9.54 54.89
2.698 9.47 54.89
2.699 9.48 54.89
2.700 9.49 54.89
2.702 9.44 54.89
2.704 9.46 54.89
2.707 9.42 54.89
2.712 9.43 54.89
2.715 9.44 54.89
2.717 9.38 54.89
2.718 9.41 54.89
2.720 9.41 54.89
2.724 9.37 54.89
2.728 9.38 54.89
2.731 9.35 54.89
2.735 9.34 54.89
2.738 9.37 54.89
2.740 9.32 54.89
2.742 9.33 54.89
2.744 9.34 54.89
2.746 9.30 54.89
2.748 9.32 54.89
2.750 9.27 54.89
2.752 9.30 54.89
2.754 9.33 54.89
2.756 9.33 54.89
2.759 9.32 54.89
2.761 9.30 54.89
2.764 9.31 54.89
2.767 9.30 54.89
2.768 9.28 54.89
2.769 9.26 54.89
2.770 9.20 54.88
2.771 9.14 54.89
2.772 9.19 54.88
2.773 9.22 54.88
2.776 9.19 54.88
2.778 9.21 54.88
2.781 9.16 54.88
2.785 9.18 54.88
2.789 9.19 54.88
2.793 9.10 54.88
2.795 9.13 54.88
2.797 9.13 54.88
2.800 9.10 54.88
2.803 9.10 54.88
2.807 9.05 54.88
2.811 9.05 54.88
2.813 9.06 54.88
2.816 9.02 54.88
2.820 9.03 54.88
2.823 9.02 54.88
2.827 9.01 54.88
2.829 9.01 54.88
