Test Chi Quadro Bode_____________________________________________
   x       y       y*      sy      Chi     
1  3.00    -0.18   -0.44   0.53    0.24    
2  3.30    -0.51   -0.61   0.53    0.03    
3  3.48    -1.11   -0.89   0.54    0.18    
4  3.60    -1.89   -1.26   0.55    1.30    
5  3.78    -3.54   -2.26   0.57    5.01    
6  4.00    -6.41   -4.84   0.63    6.11    
7  4.08    -7.68   -6.26   0.66    4.59    
8  4.30    -11.49  -11.71  0.80    0.08    
9  4.40    -13.26  -14.70  0.89    2.63    
10 4.48    -14.67  -17.34  0.98    7.49    
11 2.90    -0.09   -0.41   0.53    0.38    
12 2.78    -0.09   -0.40   0.53    0.34    
13 2.60    0.00    -0.39   0.53    0.54    
14 2.30    -0.04   -0.38   0.53    0.41    
15 2.18    0.00    -0.38   0.53    0.52    
16 2.00    0.00    -0.38   0.53    0.51    
Chi Quadro = 30.37
Gradi Libertà = 13
Chi Quadro Ridotto = 2.34

