Test Chi Quadro Malus_____________________________________________
   x           y           y*          sy          Chi         
1  0.00        16870527.00 17253009.37 843526.44   0.21        
2  0.26        16879484.00 17405273.93 843974.29   0.39        
3  -0.26       15666514.00 15312001.42 783325.79   0.20        
4  0.52        15748293.00 15727995.93 787414.74   0.00        
5  -0.52       13193350.00 12102341.58 659667.61   2.74        
6  0.79        13653861.00 12670600.66 682693.16   2.07        
7  1.05        10725857.00 9052314.70  536292.98   9.74        
8  1.31        7156797.00  5842654.86  357840.05   13.49       
9  1.57        3500357.00  3901646.91  175018.26   5.26        
10 1.83        3069785.00  3749382.35  153489.72   19.60       
11 2.09        6429735.00  5426660.35  321486.97   9.74        
12 2.36        9987604.00  8484055.63  499380.34   9.07        
13 2.62        13192447.00 12102341.58 659622.46   2.73        
Chi Quadro = 75.23
Gradi Libertà = 10
Chi Quadro Ridotto = 7.52

