Test Chi Quadro Esperienza_____________________________________________
   x       y       y*      sy      Chi     
1  0.10    0.05    0.08    0.20    0.02    
2  1.10    2.10    2.07    0.20    0.02    
3  2.10    4.05    4.07    0.30    0.00    
4  3.20    6.20    6.26    0.20    0.09    
5  4.10    8.10    8.05    0.30    0.02    
6  5.10    10.20   10.05   0.20    0.58    
7  6.20    12.00   12.24   0.30    0.64    
8  7.10    14.10   14.04   0.20    0.11    
9  8.20    16.05   16.23   0.30    0.35    
10 9.10    18.00   18.02   0.20    0.01    
11 10.10   20.10   20.02   0.30    0.08    
Chi Quadro = 1.93
Gradi Libertà = 9
Chi Quadro Ridotto = 0.21

