Test residui Esperienza_____________________________________________
   x       y       y*      res     s_res   
1  0.10    0.05    0.08    -0.03   0.20    
2  1.10    2.10    2.07    0.03    0.20    
3  2.10    4.05    4.07    -0.02   0.30    
4  3.20    6.20    6.26    -0.06   0.20    
5  4.10    8.10    8.05    0.05    0.30    
6  5.10    10.20   10.05   0.15    0.20    
7  6.20    12.00   12.24   -0.24   0.30    
8  7.10    14.10   14.04   0.06    0.20    
9  8.20    16.05   16.23   -0.18   0.30    
10 9.10    18.00   18.02   -0.02   0.20    
11 10.10   20.10   20.02   0.08    0.30    

Somma residui = 0.92
