Test Chi Quadro A_____________________________________________
   x       y       y*      sy      Chi     
1  1000.00 0.98    0.98    0.06    0.00    
2  2000.00 0.94    0.94    0.06    0.02    
3  3000.00 0.88    0.87    0.05    0.02    
4  4000.00 0.80    0.80    0.05    0.00    
5  5000.00 0.73    0.73    0.05    0.00    
6  6000.00 0.66    0.67    0.04    0.01    
7  7000.00 0.61    0.61    0.04    0.00    
8  8000.00 0.56    0.56    0.04    0.00    
9  10000.000.48    0.48    0.03    0.00    
10 12000.000.41    0.42    0.03    0.00    
11 20000.000.27    0.27    0.02    0.00    
12 25000.000.22    0.22    0.02    0.00    
13 30000.000.18    0.18    0.02    0.01    
14 800.00  0.99    0.99    0.06    0.00    
15 600.00  0.99    1.00    0.06    0.01    
16 400.00  1.00    1.00    0.06    0.00    
17 200.00  0.99    1.00    0.06    0.01    
18 150.00  1.00    1.00    0.06    0.00    
19 100.00  1.00    1.00    0.06    0.00    
Chi Quadro = 0.11
Gradi Libertà = 16
Chi Quadro Ridotto = 0.01

