Test residui Ampiezza_____________________________________________
   x       y       y*      res     s_res   
1  1000.00 0.98    0.98    -0.00   0.06    
2  2000.00 0.94    0.94    0.01    0.06    
3  3000.00 0.88    0.87    0.01    0.05    
4  4000.00 0.80    0.80    0.00    0.05    
5  6000.00 0.66    0.67    -0.01   0.04    
6  10000.000.48    0.48    -0.00   0.03    
7  12000.000.41    0.42    -0.00   0.03    
8  20000.000.27    0.27    0.00    0.02    
9  25000.000.22    0.22    0.00    0.02    
10 30000.000.18    0.18    0.00    0.02    
11 800.00  0.99    0.99    -0.00   0.06    
12 600.00  0.99    1.00    -0.01   0.06    
13 400.00  1.00    1.00    0.00    0.06    
14 200.00  0.99    1.00    -0.01   0.06    
15 150.00  1.00    1.00    -0.00   0.06    
16 100.00  1.00    1.00    -0.00   0.06    

Somma residui = 0.05
