****************************************************************************************************
SERIE 1
****************************************************************************************************

Verifica ipotesi linearità_________________________________
Covarianza = -15.71569
Indice Pearson = -0.93622 +/- 0.08786
Gradi di Liberta' = 16
	t = 22.038418523686396
	p-value (una coda) = 1.0660517757064443e-13

Parametri___________________________________________________
y = a + bx
a = 25.89659 +/- 0.01566
b = -0.00045 +/- 0.00004

Test Chi Quadro_____________________________________________
x         y         sy           y*            Chi-quadro   
149.70000 25.90000  0.02887      25.82974      5.92403      
164.70000 25.80000  0.02887      25.82304      0.63703      
179.70000 25.80000  0.02887      25.81634      0.32048      
194.70000 25.80000  0.02887      25.80964      0.11161      
209.70000 25.80000  0.02887      25.80295      0.01041      
239.70000 25.80000  0.02887      25.78955      0.13105      
269.70000 25.80000  0.02887      25.77615      0.68240      
299.70000 25.80000  0.02887      25.76276      1.66445      
329.70000 25.70000  0.02887      25.74936      2.92377      
359.70000 25.70000  0.02887      25.73596      1.55213      
389.70000 25.70000  0.02887      25.72257      0.61118      
419.70000 25.70000  0.02887      25.70917      0.10095      
449.70000 25.70000  0.02887      25.69578      0.02142      
509.70000 25.70000  0.02887      25.66898      1.15447      
569.70000 25.60000  0.02887      25.64219      2.13603      
629.70000 25.60000  0.02887      25.61540      0.28451      
689.70000 25.60000  0.02887      25.58861      0.15581      
749.70000 25.60000  0.02887      25.56181      1.74993      

Gradi di liberta = 16
Chi-quadro = 20.17165301688215
p-value = 0.21258879238431164

Verifica ipotesi funzione costante_________________________
Gradi di Liberta' = 16
t = 11.965012381911633
p-value = 2.146343078327392e-09

x         y         sy           y_media_p     Chi-quadro   
149.70000 25.90000  0.02887      25.72778      35.59259     
164.70000 25.80000  0.02887      25.72778      6.25926      
179.70000 25.80000  0.02887      25.72778      6.25926      
194.70000 25.80000  0.02887      25.72778      6.25926      
209.70000 25.80000  0.02887      25.72778      6.25926      
239.70000 25.80000  0.02887      25.72778      6.25926      
269.70000 25.80000  0.02887      25.72778      6.25926      
299.70000 25.80000  0.02887      25.72778      6.25926      
329.70000 25.70000  0.02887      25.72778      0.92593      
359.70000 25.70000  0.02887      25.72778      0.92593      
389.70000 25.70000  0.02887      25.72778      0.92593      
419.70000 25.70000  0.02887      25.72778      0.92593      
449.70000 25.70000  0.02887      25.72778      0.92593      
509.70000 25.70000  0.02887      25.72778      0.92593      
569.70000 25.60000  0.02887      25.72778      19.59259     
629.70000 25.60000  0.02887      25.72778      19.59259     
689.70000 25.60000  0.02887      25.72778      19.59259     
749.70000 25.60000  0.02887      25.72778      19.59259     

Gradi di liberta = 16
Chi-quadro = 163.33333333333215
p-value = 1.7901480795625612e-26

Media pesata = 25.727777777777778 +/- 0.006804138174397717

****************************************************************************************************
SERIE 2
****************************************************************************************************

Verifica ipotesi linearità_________________________________
Covarianza = -121.00000
Indice Pearson = -0.99223 +/- 0.02440
Gradi di Liberta' = 26
	t = 81.66172859488411
	p-value (una coda) = 3.550049023719317e-33

Parametri___________________________________________________
y = a + bx
a = 29.72628 +/- 0.01008
b = -0.00080 +/- 0.00001

Test Chi Quadro_____________________________________________
x         y         sy           y*            Chi-quadro   
113.00000 29.70000  0.02887      29.63535      5.01493      
128.00000 29.70000  0.02887      29.62328      7.06228      
143.00000 29.60000  0.02887      29.61122      0.15094      
158.00000 29.60000  0.02887      29.59915      0.00087      
173.00000 29.60000  0.02887      29.58708      0.20041      
203.00000 29.60000  0.02887      29.56294      1.64827      
233.00000 29.50000  0.02887      29.53880      1.80652      
263.00000 29.50000  0.02887      29.51466      0.25795      
293.00000 29.50000  0.02887      29.49052      0.10778      
323.00000 29.50000  0.02887      29.46638      1.35601      
353.00000 29.40000  0.02887      29.44225      2.14166      
383.00000 29.40000  0.02887      29.41811      0.39346      
413.00000 29.40000  0.02887      29.39397      0.04365      
473.00000 29.30000  0.02887      29.34569      2.50530      
533.00000 29.30000  0.02887      29.29741      0.00802      
593.00000 29.20000  0.02887      29.24914      2.89744      
653.00000 29.20000  0.02887      29.20086      0.00089      
713.00000 29.10000  0.02887      29.15258      3.31808      
773.00000 29.10000  0.02887      29.10431      0.02226      
833.00000 29.00000  0.02887      29.05603      3.76722      
893.00000 29.00000  0.02887      29.00775      0.07213      
953.00000 28.90000  0.02887      28.95948      4.24485      
1013.0000028.90000  0.02887      28.91120      0.15050      
1073.0000028.90000  0.02887      28.86292      1.64975      
1133.0000028.80000  0.02887      28.81464      0.25737      
1193.0000028.80000  0.02887      28.76637      1.35735      
1253.0000028.80000  0.02887      28.71809      8.05094      
1313.0000028.70000  0.02887      28.66981      1.09345      

Gradi di liberta = 26
Chi-quadro = 49.58025981428261
p-value = 0.00352728305234226

Verifica ipotesi funzione costante_________________________
Gradi di Liberta' = 26
t = 56.16422175714581
p-value = 1.133153934955079e-28

x         y         sy           y_media_p     Chi-quadro   
113.00000 29.70000  0.02887      29.25000      243.00000    
128.00000 29.70000  0.02887      29.25000      243.00000    
143.00000 29.60000  0.02887      29.25000      147.00000    
158.00000 29.60000  0.02887      29.25000      147.00000    
173.00000 29.60000  0.02887      29.25000      147.00000    
203.00000 29.60000  0.02887      29.25000      147.00000    
233.00000 29.50000  0.02887      29.25000      75.00000     
263.00000 29.50000  0.02887      29.25000      75.00000     
293.00000 29.50000  0.02887      29.25000      75.00000     
323.00000 29.50000  0.02887      29.25000      75.00000     
353.00000 29.40000  0.02887      29.25000      27.00000     
383.00000 29.40000  0.02887      29.25000      27.00000     
413.00000 29.40000  0.02887      29.25000      27.00000     
473.00000 29.30000  0.02887      29.25000      3.00000      
533.00000 29.30000  0.02887      29.25000      3.00000      
593.00000 29.20000  0.02887      29.25000      3.00000      
653.00000 29.20000  0.02887      29.25000      3.00000      
713.00000 29.10000  0.02887      29.25000      27.00000     
773.00000 29.10000  0.02887      29.25000      27.00000     
833.00000 29.00000  0.02887      29.25000      75.00000     
893.00000 29.00000  0.02887      29.25000      75.00000     
953.00000 28.90000  0.02887      29.25000      147.00000    
1013.0000028.90000  0.02887      29.25000      147.00000    
1073.0000028.90000  0.02887      29.25000      147.00000    
1133.0000028.80000  0.02887      29.25000      243.00000    
1193.0000028.80000  0.02887      29.25000      243.00000    
1253.0000028.80000  0.02887      29.25000      243.00000    
1313.0000028.70000  0.02887      29.25000      363.00000    

Gradi di liberta = 26
Chi-quadro = 3204.0000000000027
p-value = 0.0

Media pesata = 29.250000000000004 +/- 0.0054554472558998104

****************************************************************************************************
SERIE 3
****************************************************************************************************

Verifica ipotesi linearità_________________________________
Covarianza = -42.26000
Indice Pearson = -0.91871 +/- 0.08235
Gradi di Liberta' = 23
	t = 23.299178891039034
	p-value (una coda) = 8.460463374745124e-18

Parametri___________________________________________________
y = a + bx
a = 31.76191 +/- 0.01187
b = -0.00102 +/- 0.00003

Test Chi Quadro_____________________________________________
x         y         sy           y*            Chi-quadro   
75.00000  31.30000  0.02887      31.68517      178.02449    
90.00000  31.70000  0.02887      31.66982      1.09310      
105.00000 31.70000  0.02887      31.65447      2.48758      
120.00000 31.70000  0.02887      31.63912      4.44744      
135.00000 31.70000  0.02887      31.62377      6.97269      
150.00000 31.70000  0.02887      31.60842      10.06333     
165.00000 31.60000  0.02887      31.59308      0.05753      
195.00000 31.60000  0.02887      31.56238      1.69845      
225.00000 31.60000  0.02887      31.53168      5.60092      
255.00000 31.50000  0.02887      31.50098      0.00116      
285.00000 31.50000  0.02887      31.47029      1.05943      
315.00000 31.40000  0.02887      31.43959      1.88084      
345.00000 31.40000  0.02887      31.40889      0.09490      
375.00000 31.40000  0.02887      31.37820      0.57052      
405.00000 31.40000  0.02887      31.34750      3.30769      
435.00000 31.30000  0.02887      31.31680      0.33874      
465.00000 31.30000  0.02887      31.28610      0.23171      
495.00000 31.30000  0.02887      31.25541      2.38624      
525.00000 31.20000  0.02887      31.22471      0.73269      
555.00000 31.20000  0.02887      31.19401      0.04302      
585.00000 31.10000  0.02887      31.16332      4.81064      
615.00000 31.10000  0.02887      31.13262      1.27676      
645.00000 31.10000  0.02887      31.10192      0.00443      
675.00000 31.10000  0.02887      31.07122      0.99366      
705.00000 31.00000  0.02887      31.04053      1.97092      

Gradi di liberta = 23
Chi-quadro = 230.1488731908397
p-value = 4.262891676328994e-36

Verifica ipotesi funzione costante_________________________
Gradi di Liberta' = 23
t = 35.28981752712167
p-value = 1.5579276019399013e-21

x         y         sy           y_media_p     Chi-quadro   
75.00000  31.30000  0.02887      31.39600      11.05920     
90.00000  31.70000  0.02887      31.39600      110.89920    
105.00000 31.70000  0.02887      31.39600      110.89920    
120.00000 31.70000  0.02887      31.39600      110.89920    
135.00000 31.70000  0.02887      31.39600      110.89920    
150.00000 31.70000  0.02887      31.39600      110.89920    
165.00000 31.60000  0.02887      31.39600      49.93920     
195.00000 31.60000  0.02887      31.39600      49.93920     
225.00000 31.60000  0.02887      31.39600      49.93920     
255.00000 31.50000  0.02887      31.39600      12.97920     
285.00000 31.50000  0.02887      31.39600      12.97920     
315.00000 31.40000  0.02887      31.39600      0.01920      
345.00000 31.40000  0.02887      31.39600      0.01920      
375.00000 31.40000  0.02887      31.39600      0.01920      
405.00000 31.40000  0.02887      31.39600      0.01920      
435.00000 31.30000  0.02887      31.39600      11.05920     
465.00000 31.30000  0.02887      31.39600      11.05920     
495.00000 31.30000  0.02887      31.39600      11.05920     
525.00000 31.20000  0.02887      31.39600      46.09920     
555.00000 31.20000  0.02887      31.39600      46.09920     
585.00000 31.10000  0.02887      31.39600      105.13920    
615.00000 31.10000  0.02887      31.39600      105.13920    
645.00000 31.10000  0.02887      31.39600      105.13920    
675.00000 31.10000  0.02887      31.39600      105.13920    
705.00000 31.00000  0.02887      31.39600      188.17920    

Gradi di liberta = 23
Chi-quadro = 1475.5199999999954
p-value = 4.3521367365777275e-298

Media pesata = 31.396000000000004 +/- 0.005773502691896258

