1.224	23.10	55.00
1.224	23.12	55.00
1.224	23.07	55.01
1.224	23.07	55.01
1.224	23.01	55.01
1.224	23.05	55.02
1.224	23.02	55.02
1.224	23.03	55.02
1.224	23.07	55.03
1.224	23.01	55.03
1.224	23.04	55.03
1.224	23.06	55.03
1.224	23.02	55.03
1.224	23.06	55.03
1.224	23.02	55.04
1.224	23.03	55.04
1.224	23.07	55.04
1.224	23.01	55.05
1.224	23.05	55.05
1.224	23.05	55.05
1.224	23.03	55.05
1.224	23.05	55.05
1.224	23.06	55.06
1.224	23.06	55.06
1.224	23.06	55.06
1.224	23.06	55.06
1.224	23.06	55.06
1.224	23.06	55.06
1.224	23.08	55.06
1.224	23.07	55.07
1.224	22.98	55.07
1.224	23.02	55.07
1.224	23.06	55.07
1.224	23.00	55.08
1.224	23.05	55.08
1.224	23.05	55.08
1.224	23.03	55.08
1.224	23.06	55.08
1.224	23.02	55.08
1.224	23.04	55.09
1.224	23.06	55.09
1.224	23.03	55.09
1.224	23.05	55.09
1.224	23.03	55.10
1.224	23.03	55.10
1.224	23.07	55.10
1.224	23.01	55.10
1.224	23.04	55.10
1.224	23.06	55.10
1.224	23.03	55.10
1.224	23.06	55.10
1.224	23.02	55.11
1.224	23.04	55.11
1.224	23.07	55.11
1.224	23.02	55.11
1.224	23.04	55.11
1.224	23.05	55.11
1.224	23.02	55.11
1.224	23.05	55.12
1.224	23.03	55.12
1.224	23.04	55.12
1.224	23.07	55.12
1.224	23.02	55.12
1.224	23.05	55.12
1.224	23.06	55.13
1.224	23.02	55.13
1.224	23.07	55.13
1.224	23.03	55.13
1.224	23.04	55.13
1.224	23.07	55.13
1.224	23.03	55.13
1.224	23.06	55.13
1.224	23.06	55.13
1.224	23.04	55.13
1.224	23.07	55.13
1.224	23.04	55.13
1.224	23.05	55.14
1.224	23.08	55.14
1.224	23.02	55.14
1.224	23.07	55.14
1.224	23.06	55.14
1.224	23.03	55.14
1.224	23.08	55.14
1.224	23.02	55.14
1.224	23.05	55.15
1.224	23.07	55.15
1.224	23.03	55.15
1.224	23.07	55.15
1.224	23.05	55.15
1.224	23.04	55.15
1.224	23.07	55.15
1.224	23.02	55.15
1.224	23.06	55.15
1.224	23.07	55.16
1.225	23.04	55.16
1.225	23.06	55.16
1.224	23.04	55.16
1.225	23.05	55.16
1.225	23.09	55.16
1.225	23.03	55.16
1.225	23.06	55.16
1.225	23.06	55.16
1.225	23.03	55.16
1.225	23.07	55.16
1.225	23.04	55.16
1.225	23.04	55.16
1.225	23.07	55.16
1.225	23.03	55.16
1.225	23.06	55.17
1.225	23.06	55.17
1.225	23.03	55.17
1.225	23.07	55.17
1.225	23.05	55.17
1.225	23.05	55.17
1.225	23.07	55.17
1.225	23.03	55.17
1.225	23.07	55.17
1.225	23.06	55.17
1.225	23.03	55.17
1.225	23.09	55.18
1.225	23.04	55.18
1.225	23.06	55.18
1.225	23.08	55.18
1.225	23.03	55.18
1.225	23.07	55.18
1.225	23.06	55.18
1.225	23.04	55.18
1.225	23.06	55.18
1.225	23.09	55.18
1.225	23.08	55.18
1.225	23.08	55.18
1.225	23.08	55.18
1.225	23.08	55.18
1.225	23.08	55.19
1.225	23.11	55.19
1.225	23.07	55.19
1.225	23.00	55.19
1.225	23.05	55.19
1.225	23.06	55.19
1.226	23.04	55.19
1.226	23.09	55.19
1.226	23.04	55.19
1.226	23.04	55.19
1.226	23.08	55.19
1.227	23.03	55.19
1.227	23.07	55.19
1.227	23.07	55.19
1.228	23.04	55.19
1.228	23.08	55.19
1.229	23.04	55.19
1.229	23.06	55.19
1.230	23.08	55.19
1.230	23.03	55.19
1.231	23.08	55.19
1.231	23.08	55.19
1.232	23.04	55.19
1.232	23.08	55.19
1.232	23.05	55.19
1.232	23.05	55.19
1.233	23.08	55.19
1.233	23.04	55.19
1.233	23.07	55.19
1.233	23.07	55.19
1.233	23.04	55.19
1.233	23.08	55.19
1.234	23.03	55.19
1.234	23.06	55.19
1.234	23.08	55.19
1.234	23.03	55.19
1.234	23.09	55.19
1.235	23.04	55.19
1.235	23.05	55.20
1.235	23.09	55.20
1.236	23.03	55.20
1.236	23.06	55.20
1.237	23.08	55.20
1.237	23.03	55.20
1.238	23.07	55.20
1.238	23.05	55.20
1.238	23.04	55.20
1.238	23.08	55.20
1.239	23.04	55.20
1.239	23.07	55.20
1.240	23.08	55.20
1.240	23.04	55.20
1.240	23.08	55.20
1.240	23.05	55.20
1.240	23.06	55.20
1.241	23.09	55.20
1.241	23.04	55.20
1.241	23.06	55.20
1.241	23.07	55.20
1.241	23.03	55.20
1.242	23.09	55.20
1.242	23.04	55.20
1.242	23.05	55.21
1.242	23.08	55.21
1.243	23.04	55.21
1.243	23.07	55.21
1.243	23.06	55.21
1.243	23.04	55.21
1.243	23.09	55.21
1.244	23.03	55.21
1.244	23.06	55.21
1.244	23.08	55.21
1.244	23.03	55.21
1.244	23.07	55.21
1.245	23.06	55.21
1.245	23.04	55.21
1.246	23.08	55.21
1.247	23.03	55.21
1.247	23.06	55.21
1.247	23.08	55.21
1.248	23.02	55.21
1.249	23.07	55.21
1.249	23.06	55.21
1.249	23.05	55.21
1.250	23.08	55.21
1.250	23.04	55.21
1.250	23.05	55.22
1.251	23.08	55.22
1.251	23.03	55.22
1.251	23.07	55.22
1.252	23.05	55.22
1.252	23.05	55.22
1.252	23.08	55.22
1.253	23.03	55.22
1.253	23.02	55.22
1.253	23.03	55.22
1.253	22.99	55.22
1.253	23.04	55.22
1.254	23.01	55.22
1.254	23.01	55.22
1.254	23.03	55.22
1.255	23.05	55.22
1.255	23.04	55.22
1.255	23.03	55.22
1.255	23.04	55.23
1.255	23.04	55.23
1.255	23.05	55.23
1.255	23.06	55.23
1.255	23.02	55.23
1.256	22.97	55.23
1.256	23.01	55.23
1.256	23.02	55.23
1.256	23.00	55.23
1.256	23.04	55.23
1.256	23.00	55.23
1.257	23.01	55.23
1.257	23.03	55.23
1.257	22.99	55.23
1.257	23.02	55.23
1.258	23.00	55.23
1.258	23.00	55.23
1.258	23.03	55.23
1.258	22.99	55.23
1.258	23.03	55.23
1.259	23.03	55.23
1.259	22.99	55.23
1.259	23.01	55.23
1.259	23.00	55.23
1.259	22.99	55.23
1.260	23.01	55.23
1.260	22.98	55.23
1.260	23.00	55.23
1.260	23.01	55.23
1.260	22.97	55.23
1.261	23.00	55.23
1.261	22.97	55.23
1.261	22.97	55.23
1.261	23.00	55.23
1.262	22.96	55.23
1.262	22.99	55.23
1.262	22.98	55.23
1.263	22.93	55.23
1.263	22.98	55.23
1.263	22.95	55.23
1.263	22.94	55.23
1.263	22.98	55.23
1.264	22.90	55.23
1.264	22.95	55.23
1.264	22.95	55.24
1.264	22.91	55.24
1.264	22.96	55.24
1.264	22.90	55.24
1.265	22.92	55.24
1.265	22.95	55.24
1.265	22.87	55.24
1.265	22.92	55.24
1.265	22.92	55.24
1.265	22.88	55.24
1.265	22.94	55.24
1.265	22.88	55.24
1.265	22.90	55.24
1.266	22.94	55.24
1.266	22.86	55.24
1.266	22.90	55.24
1.266	22.88	55.24
1.266	22.87	55.24
1.266	22.91	55.24
1.267	22.87	55.24
1.267	22.89	55.24
1.267	22.89	55.24
1.267	22.84	55.24
1.267	22.87	55.24
1.268	22.85	55.24
1.268	22.84	55.24
1.268	22.87	55.24
1.269	22.81	55.24
1.269	22.83	55.24
1.269	22.85	55.24
1.269	22.80	55.25
1.270	22.82	55.24
1.270	22.78	55.25
1.271	22.77	55.25
1.271	22.81	55.25
1.271	22.74	55.25
1.272	22.76	55.25
1.272	22.75	55.25
1.273	22.71	55.25
1.273	22.75	55.25
1.274	22.70	55.25
1.274	22.70	55.25
1.275	22.72	55.25
1.275	22.65	55.25
1.275	22.69	55.25
1.275	22.68	55.25
1.275	22.65	55.25
1.276	22.68	55.25
1.276	22.64	55.25
1.276	22.65	55.25
1.276	22.67	55.25
1.276	22.64	55.25
1.277	22.65	55.25
1.277	22.64	55.25
1.277	22.64	55.25
1.278	22.65	55.25
1.278	22.63	55.25
1.278	22.63	55.25
1.278	22.64	55.25
1.278	22.64	55.25
1.279	22.64	55.25
1.279	22.64	55.25
1.279	22.64	55.25
1.279	22.64	55.25
1.280	22.64	55.25
1.280	22.64	55.25
1.281	22.61	55.25
1.281	22.61	55.25
1.281	22.62	55.25
1.281	22.62	55.25
1.281	22.62	55.25
1.281	22.62	55.25
1.282	22.61	55.25
1.282	22.61	55.25
1.282	22.62	55.25
1.282	22.61	55.25
1.282	22.61	55.25
1.282	22.61	55.25
1.283	22.61	55.25
1.283	22.62	55.25
1.283	22.60	55.25
1.283	22.61	55.25
1.284	22.61	55.25
1.284	22.60	55.25
1.284	22.61	55.25
1.284	22.59	55.25
1.285	22.60	55.25
1.285	22.61	55.25
1.285	22.59	55.25
1.286	22.59	55.25
1.286	22.59	55.25
1.286	22.58	55.25
1.286	22.60	55.25
1.286	22.58	55.24
1.287	22.58	55.25
1.287	22.59	55.24
1.287	22.57	55.24
1.287	22.59	55.24
1.288	22.58	55.24
1.288	22.58	55.24
1.288	22.58	55.24
1.288	22.57	55.24
1.289	22.57	55.24
1.289	22.58	55.24
1.289	22.57	55.24
1.290	22.57	55.24
1.290	22.57	55.24
1.290	22.57	55.24
1.290	22.58	55.24
1.290	22.56	55.24
1.291	22.57	55.24
1.291	22.57	55.24
1.291	22.56	55.24
1.291	22.57	55.24
1.292	22.56	55.24
1.292	22.56	55.24
1.292	22.57	55.24
1.292	22.55	55.24
1.293	22.56	55.24
1.293	22.56	55.24
1.293	22.55	55.24
1.293	22.56	55.24
1.294	22.54	55.24
1.294	22.54	55.24
1.294	22.55	55.24
1.294	22.53	55.24
1.295	22.54	55.23
1.295	22.54	55.23
1.295	22.53	55.23
1.296	22.54	55.23
1.297	22.53	55.23
1.297	22.53	55.23
1.298	22.53	55.23
1.298	22.52	55.23
1.299	22.52	55.23
1.299	22.52	55.23
1.299	22.51	55.23
1.300	22.52	55.23
1.300	22.51	55.23
1.300	22.51	55.23
1.300	22.51	55.23
1.300	22.50	55.23
1.301	22.51	55.23
1.301	22.51	55.23
1.301	22.50	55.23
1.301	22.51	55.23
1.301	22.50	55.23
1.301	22.50	55.23
1.301	22.51	55.23
1.302	22.49	55.23
1.302	22.50	55.23
1.302	22.49	55.23
1.302	22.49	55.23
1.302	22.50	55.23
1.303	22.49	55.23
1.303	22.49	55.23
1.303	22.50	55.23
1.304	22.48	55.22
1.304	22.49	55.22
1.304	22.48	55.22
1.305	22.48	55.22
1.306	22.49	55.22
1.306	22.46	55.22
1.307	22.47	55.22
1.307	22.47	55.22
1.307	22.47	55.22
1.307	22.47	55.22
1.308	22.46	55.22
1.308	22.47	55.22
1.308	22.46	55.22
1.308	22.45	55.21
1.309	22.45	55.21
1.309	22.41	55.21
1.309	22.41	55.21
1.309	22.43	55.21
1.309	22.41	55.21
1.310	22.41	55.21
1.310	22.42	55.21
1.310	22.40	55.21
1.310	22.41	55.21
1.310	22.41	55.21
1.310	22.40	55.21
1.311	22.40	55.21
1.312	22.39	55.21
1.312	22.37	55.21
1.312	22.35	55.20
1.313	22.32	55.21
1.313	22.32	55.20
1.314	22.31	55.20
1.314	22.29	55.20
1.314	22.29	55.20
1.315	22.26	55.20
1.315	22.26	55.20
1.315	22.27	55.20
1.316	22.24	55.20
1.316	22.25	55.20
1.316	22.24	55.20
1.316	22.23	55.20
1.317	22.23	55.20
1.317	22.20	55.20
1.317	22.20	55.19
1.317	22.20	55.19
1.318	22.17	55.19
1.318	22.17	55.19
1.318	22.17	55.19
1.318	22.16	55.19
1.318	22.17	55.19
1.319	22.15	55.19
1.319	22.16	55.19
1.319	22.16	55.19
1.319	22.15	55.19
1.319	22.16	55.19
1.319	22.15	55.19
1.319	22.15	55.19
1.319	22.15	55.19
1.319	22.14	55.19
1.320	22.14	55.19
1.320	22.15	55.19
1.320	22.14	55.19
1.320	22.14	55.19
1.320	22.14	55.19
1.320	22.14	55.18
1.320	22.14	55.18
1.320	22.13	55.18
1.320	22.13	55.18
1.320	22.13	55.18
1.321	22.11	55.18
1.321	22.11	55.18
1.322	22.10	55.18
1.322	22.09	55.17
1.323	22.08	55.17
1.324	22.06	55.17
1.325	22.06	55.17
1.325	22.04	55.17
1.325	22.03	55.17
1.326	22.02	55.17
1.326	22.01	55.17
1.326	22.01	55.17
1.327	22.01	55.16
1.327	21.99	55.16
1.327	21.99	55.16
1.327	21.98	55.16
1.328	21.97	55.16
1.328	21.97	55.16
1.329	21.95	55.16
1.329	21.95	55.16
1.329	21.95	55.16
1.329	21.94	55.16
1.329	21.94	55.16
1.330	21.93	55.16
1.330	21.92	55.16
1.331	21.92	55.15
1.331	21.91	55.15
1.331	21.91	55.15
1.331	21.91	55.15
1.332	21.90	55.15
1.332	21.90	55.15
1.332	21.89	55.15
1.332	21.89	55.15
1.332	21.89	55.15
1.333	21.87	55.15
1.333	21.86	55.15
1.334	21.85	55.15
1.334	21.83	55.14
1.335	21.83	55.14
1.335	21.82	55.14
1.336	21.82	55.14
1.336	21.82	55.14
1.336	21.80	55.14
1.337	21.80	55.14
1.337	21.80	55.14
1.337	21.80	55.14
1.337	21.80	55.14
1.338	21.79	55.14
1.338	21.78	55.14
1.339	21.78	55.14
1.339	21.77	55.14
1.340	21.76	55.14
1.340	21.73	55.13
1.341	21.74	55.13
1.341	21.74	55.13
1.341	21.72	55.13
1.342	21.73	55.13
1.342	21.73	55.13
1.343	21.71	55.13
1.343	21.71	55.13
1.343	21.71	55.13
1.343	21.70	55.13
1.344	21.70	55.13
1.344	21.69	55.13
1.344	21.69	55.13
1.344	21.69	55.13
1.345	21.68	55.13
1.345	21.68	55.13
1.345	21.67	55.13
1.345	21.67	55.13
1.345	21.67	55.13
1.346	21.65	55.13
1.346	21.65	55.13
1.346	21.65	55.13
1.346	21.63	55.13
1.347	21.64	55.13
1.347	21.63	55.13
1.347	21.63	55.13
1.347	21.63	55.13
1.347	21.61	55.13
1.348	21.61	55.13
1.349	21.61	55.13
1.349	21.60	55.13
1.349	21.60	55.13
1.349	21.59	55.13
1.349	21.58	55.13
1.349	21.58	55.13
1.350	21.55	55.13
1.351	21.55	55.13
1.351	21.54	55.13
1.352	21.53	55.13
1.352	21.53	55.13
1.353	21.52	55.13
1.353	21.51	55.13
1.353	21.51	55.13
1.354	21.49	55.13
1.354	21.49	55.13
1.355	21.48	55.13
1.355	21.47	55.13
1.355	21.47	55.13
1.356	21.45	55.13
1.356	21.44	55.13
1.357	21.44	55.13
1.357	21.42	55.13
1.357	21.42	55.13
1.357	21.42	55.13
1.358	21.41	55.13
1.358	21.41	55.13
1.358	21.40	55.12
1.359	21.40	55.13
1.359	21.39	55.12
1.359	21.38	55.12
1.359	21.38	55.12
1.359	21.38	55.13
1.360	21.37	55.12
1.360	21.38	55.13
1.360	21.36	55.12
1.361	21.36	55.12
1.361	21.35	55.12
1.362	21.32	55.12
1.363	21.31	55.12
1.363	21.30	55.12
1.364	21.29	55.12
1.364	21.30	55.12
1.365	21.28	55.12
1.365	21.29	55.13
1.365	21.28	55.13
1.366	21.26	55.13
1.367	21.26	55.12
1.367	21.24	55.13
1.368	21.24	55.13
1.368	21.25	55.13
1.369	21.23	55.13
1.369	21.23	55.13
1.370	21.22	55.13
1.370	21.20	55.13
1.371	21.21	55.13
1.371	21.20	55.13
1.372	21.19	55.13
1.372	21.19	55.13
1.373	21.16	55.13
1.374	21.16	55.13
1.374	21.15	55.13
1.375	21.13	55.13
1.375	21.14	55.13
1.375	21.13	55.13
1.376	21.12	55.13
1.376	21.12	55.13
1.376	21.10	55.13
1.377	21.10	55.13
1.377	21.10	55.13
1.378	21.09	55.13
1.379	21.08	55.13
1.379	21.06	55.13
1.380	21.06	55.13
1.380	21.06	55.13
1.380	21.05	55.13
1.380	21.05	55.13
1.380	21.01	55.13
1.381	21.00	55.13
1.381	21.02	55.13
1.381	21.00	55.13
1.381	21.00	55.13
1.382	21.00	55.13
1.382	20.98	55.13
1.383	20.98	55.13
1.383	20.97	55.13
1.383	20.96	55.13
1.384	20.96	55.13
1.384	20.94	55.13
1.385	20.94	55.13
1.385	20.94	55.13
1.386	20.91	55.13
1.386	20.91	55.13
1.387	20.89	55.13
1.387	20.89	55.13
1.387	20.89	55.13
1.388	20.87	55.13
1.389	20.86	55.13
1.390	20.85	55.13
1.391	20.82	55.13
1.392	20.82	55.14
1.393	20.80	55.14
1.393	20.78	55.14
1.394	20.79	55.14
1.394	20.76	55.14
1.395	20.76	55.14
1.395	20.76	55.14
1.396	20.74	55.14
1.396	20.75	55.14
1.397	20.74	55.14
1.398	20.73	55.14
1.398	20.73	55.14
1.399	20.71	55.14
1.399	20.71	55.14
1.400	20.71	55.14
1.400	20.69	55.14
1.400	20.70	55.14
1.400	20.69	55.14
1.401	20.68	55.14
1.401	20.69	55.14
1.401	20.67	55.14
1.401	20.67	55.14
1.402	20.67	55.14
1.402	20.66	55.14
1.402	20.66	55.14
1.402	20.65	55.14
1.402	20.65	55.14
1.402	20.66	55.14
1.403	20.64	55.14
1.403	20.65	55.14
1.403	20.64	55.15
1.404	20.62	55.15
1.404	20.63	55.15
1.405	20.61	55.15
1.405	20.60	55.15
1.406	20.61	55.15
1.406	20.58	55.15
1.406	20.59	55.15
1.407	20.58	55.15
1.408	20.56	55.15
1.408	20.56	55.15
1.409	20.53	55.15
1.410	20.52	55.15
1.410	20.54	55.15
1.411	20.50	55.15
1.412	20.50	55.15
1.412	20.49	55.15
1.413	20.47	55.15
1.413	20.47	55.15
1.414	20.45	55.15
1.414	20.44	55.15
1.415	20.44	55.15
1.416	20.41	55.15
1.416	20.42	55.15
1.416	20.41	55.15
1.417	20.40	55.15
1.417	20.40	55.15
1.418	20.38	55.15
1.418	20.38	55.15
1.419	20.38	55.15
1.421	20.33	55.15
1.424	20.30	55.15
1.425	20.28	55.15
1.425	20.27	55.15
1.426	20.27	55.15
1.427	20.24	55.15
1.428	20.25	55.15
1.428	20.25	55.15
1.429	20.22	55.15
1.430	20.22	55.15
1.431	20.21	55.15
1.432	20.19	55.15
1.434	20.18	55.15
1.436	20.13	55.15
1.438	20.10	55.15
1.439	20.09	55.15
1.440	20.08	55.15
1.441	20.07	55.15
1.441	20.06	55.15
1.442	20.04	55.15
1.443	20.02	55.15
1.445	20.00	55.15
1.446	19.98	55.14
1.446	19.94	55.14
1.446	19.92	55.14
1.446	19.94	55.14
1.447	19.93	55.14
1.447	19.93	55.14
1.447	19.93	55.14
1.448	19.91	55.14
1.449	19.91	55.14
1.449	19.91	55.14
1.449	19.88	55.14
1.450	19.88	55.14
1.451	19.85	55.14
1.452	19.84	55.14
1.453	19.83	55.14
1.455	19.80	55.14
1.456	19.80	55.14
1.457	19.78	55.14
1.458	19.76	55.14
1.459	19.76	55.14
1.460	19.74	55.14
1.461	19.72	55.14
1.462	19.73	55.13
1.463	19.69	55.13
1.464	19.69	55.13
1.466	19.68	55.13
1.466	19.66	55.13
1.466	19.67	55.13
1.467	19.64	55.13
1.467	19.64	55.13
1.468	19.64	55.13
1.468	19.61	55.13
1.469	19.61	55.13
1.470	19.60	55.13
1.471	19.58	55.13
1.471	19.58	55.13
1.471	19.57	55.13
1.471	19.57	55.13
1.472	19.57	55.13
1.473	19.55	55.13
1.473	19.55	55.13
1.474	19.53	55.13
1.474	19.52	55.13
1.475	19.53	55.13
1.475	19.50	55.13
1.476	19.50	55.13
1.477	19.49	55.13
1.478	19.46	55.13
1.478	19.46	55.13
1.479	19.45	55.13
1.480	19.44	55.13
1.480	19.44	55.13
1.481	19.41	55.13
1.482	19.40	55.13
1.482	19.40	55.13
1.483	19.37	55.13
1.484	19.38	55.13
1.485	19.35	55.13
1.487	19.32	55.13
1.488	19.31	55.13
1.491	19.26	55.13
1.493	19.25	55.13
1.495	19.24	55.13
1.497	19.20	55.13
1.498	19.20	55.13
1.498	19.19	55.13
1.498	19.19	55.13
1.499	19.19	55.13
1.500	19.16	55.13
1.501	19.14	55.13
1.503	19.13	55.13
1.504	19.10	55.12
1.504	19.10	55.12
1.505	19.08	55.12
1.505	19.08	55.12
1.505	19.09	55.12
1.506	19.05	55.12
1.507	19.06	55.12
1.507	19.06	55.12
1.508	19.04	55.12
1.508	19.04	55.12
1.509	19.03	55.12
1.509	19.01	55.12
1.509	19.02	55.12
1.509	19.00	55.12
1.509	19.01	55.12
1.509	19.01	55.12
1.510	18.98	55.12
1.510	18.99	55.12
1.511	18.97	55.12
1.511	18.97	55.12
1.511	18.98	55.12
1.512	18.95	55.12
1.512	18.95	55.12
1.512	18.96	55.12
1.513	18.94	55.12
1.514	18.94	55.12
1.514	18.92	55.12
1.515	18.91	55.12
1.516	18.92	55.12
1.517	18.91	55.12
1.518	18.90	55.12
1.518	18.89	55.12
1.519	18.87	55.12
1.520	18.87	55.12
1.521	18.86	55.12
1.522	18.85	55.12
1.522	18.81	55.11
1.523	18.77	55.11
1.524	18.79	55.11
1.525	18.78	55.11
1.526	18.76	55.12
1.527	18.77	55.12
1.528	18.74	55.12
1.529	18.73	55.12
1.531	18.73	55.11
1.534	18.68	55.12
1.537	18.66	55.11
1.538	18.64	55.11
1.539	18.61	55.12
1.539	18.63	55.12
1.540	18.59	55.11
1.542	18.57	55.11
1.544	18.56	55.12
1.545	18.52	55.12
1.546	18.52	55.11
1.547	18.50	55.11
1.548	18.47	55.12
1.550	18.45	55.12
1.551	18.41	55.11
1.553	18.40	55.12
1.554	18.40	55.12
1.555	18.36	55.12
1.556	18.36	55.12
1.556	18.35	55.12
1.557	18.34	55.12
1.558	18.34	55.12
1.560	18.30	55.12
1.561	18.30	55.12
1.562	18.30	55.12
1.564	18.27	55.12
1.565	18.27	55.12
1.566	18.25	55.12
1.567	18.24	55.12
1.568	18.24	55.12
1.569	18.21	55.12
1.570	18.22	55.12
1.571	18.21	55.12
1.571	18.19	55.12
1.572	18.19	55.12
1.573	18.18	55.12
1.575	18.15	55.12
1.576	18.14	55.12
1.577	18.11	55.12
1.578	18.12	55.12
1.579	18.11	55.12
1.579	18.08	55.12
1.580	18.09	55.12
1.580	18.08	55.12
1.580	18.07	55.12
1.581	18.08	55.12
1.581	18.05	55.12
1.581	18.06	55.12
1.581	18.06	55.12
1.582	18.04	55.12
1.582	18.05	55.12
1.582	18.03	55.12
1.583	18.02	55.12
1.584	18.03	55.12
1.584	17.99	55.12
1.585	18.00	55.12
1.586	18.00	55.12
1.586	17.98	55.12
1.586	17.99	55.12
1.587	17.97	55.12
1.588	17.96	55.12
1.589	17.97	55.12
1.589	17.94	55.12
1.590	17.94	55.12
1.591	17.93	55.12
1.592	17.89	55.12
1.593	17.90	55.12
1.593	17.88	55.12
1.594	17.87	55.12
1.595	17.87	55.12
1.596	17.84	55.12
1.598	17.85	55.12
1.598	17.84	55.11
1.599	17.82	55.11
1.600	17.83	55.11
1.600	17.81	55.11
1.601	17.81	55.11
1.601	17.82	55.11
1.602	17.79	55.11
1.603	17.79	55.11
1.604	17.78	55.11
1.605	17.76	55.11
1.607	17.76	55.11
1.609	17.73	55.11
1.611	17.71	55.11
1.614	17.69	55.11
1.617	17.63	55.11
1.619	17.62	55.11
1.621	17.59	55.11
1.623	17.55	55.11
1.625	17.54	55.11
1.627	17.52	55.11
1.629	17.50	55.11
1.631	17.47	55.11
1.632	17.44	55.11
1.633	17.44	55.10
1.633	17.44	55.10
1.634	17.43	55.10
1.635	17.40	55.10
1.636	17.34	55.10
1.638	17.35	55.10
1.640	17.36	55.10
1.642	17.32	55.10
1.644	17.32	55.10
1.646	17.30	55.10
1.648	17.28	55.10
1.650	17.27	55.10
1.651	17.24	55.10
1.652	17.24	55.10
1.653	17.24	55.10
1.654	17.20	55.10
1.656	17.20	55.10
1.658	17.17	55.10
1.659	17.16	55.09
1.661	17.15	55.09
1.662	17.12	55.09
1.663	17.12	55.09
1.663	17.12	55.09
1.663	17.09	55.09
1.664	17.10	55.09
1.665	17.08	55.09
1.665	17.08	55.09
1.665	17.09	55.09
1.666	17.06	55.08
1.666	17.06	55.08
1.667	17.06	55.08
1.667	17.04	55.08
1.667	17.05	55.08
1.668	17.04	55.08
1.668	17.02	55.08
1.669	17.02	55.08
1.670	16.99	55.08
1.671	17.00	55.08
1.671	17.01	55.08
1.671	16.99	55.07
1.671	17.00	55.07
1.672	16.97	55.07
1.672	16.96	55.07
1.673	16.97	55.07
1.673	16.95	55.07
1.673	16.96	55.07
1.673	16.97	55.07
1.674	16.94	55.07
1.675	16.95	55.07
1.677	16.92	55.07
1.678	16.91	55.07
1.679	16.91	55.07
1.680	16.88	55.06
1.681	16.89	55.06
1.682	16.89	55.06
1.684	16.86	55.06
1.684	16.87	55.06
1.685	16.85	55.06
1.686	16.85	55.06
1.687	16.85	55.06
1.688	16.82	55.06
1.689	16.82	55.06
1.689	16.82	55.06
1.690	16.80	55.06
1.690	16.80	55.06
1.692	16.78	55.06
1.692	16.78	55.06
1.693	16.78	55.06
1.694	16.75	55.06
1.695	16.75	55.06
1.697	16.74	55.06
1.698	16.71	55.06
1.699	16.71	55.06
1.700	16.69	55.06
1.700	16.70	55.06
1.700	16.71	55.06
1.701	16.67	55.06
1.702	16.67	55.06
1.703	16.67	55.06
1.705	16.65	55.06
1.706	16.63	55.06
1.707	16.61	55.06
1.708	16.60	55.06
1.709	16.60	55.06
1.710	16.58	55.06
1.710	16.58	55.06
1.711	16.57	55.06
1.712	16.55	55.06
1.713	16.55	55.06
1.713	16.53	55.06
1.714	16.53	55.06
1.715	16.53	55.06
1.716	16.50	55.06
1.717	16.50	55.06
1.718	16.50	55.06
1.718	16.48	55.06
1.719	16.49	55.06
1.719	16.47	55.05
1.719	16.47	55.05
1.720	16.48	55.05
1.721	16.46	55.05
1.722	16.46	55.05
1.722	16.47	55.05
1.723	16.46	55.05
1.724	16.46	55.05
1.724	16.45	55.05
1.724	16.45	55.05
1.725	16.45	55.05
1.726	16.44	55.05
1.726	16.43	55.05
1.727	16.39	55.05
1.728	16.39	55.05
1.728	16.41	55.05
1.729	16.39	55.05
1.730	16.39	55.05
1.731	16.39	55.05
1.731	16.37	55.05
1.732	16.38	55.05
1.732	16.37	55.05
1.733	16.36	55.05
1.734	16.36	55.05
1.734	16.34	55.05
1.734	16.35	55.05
1.735	16.35	55.05
1.735	16.33	55.05
1.736	16.34	55.04
1.736	16.32	55.05
1.737	16.32	55.04
1.737	16.32	55.05
1.738	16.30	55.05
1.738	16.30	55.04
1.739	16.31	55.04
1.740	16.28	55.04
1.741	16.28	55.04
1.742	16.27	55.04
1.743	16.26	55.04
1.744	16.26	55.04
1.745	16.23	55.04
1.746	16.23	55.04
1.747	16.23	55.04
1.748	16.20	55.04
1.749	16.20	55.04
1.750	16.19	55.04
1.751	16.18	55.04
1.751	16.18	55.04
1.752	16.16	55.04
1.753	16.16	55.04
1.754	16.16	55.04
1.754	16.14	55.04
1.754	16.15	55.04
1.755	16.14	55.04
1.756	16.12	55.04
1.756	16.13	55.04
1.757	16.10	55.04
1.758	16.10	55.04
1.758	16.10	55.04
1.759	16.08	55.04
1.760	16.09	55.04
1.760	16.07	55.04
1.761	16.07	55.04
1.762	16.07	55.04
1.762	16.05	55.03
1.763	16.05	55.04
1.764	16.04	55.03
1.764	16.03	55.03
1.765	16.03	55.03
1.766	16.02	55.03
1.766	16.01	55.03
1.767	16.01	55.03
1.768	15.99	55.03
1.770	15.99	55.03
1.771	15.98	55.03
1.772	15.96	55.03
1.774	15.96	55.03
1.775	15.94	55.03
1.777	15.93	55.03
1.779	15.93	55.03
1.780	15.90	55.03
1.781	15.90	55.03
1.782	15.89	55.03
1.783	15.87	55.03
1.783	15.87	55.03
1.784	15.85	55.03
1.786	15.83	55.03
1.788	15.83	55.03
1.790	15.78	55.03
1.792	15.78	55.03
1.794	15.76	55.03
1.795	15.74	55.03
1.796	15.74	55.03
1.797	15.72	55.03
1.798	15.71	55.03
1.799	15.71	55.03
1.800	15.68	55.03
1.801	15.67	55.03
1.802	15.66	55.03
1.804	15.64	55.03
1.805	15.63	55.03
1.806	15.60	55.03
1.807	15.59	55.03
1.808	15.59	55.03
1.809	15.56	55.03
1.810	15.55	55.03
1.811	15.49	55.03
1.812	15.43	55.03
1.813	15.45	55.03
1.814	15.39	55.03
1.816	15.37	55.03
1.818	15.36	55.03
1.820	15.33	55.03
1.823	15.31	55.03
1.825	15.28	55.02
1.827	15.26	55.03
1.827	15.25	55.02
1.829	15.23	55.02
1.830	15.20	55.02
1.831	15.14	55.02
1.831	15.09	55.02
1.832	15.14	55.02
1.833	15.14	55.02
1.833	15.11	55.02
1.834	15.13	55.02
1.834	15.10	55.02
1.835	15.11	55.02
1.835	15.12	55.02
1.835	15.06	55.02
1.836	15.09	55.02
1.838	15.01	55.02
1.842	14.94	55.02
1.845	14.95	55.02
1.846	14.86	55.02
1.847	14.86	55.02
1.849	14.85	55.02
1.850	14.76	55.02
1.851	14.78	55.02
1.851	14.75	55.02
1.852	14.72	55.02
1.853	14.73	55.01
1.854	14.68	55.02
1.855	14.67	55.02
1.856	14.70	55.01
1.857	14.61	55.01
1.858	14.64	55.01
1.858	14.64	55.01
1.859	14.61	55.01
1.859	14.65	55.01
1.859	14.59	55.01
1.859	14.62	55.01
1.859	14.64	55.01
1.860	14.52	55.01
1.862	14.58	55.01
1.864	14.51	55.01
1.865	14.48	55.01
1.867	14.54	55.01
1.868	14.42	55.01
1.869	14.44	55.01
1.871	14.48	55.01
1.873	14.36	55.01
1.875	14.43	55.01
1.876	14.37	55.01
1.877	14.35	55.01
1.878	14.38	55.01
1.879	14.32	55.01
1.881	14.31	55.01
1.882	14.34	55.01
1.883	14.25	55.01
1.885	14.28	55.01
1.886	14.25	55.01
1.888	14.20	55.01
1.890	14.24	55.01
1.890	14.15	55.01
1.891	14.20	55.01
1.891	14.22	55.01
1.893	14.12	55.01
1.896	14.12	55.01
1.897	14.10	55.01
1.898	14.07	55.01
1.900	14.11	55.01
1.903	14.00	55.01
1.907	13.98	55.01
1.911	13.97	55.01
1.913	13.89	55.01
1.915	13.91	55.01
1.917	13.88	55.01
1.918	13.85	55.01
1.918	13.90	55.01
1.920	13.82	55.01
1.922	13.83	55.01
1.923	13.85	55.01
1.923	13.78	55.01
1.923	13.85	55.01
1.924	13.79	55.01
1.924	13.81	55.01
1.924	13.84	55.01
1.925	13.75	55.01
1.926	13.80	55.01
1.928	13.81	55.01
1.929	13.75	55.01
1.931	13.78	55.01
1.932	13.75	55.01
1.935	13.74	55.01
1.937	13.75	55.01
1.938	13.70	55.01
1.939	13.71	55.01
1.940	13.74	55.01
1.940	13.67	55.01
1.941	13.71	55.01
1.941	13.66	55.01
1.942	13.68	55.01
1.944	13.69	55.01
1.947	13.61	55.01
1.950	13.63	55.01
1.953	13.62	55.01
1.955	13.57	55.01
1.957	13.62	55.01
1.957	13.65	55.01
1.958	13.64	55.01
1.958	13.64	55.01
1.959	13.64	55.01
1.961	13.63	55.01
1.963	13.61	55.01
1.964	13.59	55.01
1.966	13.55	55.01
1.968	13.35	55.01
1.969	13.43	55.01
1.970	13.49	55.01
1.971	13.41	55.01
1.972	13.47	55.01
1.972	13.47	55.01
1.974	13.41	55.01
1.977	13.42	55.01
1.978	13.37	55.01
1.980	13.37	55.01
1.982	13.41	55.01
1.983	13.34	55.01
1.985	13.36	55.01
1.987	13.38	55.01
1.988	13.32	55.01
1.989	13.36	55.01
1.990	13.31	55.01
1.993	13.31	55.01
1.995	13.34	55.01
1.996	13.25	55.01
1.997	13.28	55.01
1.999	13.29	55.01
2.000	13.24	55.01
2.001	13.29	55.01
2.002	13.24	55.01
2.003	13.24	55.01
2.004	13.27	55.01
2.006	13.19	55.01
2.008	13.22	55.00
2.010	13.22	55.00
2.012	13.16	55.01
2.015	13.20	55.00
2.018	13.12	55.00
2.020	13.12	55.00
2.022	13.17	55.00
2.024	13.05	55.00
2.027	13.09	55.00
2.028	13.08	55.00
2.030	13.03	55.00
2.031	13.06	55.00
2.032	13.01	55.00
2.034	13.01	55.00
2.035	13.04	55.00
2.035	12.97	55.00
2.036	13.00	55.00
2.036	13.00	55.00
2.039	12.94	55.00
2.041	12.99	55.00
2.043	12.92	55.00
2.044	12.94	55.00
2.046	12.97	55.00
2.047	12.87	55.00
2.049	12.91	55.00
2.051	12.89	55.00
2.052	12.87	55.00
2.054	12.91	55.00
2.055	12.84	55.00
2.056	12.85	55.00
2.056	12.89	55.00
2.057	12.82	55.00
2.058	12.85	55.00
2.059	12.83	55.00
2.059	12.82	55.00
2.060	12.85	55.00
2.062	12.79	55.00
2.063	12.82	55.00
2.063	12.84	55.00
2.064	12.76	55.00
2.064	12.80	55.00
2.066	12.77	55.00
2.068	12.76	55.00
2.070	12.79	55.00
2.072	12.72	55.00
2.074	12.73	55.00
2.076	12.74	54.99
2.078	12.67	54.99
2.079	12.71	54.99
2.081	12.68	54.99
2.083	12.66	54.99
2.085	12.68	54.99
2.087	12.60	54.99
2.089	12.64	54.99
2.090	12.65	54.99
2.090	12.60	54.99
2.090	12.64	54.99
2.091	12.62	54.99
2.093	12.58	54.99
2.095	12.60	54.99
2.099	12.53	54.99
2.101	12.54	54.99
2.103	12.57	54.99
2.106	12.49	54.99
2.107	12.50	54.99
2.109	12.48	54.99
2.110	12.48	54.99
2.111	12.50	54.99
2.111	12.44	54.99
2.112	12.48	54.99
2.113	12.51	54.99
2.114	12.52	54.99
2.114	12.52	54.99
2.115	12.51	54.98
2.116	12.51	54.99
2.118	12.53	54.98
2.119	12.50	54.98
2.120	12.46	54.98
2.121	12.36	54.98
2.121	12.33	54.98
2.123	12.41	54.98
2.124	12.41	54.98
2.125	12.40	54.98
2.126	12.44	54.98
2.127	12.37	54.98
2.128	12.40	54.98
2.130	12.41	54.98
2.132	12.34	54.98
2.132	12.49	54.98
2.133	12.50	54.98
2.134	12.42	54.98
2.136	12.43	54.98
2.138	12.36	54.98
2.139	12.40	54.98
2.141	12.39	54.98
2.143	12.34	54.98
2.145	12.36	54.98
2.147	12.31	54.98
2.149	12.31	54.98
2.151	12.33	54.98
2.154	12.25	54.98
2.156	12.27	54.98
2.158	12.27	54.98
2.160	12.20	54.98
2.164	12.22	54.98
2.167	12.17	54.98
2.170	12.17	54.98
2.172	12.17	54.98
2.174	12.13	54.98
2.177	12.29	54.98
2.179	12.28	54.98
2.180	12.17	54.98
2.182	12.18	54.98
2.183	12.13	54.98
2.184	12.13	54.98
2.185	12.15	54.98
2.186	12.12	54.98
2.188	12.10	54.98
2.190	12.12	54.98
2.193	12.08	54.97
2.194	12.12	54.97
2.196	12.07	54.98
2.197	12.07	54.97
2.199	12.10	54.98
2.200	12.03	54.97
2.201	12.07	54.97
2.202	12.06	54.97
2.204	12.00	54.97
2.205	12.03	54.97
2.205	11.98	54.97
2.207	11.98	54.97
2.208	12.00	54.97
2.211	11.92	54.97
2.214	11.92	54.97
2.217	11.93	54.97
2.219	11.88	54.97
2.222	11.87	54.97
2.224	11.82	54.97
2.226	11.83	54.97
2.229	11.85	54.97
2.230	11.77	54.97
2.231	11.81	54.97
2.234	11.81	54.97
2.237	11.72	54.97
2.241	11.75	54.97
2.245	11.69	54.97
2.248	11.69	54.97
2.249	11.68	54.97
2.251	11.61	54.97
2.253	11.63	54.97
2.255	11.64	54.97
2.257	11.61	54.97
2.258	11.63	54.97
2.260	11.57	54.97
2.261	11.60	54.97
2.263	11.61	54.97
2.265	11.54	54.97
2.265	11.57	54.97
2.267	11.57	54.97
2.269	11.49	54.97
2.271	11.45	54.97
2.274	11.41	54.97
2.277	11.43	54.96
2.281	11.44	54.96
2.283	11.34	54.96
2.284	11.41	54.96
2.285	11.39	54.96
2.287	11.34	54.96
2.288	11.48	54.96
2.289	11.47	54.96
2.290	11.47	54.96
2.291	11.51	54.96
2.291	11.43	54.96
2.292	11.45	54.96
2.294	11.43	54.96
2.296	11.39	54.96
2.298	11.43	54.96
2.300	11.44	54.96
2.301	11.44	54.96
2.303	11.43	54.96
2.305	11.41	54.96
2.306	11.42	54.96
2.308	11.40	54.95
2.309	11.38	54.95
2.311	11.30	54.95
2.313	11.16	54.95
2.314	11.24	54.95
2.316	11.28	54.95
2.316	11.24	54.95
2.316	11.27	54.95
2.316	11.25	54.95
2.316	11.25	54.95
2.316	11.23	54.95
2.316	11.17	54.95
2.317	11.45	54.95
2.320	11.49	54.95
2.325	11.42	54.95
2.329	11.40	54.95
2.332	11.38	54.95
2.333	11.37	54.95
2.334	11.39	54.95
2.335	11.33	54.95
2.336	11.35	54.95
2.338	11.36	54.95
2.340	11.31	54.95
2.342	11.34	54.95
2.344	11.29	54.95
2.346	11.29	54.95
2.348	11.29	54.95
2.350	11.24	54.95
2.352	11.24	54.95
2.354	11.23	54.94
2.357	11.18	54.95
2.360	11.18	54.94
2.363	11.14	54.94
2.364	11.14	54.94
2.366	11.17	54.94
2.368	11.12	54.94
2.371	11.12	54.94
2.373	11.14	54.94
2.376	11.06	54.94
2.378	11.09	54.94
2.379	11.05	54.94
2.381	11.04	54.94
2.383	11.05	54.94
2.385	10.99	54.94
2.387	10.99	54.94
2.391	11.01	54.94
2.394	10.92	54.94
2.396	10.96	54.94
2.396	10.92	54.94
2.397	10.91	54.94
2.397	10.93	54.94
2.399	10.84	54.94
2.400	10.87	54.94
2.402	10.89	54.94
2.406	10.83	54.94
2.407	10.85	54.94
2.408	10.83	54.94
2.409	10.80	54.94
2.410	10.86	54.94
2.411	10.79	54.94
2.413	10.80	54.94
2.415	10.80	54.94
2.418	10.76	54.94
2.420	10.77	54.94
2.422	10.74	54.94
2.424	10.73	54.94
2.426	10.77	54.94
2.429	10.69	54.94
2.431	10.72	54.94
2.433	10.71	54.94
2.435	10.68	54.94
2.436	10.71	54.94
2.439	10.67	54.94
2.441	10.68	54.94
2.444	10.70	54.94
2.447	10.62	54.93
2.449	10.65	54.93
2.452	10.65	54.93
2.455	10.59	54.93
2.456	10.62	54.93
2.457	10.58	54.93
2.458	10.57	54.93
2.460	10.55	54.93
2.463	10.48	54.93
2.466	10.49	54.93
2.470	10.48	54.93
2.474	10.43	54.93
2.478	10.44	54.93
2.482	10.38	54.93
2.485	10.38	54.93
2.488	10.40	54.93
2.491	10.36	54.93
2.495	10.36	54.92
2.498	10.33	54.92
2.499	10.32	54.92
2.501	10.34	54.92
2.504	10.29	54.92
2.505	10.30	54.92
2.506	10.33	54.92
2.508	10.26	54.92
2.510	10.29	54.92
2.511	10.33	54.92
2.512	10.32	54.92
2.512	10.33	54.92
2.513	10.33	54.92
2.514	10.32	54.92
2.515	10.32	54.92
2.517	10.29	54.92
2.520	10.27	54.92
2.522	10.14	54.92
2.524	10.17	54.91
2.526	10.23	54.92
2.528	10.19	54.91
2.530	10.22	54.91
2.531	10.24	54.91
2.532	10.18	54.91
2.534	10.20	54.91
2.536	10.19	54.91
2.539	10.16	54.91
2.541	10.20	54.91
2.543	10.13	54.91
2.544	10.15	54.91
2.546	10.17	54.91
2.548	10.13	54.91
2.549	10.13	54.91
2.551	10.13	54.91
2.554	10.09	54.91
2.556	10.13	54.91
2.559	10.08	54.91
2.562	10.09	54.91
2.565	10.09	54.91
2.568	10.02	54.91
2.571	10.04	54.91
2.573	10.02	54.91
2.574	10.00	54.91
2.577	10.02	54.91
2.578	9.95	54.91
2.580	9.98	54.91
2.582	9.99	54.91
2.584	9.94	54.91
2.585	9.95	54.91
2.587	9.94	54.91
2.587	9.93	54.91
2.587	9.96	54.91
2.590	9.90	54.91
2.595	9.89	54.91
2.598	9.92	54.90
2.600	9.88	54.91
2.603	9.87	54.90
2.607	9.85	54.90
2.610	9.84	54.90
2.614	9.84	54.90
2.616	9.78	54.90
2.619	9.81	54.90
2.620	9.82	54.90
2.621	9.78	54.90
2.623	9.81	54.90
2.626	9.78	54.90
2.628	9.77	54.90
2.631	9.79	54.90
2.633	9.74	54.90
2.635	9.77	54.90
2.637	9.76	54.90
2.640	9.71	54.90
2.644	9.73	54.90
2.647	9.71	54.90
2.649	9.70	54.90
2.652	9.72	54.90
2.653	9.67	54.90
2.654	9.68	54.90
2.657	9.68	54.90
2.660	9.64	54.90
2.662	9.65	54.90
2.664	9.62	54.89
2.666	9.62	54.89
2.669	9.64	54.89
2.672	9.59	54.89
2.676	9.60	54.89
2.680	9.59	54.89
2.684	9.54	54.89
2.687	9.55	54.89
2.690	9.53	54.89
2.693	9.51	54.89
2.696	9.54	54.89
2.698	9.47	54.89
2.699	9.48	54.89
2.700	9.49	54.89
2.702	9.44	54.89
2.704	9.46	54.89
2.707	9.42	54.89
2.712	9.43	54.89
2.715	9.44	54.89
2.717	9.38	54.89
2.718	9.41	54.89
2.720	9.41	54.89
2.724	9.37	54.89
2.728	9.38	54.89
2.731	9.35	54.89
2.735	9.34	54.89
2.738	9.37	54.89
2.740	9.32	54.89
2.742	9.33	54.89
2.744	9.34	54.89
2.746	9.30	54.89
2.748	9.32	54.89
2.750	9.27	54.89
2.752	9.30	54.89
2.754	9.33	54.89
2.756	9.33	54.89
2.759	9.32	54.89
2.761	9.30	54.89
2.764	9.31	54.89
2.767	9.30	54.89
2.768	9.28	54.89
2.769	9.26	54.89
2.770	9.20	54.88
2.771	9.14	54.89
2.772	9.19	54.88
2.773	9.22	54.88
2.776	9.19	54.88
2.778	9.21	54.88
2.781	9.16	54.88
2.785	9.18	54.88
2.789	9.19	54.88
2.793	9.10	54.88
2.795	9.13	54.88
2.797	9.13	54.88
2.800	9.10	54.88
2.803	9.10	54.88
2.807	9.05	54.88
2.811	9.05	54.88
2.813	9.06	54.88
2.816	9.02	54.88
2.820	9.03	54.88
2.823	9.02	54.88
2.825	8.99	54.88
2.827	9.01	54.88
2.829	8.98	54.88
2.829	9.00	54.88
2.829	9.01	54.88
2.831	8.97	54.88
2.834	8.98	54.88
2.838	8.98	54.88
2.842	8.95	54.88
2.846	8.96	54.88
2.850	8.93	54.88
2.852	8.93	54.88
2.854	8.96	54.88
2.856	8.91	54.88
2.858	8.92	54.88
2.860	8.92	54.88
2.862	8.91	54.88
2.863	8.93	54.88
2.865	8.88	54.88
2.867	8.90	54.88
2.869	8.91	54.88
2.872	8.85	54.88
2.875	8.87	54.88
2.878	8.86	54.87
2.882	8.85	54.87
2.885	8.86	54.87
2.887	8.81	54.87
2.890	8.81	54.87
2.892	8.83	54.87
2.895	8.78	54.87
2.901	8.79	54.87
2.907	8.75	54.87
2.912	8.73	54.87
2.916	8.75	54.87
2.920	8.69	54.87
2.924	8.70	54.87
2.928	8.71	54.87
2.931	8.66	54.87
2.934	8.64	54.87
2.937	8.63	54.87
2.940	8.63	54.87
2.942	8.64	54.87
2.943	8.62	54.87
2.946	8.61	54.87
2.953	8.60	54.87
2.961	8.56	54.87
2.966	8.56	54.87
2.970	8.55	54.87
2.975	8.53	54.87
2.982	8.53	54.87
2.989	8.48	54.87
2.994	8.50	54.87
2.995	8.50	54.87
2.998	8.47	54.87
3.001	8.48	54.87
3.005	8.46	54.87
3.008	8.45	54.87
3.013	8.46	54.87
3.020	8.40	54.87
3.025	8.40	54.87
3.029	8.40	54.87
3.035	8.36	54.87
3.040	8.36	54.87
3.043	8.34	54.87
3.045	8.33	54.87
3.048	8.34	54.87
3.051	8.30	54.87
3.055	8.31	54.86
3.060	8.30	54.86
3.064	8.27	54.86
3.070	8.26	54.86
3.076	8.22	54.86
3.082	8.21	54.86
3.086	8.21	54.86
3.090	8.17	54.86
3.090	8.17	54.86
3.091	8.18	54.86
3.095	8.16	54.86
3.100	8.17	54.86
3.104	8.18	54.86
3.108	8.17	54.86
3.113	8.16	54.86
3.119	8.14	54.86
3.125	8.14	54.86
3.129	8.14	54.86
3.132	8.12	54.86
3.134	8.09	54.86
3.136	8.04	54.86
3.139	8.06	54.86
3.143	8.09	54.86
3.146	8.06	54.86
3.148	8.06	54.86
3.152	8.07	54.86
3.157	8.02	54.86
3.164	8.03	54.86
3.169	7.98	54.86
3.173	7.98	54.86
3.177	7.98	54.86
3.183	7.94	54.86
3.189	7.93	54.86
3.195	7.93	54.86
3.204	7.90	54.86
3.212	7.89	54.86
3.217	7.87	54.86
3.223	7.86	54.86
3.229	7.86	54.86
3.234	7.82	54.86
3.239	7.82	54.86
3.241	7.82	54.86
3.242	7.80	54.86
3.241	7.81	54.86
3.242	7.79	54.86
3.244	7.79	54.86
3.252	7.78	54.86
3.264	7.72	54.86
3.271	7.71	54.86
3.274	7.71	54.86
3.277	7.69	54.86
3.282	7.70	54.86
3.287	7.68	54.86
3.294	7.67	54.86
3.301	7.67	54.86
3.307	7.65	54.86
3.313	7.65	54.86
3.317	7.65	54.86
3.322	7.64	54.86
3.327	7.63	54.86
3.333	7.61	54.86
3.339	7.60	54.86
3.346	7.60	54.86
3.353	7.56	54.86
3.360	7.53	54.86
3.366	7.53	54.86
3.373	7.51	54.86
3.380	7.49	54.86
3.387	7.48	54.86
3.396	7.46	54.86
3.404	7.45	54.86
3.408	7.45	54.86
3.410	7.43	54.86
3.412	7.44	54.86
3.417	7.42	54.86
3.424	7.40	54.86
3.435	7.39	54.86
3.445	7.37	54.86
3.454	7.37	54.86
3.461	7.36	54.86
3.468	7.33	54.86
3.474	7.34	54.86
3.480	7.32	54.86
3.487	7.30	54.86
3.490	7.31	54.86
3.493	7.30	54.86
3.493	7.32	54.86
3.492	7.31	54.86
3.492	7.29	54.86
3.495	7.30	54.86
3.500	7.28	54.86
3.505	7.27	54.86
3.508	7.27	54.86
3.512	7.25	54.86
3.516	7.25	54.86
3.521	7.25	54.86
3.525	7.22	54.86
3.532	7.22	54.86
3.537	7.22	54.86
3.544	7.20	54.86
3.553	7.19	54.86
3.562	7.17	54.86
3.570	7.17	54.86
3.577	7.16	54.86
3.585	7.13	54.86
3.591	7.13	54.86
3.595	7.12	54.86
3.598	7.12	54.86
3.607	7.12	54.86
3.616	7.08	54.86
3.618	7.10	54.86
3.619	7.11	54.86
3.618	7.08	54.86
3.617	7.12	54.86
3.617	7.09	54.86
3.619	7.08	54.86
3.629	7.08	54.86
3.640	7.06	54.86
3.649	7.05	54.86
3.655	7.05	54.86
3.661	7.04	54.86
3.666	7.04	54.86
3.671	7.03	54.86
3.678	7.03	54.86
3.685	7.02	54.86
3.693	6.98	54.86
3.702	7.03	54.86
3.714	7.01	54.86
3.721	6.96	54.86
3.728	6.99	54.86
3.737	6.96	54.86
3.745	6.93	54.86
3.749	6.95	54.86
3.749	6.93	54.87
3.749	6.95	54.87
3.751	6.95	54.87
3.759	6.90	54.87
3.769	6.94	54.87
3.776	6.90	54.87
3.779	6.89	54.87
3.785	6.91	54.87
3.791	6.87	54.87
3.796	6.90	54.87
3.802	6.89	54.87
3.807	6.87	54.87
3.813	6.90	54.87
3.823	6.86	54.87
3.831	6.86	54.87
3.838	6.88	54.87
3.845	6.85	54.87
3.849	6.87	54.87
3.854	6.86	54.87
3.859	6.81	54.87
3.865	6.86	54.87
3.868	6.83	54.87
3.870	6.80	54.87
3.873	6.87	54.87
3.877	6.80	54.87
3.880	6.84	54.87
3.882	6.85	54.87
3.884	6.78	54.87
3.887	6.86	54.87
3.890	6.81	54.87
3.893	6.78	54.87
3.895	6.84	54.87
3.898	6.75	54.87
3.902	6.82	54.87
3.906	6.81	54.87
3.909	6.74	54.87
3.914	6.81	54.87
3.921	6.75	54.87
3.928	6.74	54.87
3.936	6.79	54.87
3.944	6.71	54.87
3.952	6.73	54.87
3.955	6.73	54.87
3.959	6.69	54.87
3.963	6.74	54.87
3.970	6.68	54.87
3.984	6.67	54.87
3.999	6.69	54.87
4.008	6.64	54.87
4.015	6.68	54.87
4.021	6.67	54.87
4.028	6.63	54.87
4.040	6.65	54.87
4.052	6.63	54.87
4.062	6.64	54.87
4.070	6.64	54.87
4.079	6.61	54.87
4.091	6.64	54.87
4.102	6.62	54.87
4.113	6.59	54.87
4.121	6.64	54.87
4.126	6.60	54.87
4.133	6.59	54.87
4.138	6.61	54.87
4.142	6.58	54.87
4.145	6.61	54.87
4.148	6.58	54.86
4.153	6.57	54.87
4.158	6.60	54.87
4.161	6.56	54.87
4.163	6.56	54.86
4.167	6.60	54.86
4.172	6.56	54.86
4.179	6.59	54.86
4.187	6.57	54.86
4.195	6.51	54.86
4.202	6.55	54.86
4.210	6.52	54.86
4.217	6.52	54.86
4.224	6.54	54.86
4.231	6.48	54.86
4.240	6.53	54.86
4.244	6.51	54.86
4.243	6.46	54.86
4.245	6.54	54.86
4.251	6.46	54.86
4.256	6.49	54.86
4.262	6.48	54.86
4.270	6.45	54.86
4.280	6.48	54.86
4.290	6.43	54.86
4.300	6.43	54.86
4.309	6.42	54.86
4.317	6.43	54.86
4.327	6.42	54.85
4.337	6.42	54.85
4.343	6.41	54.85
4.350	6.41	54.85
4.360	6.40	54.85
4.370	6.44	54.85
4.382	6.51	54.85
4.394	6.43	54.85
4.404	6.44	54.85
4.412	6.46	54.85
4.416	6.41	54.85
4.417	6.47	54.85
4.417	6.43	54.85
4.417	6.39	54.85
4.417	6.45	54.85
4.417	6.40	54.85
4.417	6.42	54.84
4.417	6.43	54.84
4.417	6.40	54.84
4.417	6.43	54.84
4.417	6.41	54.84
4.417	6.40	54.84
4.417	6.44	54.84
4.417	6.40	54.84
4.417	6.41	54.84
4.417	6.42	54.84
4.417	6.39	54.84
4.417	6.44	54.84
4.417	6.41	54.84
4.417	6.38	54.84
4.417	6.45	54.84
4.417	6.39	54.84
4.417	6.42	54.84
4.417	6.42	54.84
4.417	6.38	54.84
4.417	6.43	54.84
4.417	6.40	54.84
4.417	6.37	54.84
4.417	6.43	54.84
4.417	6.37	54.84
4.417	6.40	54.84
4.417	6.40	54.84
4.417	6.37	54.84
4.417	6.42	54.84
4.417	6.39	54.84
4.417	6.37	54.84
4.417	6.43	54.84
4.417	6.39	54.84
4.417	6.42	54.84
4.417	6.42	54.84
4.417	6.37	54.84
4.417	6.44	54.84
4.417	6.40	54.84
4.417	6.37	54.84
4.417	6.44	54.84
4.417	6.37	54.84
4.417	6.41	54.84
4.417	6.40	54.84
4.417	6.37	54.84
4.417	6.43	54.84
4.417	6.40	54.84
4.417	6.38	54.84
4.417	6.43	54.84
4.417	6.40	54.84
4.417	6.45	54.84
4.417	6.44	54.84
4.417	6.40	54.84
4.417	6.46	54.84
4.417	6.41	54.84
4.417	6.41	54.84
4.417	6.44	54.83
4.417	6.40	54.83
4.417	6.44	54.83
4.417	6.44	54.83
4.417	6.39	54.83
4.417	6.47	54.83
4.417	6.41	54.83
4.417	6.42	54.83
4.417	6.45	54.83
4.417	6.40	54.83
4.417	6.44	54.83
4.417	6.44	54.83
4.417	6.39	54.83
4.417	6.46	54.83
4.417	6.42	54.83
4.417	6.41	54.83
4.417	6.45	54.83
4.417	6.39	54.83
4.417	6.45	54.83
4.417	6.43	54.83
4.417	6.39	54.83
4.417	6.45	54.83
4.417	6.42	54.83
4.417	6.42	54.83
4.417	6.46	54.83
4.417	6.40	54.83
4.417	6.44	54.83
4.417	6.43	54.83
4.417	6.41	54.83
4.417	6.46	54.83
4.417	6.41	54.83
4.417	6.40	54.83
4.417	6.44	54.83
4.417	6.42	54.82
4.417	6.41	54.82
4.417	6.41	54.82
4.417	6.40	54.82
4.417	6.41	54.82
4.417	6.40	54.82
4.417	6.40	54.82
4.417	6.38	54.82
4.417	6.37	54.82
4.417	6.51	54.82
4.417	6.44	54.82
4.417	6.39	54.82
4.417	6.46	54.82
4.417	6.40	54.82
4.417	6.41	54.82
4.417	6.45	54.82
4.417	6.41	54.82
4.417	6.46	54.82
4.417	6.43	54.82
4.417	6.41	54.82
4.417	6.45	54.82
4.417	6.41	54.82
4.417	6.42	54.82
4.417	6.44	54.82
4.417	6.39	54.82
4.417	6.46	54.82
4.417	6.41	54.82
4.417	6.41	54.82
4.417	6.46	54.82
4.417	6.41	54.82
4.417	6.43	54.82
4.417	6.43	54.82
4.417	6.39	54.82
4.417	6.45	54.82
4.417	6.42	54.82
4.417	6.41	54.82
4.417	6.46	54.82
4.417	6.40	54.82
4.417	6.43	54.82
4.417	6.46	54.82
4.417	6.38	54.82
4.417	6.46	54.82
4.417	6.42	54.82
4.417	6.40	54.82
4.417	6.46	54.81
4.417	6.41	54.81
4.417	6.43	54.81
4.417	6.44	54.81
4.417	6.39	54.81
4.417	6.46	54.81
4.417	6.42	54.81
4.417	6.40	54.81
4.417	6.46	54.81
4.417	6.39	54.81
4.417	6.43	54.81
4.417	6.45	54.81
4.417	6.39	54.81
4.417	6.46	54.81
4.417	6.42	54.81
4.417	6.40	54.81
4.417	6.44	54.81
4.417	6.40	54.81
4.417	6.42	54.81
4.417	6.44	54.81
4.417	6.40	54.81
4.417	6.45	54.81
4.417	6.42	54.81
4.417	6.41	54.81
4.417	6.45	54.81
4.417	6.40	54.81
4.417	6.42	54.81
4.417	6.43	54.81
4.417	6.39	54.81
4.417	6.46	54.81
4.417	6.41	54.81
4.417	6.40	54.81
4.417	6.45	54.81
4.417	6.40	54.81
4.417	6.43	54.81
4.417	6.43	54.81
4.417	6.39	54.81
4.417	6.45	54.81
4.417	6.41	54.81
4.417	6.41	54.81
4.417	6.45	54.81
4.417	6.39	54.81
4.417	6.44	54.81
4.417	6.43	54.81
4.417	6.40	54.81
4.417	6.45	54.81
4.417	6.42	54.81
4.417	6.41	54.81
4.417	6.45	54.81
4.417	6.41	54.81
4.417	6.44	54.81
4.417	6.43	54.81
4.417	6.39	54.81
4.417	6.46	54.81
4.417	6.41	54.81
4.417	6.41	54.81
4.417	6.45	54.81
4.417	6.39	54.81
4.417	6.44	54.81
4.417	6.42	54.81
4.417	6.38	54.81
4.417	6.45	54.81
4.417	6.42	54.81
4.417	6.41	54.81
4.417	6.41	54.81
4.417	6.42	54.81
4.417	6.41	54.81
4.417	6.41	54.81
4.417	6.41	54.81
4.417	6.39	54.81
4.417	6.37	54.81
4.417	6.44	54.81
4.417	6.46	54.81
4.417	6.40	54.81
4.417	6.44	54.81
4.417	6.42	54.81
4.417	6.40	54.81
4.417	6.43	54.81
4.417	6.40	54.81
4.417	6.40	54.81
4.417	6.44	54.81
4.417	6.40	54.81
4.417	6.43	54.81
4.417	6.42	54.81
4.417	6.38	54.81
4.412	6.46	54.81
4.391	6.41	54.81
4.378	6.42	54.81
4.364	6.47	54.81
4.350	6.42	54.81
4.337	6.47	54.81
4.325	6.45	54.81
4.314	6.41	54.81
4.309	6.47	54.81
4.309	6.42	54.81
4.306	6.44	54.81
4.296	6.47	54.81
4.283	6.41	54.82
4.275	6.46	54.81
4.270	6.45	54.82
4.260	6.42	54.81
4.254	6.48	54.82
4.244	6.44	54.82
4.230	6.46	54.82
4.215	6.51	54.82
4.196	6.48	54.82
4.180	6.56	54.82
4.167	6.55	54.82
4.159	6.53	54.82
4.150	6.58	54.82
4.141	6.54	54.82
4.132	6.55	54.82
4.117	6.59	54.82
4.100	6.57	54.82
4.082	6.61	54.82
4.065	6.60	54.82
4.047	6.60	54.82
4.034	6.65	54.82
4.023	6.63	54.82
4.015	6.63	54.82
4.012	6.65	54.82
4.002	6.63	54.82
3.995	6.66	54.82
3.988	6.65	54.82
3.984	6.64	54.82
3.983	6.68	54.82
3.975	6.65	54.82
3.964	6.66	54.82
3.955	6.70	54.82
3.943	6.66	54.82
3.922	6.73	54.82
3.905	6.73	54.82
3.893	6.71	54.82
3.878	6.79	54.82
3.859	6.75	54.82
3.850	6.77	54.82
3.841	6.82	54.82
3.833	6.77	54.82
3.825	6.87	54.82
3.815	6.86	54.82
3.802	6.83	54.82
3.771	6.88	54.83
3.750	6.86	54.83
3.748	6.88	54.82
3.750	6.90	54.83
3.752	6.86	54.83
3.754	6.90	54.83
3.756	6.89	54.83
3.758	6.87	54.83
3.759	6.89	54.83
3.761	6.87	54.83
3.762	6.89	54.83
3.763	6.89	54.83
3.764	6.87	54.83
3.765	6.90	54.83
3.766	6.88	54.83
3.759	6.88	54.83
3.742	6.93	54.83
3.721	6.91	54.83
3.693	6.95	54.83
3.658	7.00	54.83
3.636	6.99	54.83
3.621	7.04	54.83
3.609	7.04	54.83
3.597	7.03	54.83
3.589	7.08	54.83
3.585	7.05	54.83
3.583	7.07	54.83
3.585	7.08	54.83
3.586	7.08	54.83
3.581	7.09	54.83
3.572	7.09	54.83
3.558	7.12	54.83
3.543	7.12	54.83
3.531	7.14	54.83
3.520	7.17	54.83
3.508	7.15	54.83
3.495	7.16	54.83
3.486	7.21	54.83
3.482	7.20	54.83
3.478	7.20	54.83
3.471	7.23	54.83
3.458	7.23	54.83
3.446	7.25	54.83
3.445	7.26	54.83
3.445	7.23	54.83
3.446	7.27	54.83
3.447	7.26	54.83
3.449	7.24	54.83
3.450	7.26	54.83
3.451	7.25	54.83
3.452	7.25	54.83
3.453	7.26	54.83
3.454	7.24	54.83
3.455	7.27	54.83
3.455	7.26	54.83
3.456	7.24	54.82
3.456	7.26	54.82
3.456	7.24	54.82
3.457	7.25	54.82
3.457	7.25	54.82
3.458	7.25	54.82
3.458	7.26	54.82
3.458	7.25	54.82
3.456	7.25	54.82
3.451	7.28	54.82
3.436	7.28	54.82
3.414	7.33	54.82
3.393	7.34	54.82
3.386	7.35	54.82
3.380	7.38	54.82
3.376	7.38	54.82
3.371	7.39	54.82
3.365	7.40	54.82
3.359	7.39	54.82
3.355	7.41	54.82
3.353	7.42	54.82
3.353	7.41	54.82
3.354	7.42	54.82
3.355	7.42	54.82
3.356	7.41	54.82
3.356	7.42	54.82
3.357	7.41	54.82
3.355	7.42	54.82
3.349	7.44	54.81
3.341	7.44	54.81
3.334	7.46	54.81
3.325	7.47	54.81
3.322	7.47	54.81
3.314	7.49	54.81
3.306	7.50	54.81
3.300	7.52	54.81
3.293	7.53	54.81
3.283	7.53	54.81
3.273	7.57	54.81
3.260	7.59	54.81
3.243	7.63	54.81
3.235	7.63	54.81
3.230	7.63	54.81
3.222	7.66	54.81
3.214	7.66	54.81
3.208	7.68	54.81
3.202	7.69	54.81
3.198	7.70	54.81
3.195	7.71	54.81
3.191	7.72	54.81
3.186	7.73	54.81
3.182	7.75	54.81
3.180	7.75	54.81
3.178	7.76	54.81
3.174	7.77	54.81
3.170	7.80	54.81
3.168	7.82	54.80
3.159	7.81	54.81
3.150	7.85	54.80
3.143	7.89	54.80
3.135	7.88	54.80
3.126	7.90	54.80
3.117	7.92	54.80
3.110	7.93	54.80
3.103	7.97	54.80
3.096	7.97	54.80
3.089	7.99	54.80
3.085	8.03	54.80
3.080	8.02	54.79
3.078	8.05	54.79
3.078	8.03	54.79
3.078	8.03	54.79
3.074	8.06	54.79
3.068	8.06	54.79
3.063	8.07	54.79
3.056	8.09	54.79
3.051	8.09	54.79
3.046	8.13	54.79
3.043	8.11	54.78
3.040	8.14	54.79
3.039	8.16	54.78
3.036	8.17	54.78
3.029	8.20	54.78
3.023	8.22	54.78
3.016	8.26	54.78
3.013	8.27	54.78
3.008	8.28	54.78
3.006	8.27	54.78
3.005	8.19	54.78
2.999	8.19	54.78
2.992	8.25	54.78
2.987	8.31	54.78
2.982	8.30	54.78
2.976	8.35	54.78
2.971	8.33	54.78
2.964	8.35	54.78
2.958	8.40	54.78
2.953	8.38	54.78
2.951	8.39	54.78
2.951	8.41	54.78
2.950	8.39	54.78
2.947	8.42	54.78
2.946	8.40	54.78
2.946	8.41	54.78
2.944	8.46	54.78
2.941	8.41	54.78
2.941	8.45	54.78
2.941	8.46	54.78
2.937	8.45	54.78
2.933	8.48	54.78
2.929	8.47	54.78
2.925	8.49	54.78
2.921	8.52	54.77
2.916	8.50	54.77
2.912	8.53	54.78
2.908	8.54	54.77
2.907	8.55	54.77
2.906	8.56	54.77
2.903	8.55	54.77
2.901	8.56	54.77
2.899	8.57	54.77
2.897	8.56	54.77
2.892	8.59	54.77
2.887	8.62	54.77
2.882	8.60	54.77
2.878	8.63	54.77
2.876	8.62	54.77
2.875	8.63	54.77
2.875	8.67	54.77
2.873	8.63	54.77
2.872	8.67	54.77
2.871	8.70	54.77
2.868	8.65	54.77
2.864	8.71	54.77
2.861	8.68	54.77
2.857	8.72	54.77
2.853	8.74	54.77
2.849	8.71	54.77
2.846	8.76	54.77
2.843	8.76	54.77
2.841	8.77	54.77
2.837	8.80	54.77
2.835	8.77	54.77
2.832	8.80	54.77
2.830	8.84	54.77
2.830	8.79	54.77
2.829	8.80	54.77
2.826	8.84	54.77
2.823	8.81	54.77
2.819	8.85	54.77
2.818	8.81	54.77
2.818	8.84	54.77
2.818	8.86	54.77
2.818	8.83	54.77
2.818	8.85	54.77
2.811	8.87	54.77
2.802	8.88	54.77
2.794	8.92	54.77
2.789	8.90	54.77
2.784	8.95	54.77
2.781	8.98	54.78
2.776	8.97	54.78
2.774	8.99	54.78
2.769	9.00	54.78
2.764	9.01	54.78
2.760	9.05	54.78
2.759	9.01	54.78
2.759	9.03	54.78
2.760	9.05	54.78
2.759	9.02	54.78
2.755	9.06	54.78
2.754	9.08	54.78
2.754	9.06	54.78
2.753	9.08	54.78
2.753	9.06	54.78
2.751	9.08	54.78
2.748	9.12	54.78
2.744	9.09	54.78
2.738	9.12	54.78
2.730	9.15	54.78
2.721	9.16	54.78
2.711	9.22	54.78
2.704	9.20	54.78
2.699	9.24	54.78
2.698	9.27	54.78
2.696	9.25	54.78
2.692	9.30	54.78
2.688	9.35	54.78
2.684	9.36	54.78
2.681	9.38	54.78
2.678	9.37	54.78
2.674	9.41	54.78
2.669	9.43	54.78
2.665	9.45	54.78
2.661	9.44	54.78
2.659	9.34	54.78
2.656	9.36	54.78
2.649	9.46	54.78
2.642	9.45	54.78
2.640	9.49	54.78
2.639	9.55	54.78
2.636	9.48	54.78
2.632	9.55	54.78
2.630	9.56	54.78
2.631	9.53	54.78
2.632	9.57	54.78
2.632	9.53	54.78
2.633	9.54	54.78
2.633	9.58	54.78
2.634	9.53	54.78
2.631	9.56	54.78
2.622	9.61	54.78
2.619	9.59	54.78
2.613	9.63	54.78
2.605	9.64	54.78
2.604	9.65	54.78
2.603	9.69	54.78
2.601	9.64	54.78
2.595	9.68	54.78
2.586	9.73	54.78
2.583	9.70	54.78
2.579	9.79	54.78
2.577	9.74	54.78
2.574	9.77	54.78
2.571	9.81	54.78
2.568	9.76	54.78
2.568	9.81	54.78
2.569	9.82	54.78
2.569	9.78	54.78
2.570	9.80	54.78
2.570	9.78	54.78
2.571	9.79	54.78
2.571	9.82	54.78
2.572	9.79	54.78
2.572	9.80	54.78
2.572	9.81	54.79
2.572	9.79	54.78
2.570	9.82	54.78
2.568	9.80	54.79
2.564	9.83	54.78
2.559	9.88	54.78
2.555	9.85	54.78
2.551	9.89	54.78
2.547	9.92	54.78
2.541	9.90	54.78
2.540	9.95	54.79
2.541	9.92	54.78
2.541	9.94	54.78
2.541	9.96	54.78
2.542	9.92	54.78
2.541	9.95	54.78
2.533	9.99	54.78
2.525	9.99	54.78
2.518	10.05	54.78
2.508	10.04	54.78
2.496	10.10	54.78
2.487	10.16	54.78
2.481	10.14	54.78
2.476	10.18	54.78
2.473	10.22	54.78
2.472	10.19	54.78
2.473	10.22	54.78
2.474	10.19	54.78
2.475	10.13	54.78
2.475	10.18	54.78
2.476	10.11	54.78
2.476	10.16	54.78
2.477	10.17	54.78
2.477	10.13	54.78
2.478	10.18	54.78
2.477	10.16	54.78
2.474	10.15	54.78
2.468	10.22	54.78
2.462	10.17	54.78
2.457	10.22	54.78
2.455	10.25	54.78
2.455	10.22	54.78
2.455	10.24	54.78
2.447	10.25	54.78
2.434	10.32	54.78
2.427	10.37	54.78
2.421	10.35	54.78
2.415	10.42	54.78
2.408	10.44	54.78
2.401	10.44	54.78
2.396	10.50	54.78
2.391	10.49	54.78
2.387	10.54	54.78
2.384	10.59	54.78
2.381	10.53	54.78
2.378	10.58	54.78
2.375	10.60	54.78
2.372	10.60	54.78
2.368	10.66	54.78
2.364	10.73	54.78
2.361	10.73	54.78
2.358	10.76	54.78
2.357	10.76	54.78
2.357	10.77	54.78
2.353	10.79	54.78
2.346	10.83	54.78
2.342	10.78	54.78
2.339	10.67	54.78
2.337	10.74	54.78
2.335	10.81	54.78
2.332	10.80	54.78
2.330	10.84	54.78
2.326	10.89	54.78
2.323	10.85	54.78
2.321	10.90	54.78
2.320	10.86	54.78
2.319	10.88	54.78
2.319	10.93	54.77
2.318	10.87	54.77
2.319	10.92	54.77
2.318	10.94	54.77
2.315	10.90	54.77
2.315	10.94	54.77
2.316	10.91	54.77
2.316	10.92	54.77
2.315	10.96	54.77
2.309	10.91	54.77
2.301	10.99	54.77
2.295	11.06	54.77
2.290	11.04	54.77
2.286	11.08	54.77
2.284	11.08	54.77
2.281	11.10	54.77
2.278	11.17	54.76
2.275	11.11	54.76
2.272	11.16	54.76
2.269	11.23	54.76
2.266	11.18	54.76
2.263	11.25	54.76
2.259	11.24	54.76
2.256	11.26	54.76
2.253	11.32	54.76
2.251	11.26	54.76
2.248	11.31	54.76
2.246	11.36	54.76
2.243	11.30	54.76
2.241	11.37	54.76
2.239	11.35	54.75
2.238	11.35	54.75
2.235	11.42	54.75
2.230	11.35	54.75
2.228	11.42	54.75
2.227	11.46	54.75
2.226	11.42	54.75
2.223	11.46	54.75
2.219	11.47	54.75
2.215	11.49	54.75
2.212	11.53	54.75
2.210	11.50	54.75
2.207	11.55	54.75
2.203	11.60	54.75
2.200	11.56	54.75
2.199	11.60	54.75
2.197	11.61	54.75
2.196	11.61	54.75
2.195	11.65	54.75
2.193	11.60	54.75
2.189	11.66	54.75
2.185	11.72	54.75
2.181	11.69	54.75
2.178	11.74	54.75
2.174	11.74	54.75
2.171	11.76	54.75
2.170	11.79	54.75
2.168	11.76	54.75
2.168	11.77	54.74
2.167	11.83	54.74
2.166	11.77	54.74
2.165	11.82	54.74
2.162	11.81	54.74
2.158	11.82	54.74
2.152	11.91	54.74
2.148	11.86	54.74
2.145	11.90	54.74
2.141	11.97	54.74
2.138	11.94	54.74
2.135	11.97	54.74
2.132	12.01	54.73
2.129	12.01	54.73
2.126	12.07	54.73
2.124	12.03	54.73
2.121	12.08	54.73
2.119	12.13	54.73
2.116	12.09	54.73
2.113	12.15	54.73
2.111	12.15	54.73
2.108	12.16	54.73
2.105	12.20	54.72
2.102	12.19	54.72
2.100	12.22	54.72
2.099	12.24	54.72
2.097	12.20	54.72
2.095	12.26	54.72
2.093	12.26	54.72
2.091	12.26	54.72
2.088	12.33	54.72
2.085	12.38	54.72
2.083	12.38	54.72
2.081	12.42	54.72
2.080	12.44	54.72
2.078	12.44	54.72
2.076	12.45	54.72
2.073	12.48	54.72
2.071	12.42	54.72
2.069	12.28	54.72
2.067	12.41	54.72
2.065	12.48	54.72
2.064	12.42	54.72
2.063	12.49	54.72
2.061	12.49	54.72
2.059	12.48	54.72
2.058	12.53	54.71
2.056	12.52	54.71
2.053	12.54	54.71
2.049	12.60	54.71
2.046	12.55	54.71
2.043	12.61	54.71
2.041	12.63	54.71
2.039	12.61	54.71
2.038	12.65	54.71
2.036	12.62	54.71
2.034	12.66	54.70
2.032	12.71	54.70
2.030	12.66	54.70
2.027	12.73	54.70
2.021	12.76	54.70
2.017	12.75	54.70
2.014	12.83	54.70
2.012	12.79	54.70
2.010	12.82	54.70
2.008	12.89	54.70
2.007	12.81	54.70
2.006	12.89	54.70
2.004	12.91	54.69
2.002	12.89	54.69
2.000	12.94	54.69
2.000	12.90	54.69
1.998	12.95	54.69
1.996	13.01	54.69
1.995	12.93	54.69
1.994	12.99	54.69
1.994	13.00	54.69
1.992	12.98	54.69
1.989	13.03	54.69
1.986	13.01	54.69
1.984	13.06	54.69
1.982	13.10	54.69
1.980	13.02	54.69
1.978	13.11	54.69
1.975	13.14	54.69
1.973	13.10	54.69
1.971	13.16	54.69
1.969	13.15	54.69
1.968	13.15	54.69
1.964	13.22	54.69
1.962	13.16	54.69
1.960	13.23	54.69
1.958	13.24	54.68
1.956	13.22	54.68
1.953	13.29	54.68
1.950	13.28	54.68
1.948	13.30	54.68
1.946	13.36	54.68
1.945	13.29	54.68
1.943	13.35	54.68
1.943	13.38	54.68
1.941	13.34	54.68
1.940	13.41	54.68
1.938	13.36	54.68
1.936	13.38	54.68
1.935	13.45	54.68
1.934	13.37	54.67
1.933	13.42	54.67
1.931	13.49	54.67
1.928	13.45	54.67
1.925	13.51	54.67
1.923	13.50	54.67
1.920	13.51	54.67
1.918	13.57	54.67
1.916	13.50	54.67
1.914	13.58	54.67
1.912	13.62	54.67
1.911	13.55	54.67
1.911	13.59	54.67
1.911	13.58	54.67
1.910	13.60	54.66
1.907	13.66	54.66
1.904	13.59	54.66
1.902	13.64	54.66
1.900	13.72	54.66
1.898	13.68	54.66
1.897	13.73	54.66
1.895	13.73	54.66
1.894	13.73	54.66
1.892	13.80	54.66
1.891	13.75	54.66
1.890	13.80	54.66
1.889	13.84	54.66
1.888	13.79	54.66
1.886	13.85	54.66
1.885	13.85	54.66
1.884	13.85	54.66
1.883	13.91	54.66
1.882	13.96	54.66
1.881	13.98	54.66
1.880	13.99	54.66
1.878	14.02	54.66
1.877	14.06	54.66
1.875	14.07	54.66
1.873	14.10	54.66
1.872	14.04	54.66
1.870	13.92	54.66
1.869	14.01	54.66
1.867	14.12	54.66
1.866	14.07	54.66
1.865	14.15	54.66
1.863	14.18	54.66
1.862	14.13	54.66
1.861	14.18	54.66
1.860	14.13	54.66
1.859	14.20	54.66
1.857	14.24	54.66
1.856	14.17	54.66
1.854	14.26	54.66
1.852	14.27	54.66
1.850	14.29	54.66
1.848	14.38	54.66
1.845	14.34	54.66
1.843	14.40	54.66
1.842	14.49	54.65
1.840	14.42	54.65
1.839	14.50	54.65
1.838	14.55	54.65
1.837	14.52	54.65
1.835	14.61	54.65
1.834	14.58	54.65
1.832	14.66	54.65
1.831	14.74	54.65
1.829	14.70	54.65
1.828	14.76	54.65
1.826	14.80	54.65
1.825	14.80	54.65
1.822	14.91	54.65
1.820	14.89	54.65
1.819	14.95	54.65
1.817	15.03	54.65
1.815	14.99	54.65
1.814	15.06	54.65
1.812	15.09	54.65
1.811	15.09	54.65
1.809	15.16	54.65
1.807	15.15	54.65
1.806	15.17	54.65
1.804	15.22	54.65
1.802	15.21	54.65
1.800	15.28	54.65
1.798	15.33	54.64
1.797	15.33	54.64
1.795	15.44	54.64
1.794	15.48	54.64
1.793	15.53	54.64
1.792	15.57	54.64
1.790	15.57	54.64
1.789	15.60	54.64
1.788	15.62	54.64
1.786	15.63	54.64
1.785	15.66	54.64
1.783	15.67	54.64
1.782	15.68	54.64
1.781	15.70	54.64
1.781	15.69	54.64
1.780	15.70	54.64
1.779	15.73	54.64
1.778	15.73	54.64
1.777	15.75	54.64
1.776	15.76	54.64
1.775	15.77	54.64
1.774	15.79	54.64
1.773	15.78	54.64
1.772	15.81	54.64
1.771	15.83	54.64
1.770	15.83	54.63
1.768	15.85	54.63
1.767	15.85	54.63
1.766	15.86	54.63
1.764	15.89	54.63
1.763	15.88	54.63
1.762	15.90	54.63
1.761	15.92	54.63
1.759	15.91	54.63
1.758	15.93	54.63
1.757	15.94	54.63
1.755	15.95	54.63
1.753	15.98	54.63
1.752	15.97	54.63
1.750	16.00	54.63
1.749	16.03	54.63
1.748	16.02	54.63
1.746	16.05	54.63
1.744	16.07	54.63
1.743	16.07	54.63
1.742	16.10	54.63
1.741	16.09	54.63
1.740	16.11	54.63
1.739	16.14	54.63
1.738	16.13	54.63
1.737	16.15	54.63
1.736	16.16	54.63
1.735	16.17	54.63
1.735	16.18	54.63
1.734	16.20	54.63
1.734	16.20	54.63
1.732	16.22	54.63
1.731	16.24	54.63
1.730	16.25	54.63
1.729	16.26	54.63
1.727	16.28	54.63
1.726	16.28	54.63
1.725	16.25	54.63
1.724	16.28	54.63
1.723	16.32	54.63
1.721	16.30	54.63
1.720	16.32	54.63
1.719	16.34	54.63
1.718	16.34	54.63
1.718	16.35	54.63
1.717	16.35	54.63
1.715	16.36	54.63
1.715	16.38	54.63
1.714	16.37	54.63
1.712	16.39	54.63
1.711	16.40	54.63
1.710	16.41	54.63
1.709	16.42	54.63
1.708	16.42	54.63
1.707	16.43	54.63
1.706	16.45	54.63
1.705	16.44	54.63
1.704	16.46	54.63
1.703	16.47	54.63
1.702	16.48	54.63
1.701	16.50	54.63
1.701	16.50	54.63
1.700	16.51	54.63
1.699	16.53	54.63
1.698	16.52	54.63
1.697	16.54	54.63
1.696	16.56	54.63
1.694	16.56	54.63
1.693	16.58	54.63
1.692	16.59	54.63
1.691	16.61	54.63
1.689	16.64	54.63
1.688	16.63	54.63
1.687	16.65	54.63
1.687	16.67	54.63
1.686	16.67	54.63
1.685	16.69	54.63
1.684	16.70	54.63
1.683	16.71	54.63
1.682	16.73	54.63
1.680	16.72	54.63
1.680	16.74	54.63
1.678	16.77	54.63
1.677	16.75	54.63
1.676	16.78	54.63
1.675	16.78	54.63
1.674	16.79	54.63
1.673	16.82	54.63
1.672	16.81	54.63
1.672	16.82	54.63
1.671	16.84	54.63
1.670	16.83	54.63
1.669	16.85	54.63
1.668	16.86	54.63
1.667	16.86	54.63
1.665	16.88	54.63
1.664	16.88	54.63
1.663	16.91	54.63
1.661	16.93	54.63
1.660	16.92	54.63
1.658	16.95	54.63
1.658	16.97	54.63
1.657	16.97	54.63
1.656	17.00	54.63
1.655	17.00	54.63
1.654	17.03	54.63
1.653	17.05	54.63
1.652	17.04	54.63
1.651	17.07	54.63
1.649	17.08	54.63
1.648	17.08	54.63
1.648	17.10	54.63
1.647	17.09	54.63
1.646	17.11	54.63
1.645	17.13	54.63
1.644	17.12	54.63
1.643	17.14	54.63
1.643	17.15	54.63
1.642	17.16	54.63
1.641	17.18	54.64
1.640	17.18	54.64
1.639	17.20	54.64
1.637	17.22	54.64
1.636	17.21	54.64
1.635	17.23	54.64
1.634	17.25	54.64
1.634	17.24	54.64
1.633	17.27	54.64
1.632	17.26	54.64
1.631	17.27	54.64
1.630	17.30	54.64
1.629	17.29	54.64
1.628	17.30	54.64
1.627	17.31	54.64
1.627	17.30	54.64
1.626	17.33	54.64
1.624	17.35	54.64
1.623	17.36	54.64
1.621	17.38	54.64
1.620	17.39	54.64
1.618	17.41	54.64
1.616	17.43	54.64
1.615	17.46	54.64
1.614	17.47	54.64
1.613	17.43	54.65
1.611	17.47	54.65
1.610	17.51	54.65
1.608	17.51	54.65
1.607	17.54	54.65
1.606	17.57	54.65
1.604	17.57	54.65
1.603	17.61	54.65
1.601	17.62	54.65
1.599	17.64	54.65
1.598	17.67	54.65
1.596	17.67	54.65
1.595	17.70	54.65
1.594	17.72	54.65
1.593	17.72	54.65
1.592	17.74	54.65
1.591	17.73	54.65
1.590	17.74	54.65
1.590	17.77	54.65
1.589	17.76	54.65
1.588	17.78	54.65
1.587	17.80	54.65
1.587	17.77	54.66
1.587	17.79	54.66
1.586	17.80	54.66
1.585	17.80	54.66
1.584	17.82	54.66
1.583	17.82	54.66
1.581	17.85	54.66
1.580	17.89	54.66
1.577	17.90	54.66
1.575	17.94	54.66
1.574	17.96	54.66
1.572	17.96	54.66
1.571	17.99	54.66
1.570	17.99	54.66
1.569	18.02	54.66
1.567	18.05	54.66
1.566	18.05	54.66
1.564	18.09	54.66
1.562	18.12	54.66
1.560	18.14	54.66
1.557	18.18	54.66
1.554	18.19	54.66
1.552	18.22	54.66
1.550	18.24	54.66
1.549	18.23	54.66
1.548	18.26	54.66
1.546	18.28	54.66
1.545	18.29	54.66
1.544	18.31	54.66
1.543	18.31	54.66
1.542	18.32	54.66
1.541	18.35	54.66
1.541	18.34	54.66
1.540	18.37	54.66
1.539	18.40	54.66
1.538	18.40	54.66
1.537	18.43	54.66
1.536	18.42	54.66
1.536	18.44	54.66
1.535	18.46	54.66
1.535	18.44	54.66
1.534	18.47	54.66
1.533	18.49	54.66
1.532	18.49	54.66
1.531	18.53	54.66
1.529	18.54	54.66
1.529	18.54	54.66
1.528	18.58	54.66
1.526	18.58	54.66
1.524	18.62	54.66
1.523	18.65	54.66
1.521	18.65	54.66
1.520	18.68	54.66
1.518	18.69	54.66
1.516	18.70	54.66
1.515	18.73	54.66
1.514	18.72	54.66
1.513	18.75	54.66
1.512	18.77	54.66
1.512	18.75	54.66
1.511	18.77	54.66
1.511	18.79	54.66
1.509	18.80	54.66
1.508	18.83	54.66
1.506	18.83	54.66
1.505	18.87	54.66
1.503	18.90	54.66
1.502	18.90	54.66
1.500	18.94	54.66
1.499	18.96	54.66
1.497	18.97	54.66
1.496	19.02	54.66
1.494	19.03	54.66
1.491	19.08	54.66
1.489	19.13	54.66
1.487	19.13	54.66
1.486	19.17	54.66
1.485	19.19	54.66
1.483	19.20	54.66
1.483	19.21	54.66
1.482	19.22	54.66
1.481	19.23	54.66
1.479	19.24	54.66
1.479	19.26	54.66
1.478	19.26	54.66
1.477	19.23	54.66
1.477	19.24	54.66
1.476	19.28	54.65
1.475	19.29	54.65
1.474	19.32	54.65
1.472	19.35	54.65
1.471	19.35	54.65
1.470	19.38	54.65
1.469	19.42	54.65
1.468	19.41	54.65
1.467	19.45	54.65
1.465	19.46	54.65
1.463	19.48	54.65
1.462	19.52	54.65
1.461	19.52	54.65
1.459	19.57	54.65
1.457	19.60	54.65
1.455	19.61	54.65
1.454	19.64	54.65
1.453	19.65	54.65
1.451	19.67	54.65
1.450	19.70	54.64
1.448	19.69	54.64
1.447	19.71	54.64
1.446	19.74	54.64
1.445	19.73	54.64
1.444	19.76	54.64
1.443	19.78	54.64
1.442	19.79	54.64
1.441	19.82	54.64
1.440	19.81	54.64
1.440	19.85	54.64
1.438	19.87	54.64
1.438	19.87	54.64
1.437	19.90	54.64
1.436	19.91	54.64
1.435	19.92	54.64
1.434	19.94	54.64
1.433	19.94	54.64
1.433	19.97	54.63
1.432	19.99	54.63
1.430	20.00	54.63
1.429	20.05	54.63
1.427	20.07	54.63
1.426	20.09	54.63
1.424	20.13	54.63
1.422	20.14	54.63
1.421	20.17	54.63
1.419	20.21	54.63
1.417	20.19	54.63
1.416	20.23	54.63
1.416	20.23	54.63
1.414	20.24	54.63
1.412	20.27	54.63
1.411	20.28	54.63
1.410	20.31	54.63
1.409	20.35	54.63
1.407	20.35	54.63
1.406	20.39	54.63
1.404	20.42	54.63
1.403	20.42	54.63
1.403	20.45	54.63
1.402	20.46	54.63
1.400	20.49	54.63
1.399	20.53	54.63
1.397	20.54	54.63
1.396	20.58	54.63
1.395	20.60	54.63
1.394	20.60	54.63
1.394	20.62	54.63
1.393	20.63	54.63
1.392	20.64	54.63
1.391	20.67	54.63
1.390	20.67	54.63
1.389	20.70	54.63
1.388	20.72	54.63
1.386	20.71	54.63
1.385	20.74	54.63
1.385	20.74	54.63
1.384	20.74	54.63
1.383	20.76	54.63
1.382	20.77	54.63
1.381	20.80	54.63
1.380	20.83	54.63
1.379	20.83	54.63
1.378	20.86	54.63
1.377	20.88	54.63
1.375	20.91	54.63
1.374	20.95	54.63
1.371	20.97	54.63
1.369	21.02	54.63
1.368	21.06	54.63
1.367	21.07	54.63
1.365	21.11	54.63
1.364	21.13	54.63
1.362	21.15	54.62
1.361	21.19	54.62
1.360	21.19	54.62
1.359	21.21	54.62
1.358	21.23	54.62
1.357	21.24	54.62
1.355	21.26	54.62
1.354	21.28	54.62
1.353	21.30	54.62
1.353	21.31	54.62
1.352	21.33	54.62
1.350	21.36	54.62
1.349	21.36	54.62
1.349	21.36	54.62
1.348	21.40	54.62
1.347	21.43	54.62
1.345	21.45	54.62
1.344	21.48	54.62
1.343	21.49	54.62
1.342	21.51	54.62
1.341	21.54	54.62
1.340	21.55	54.62
1.340	21.55	54.62
1.340	21.56	54.62
1.340	21.56	54.62
1.340	21.59	54.62
1.339	21.59	54.62
1.338	21.61	54.62
1.337	21.63	54.62
1.336	21.64	54.62
1.335	21.67	54.62
1.335	21.68	54.62
1.334	21.68	54.62
1.333	21.70	54.62
1.332	21.72	54.62
1.332	21.72	54.62
1.331	21.73	54.62
1.331	21.73	54.62
1.330	21.74	54.62
1.330	21.76	54.62
1.329	21.75	54.62
1.328	21.77	54.62
1.328	21.78	54.62
1.327	21.79	54.62
1.327	21.81	54.62
1.327	21.80	54.62
1.326	21.81	54.62
1.325	21.83	54.62
1.324	21.84	54.62
1.323	21.87	54.62
1.323	21.88	54.62
1.323	21.89	54.62
1.322	21.90	54.62
1.321	21.90	54.62
1.321	21.93	54.61
1.320	21.95	54.61
1.319	21.96	54.61
1.318	21.99	54.61
1.317	22.00	54.61
1.317	22.01	54.61
1.316	22.05	54.61
1.315	22.05	54.61
1.315	22.06	54.61
1.314	22.08	54.61
1.314	22.08	54.61
1.313	22.09	54.61
1.313	22.11	54.61
1.312	22.11	54.61
1.312	22.13	54.61
1.311	22.13	54.61
1.311	22.15	54.61
1.310	22.17	54.61
1.309	22.17	54.61
1.308	22.22	54.61
1.307	22.24	54.61
1.307	22.24	54.61
1.306	22.27	54.61
1.305	22.27	54.61
1.304	22.30	54.61
1.304	22.34	54.61
1.303	22.37	54.61
1.302	22.39	54.61
1.301	22.40	54.61
1.301	22.40	54.61
1.300	22.44	54.61
1.299	22.44	54.61
1.298	22.46	54.61
1.297	22.48	54.61
1.296	22.47	54.61
1.295	22.48	54.61
1.294	22.50	54.61
1.293	22.48	54.61
1.293	22.50	54.61
1.292	22.50	54.61
1.291	22.50	54.61
1.290	22.52	54.61
1.290	22.51	54.61
1.289	22.52	54.61
1.289	22.53	54.61
1.288	22.52	54.61
1.287	22.53	54.61
1.287	22.54	54.61
1.286	22.53	54.60
1.285	22.55	54.60
1.285	22.54	54.60
1.284	22.55	54.60
1.283	22.56	54.60
1.283	22.55	54.60
1.282	22.57	54.60
1.281	22.57	54.60
1.281	22.56	54.60
1.281	22.58	54.60
1.280	22.58	54.60
1.280	22.58	54.60
1.279	22.59	54.60
1.278	22.59	54.60
1.277	22.59	54.60
1.276	22.60	54.60
1.276	22.61	54.60
1.275	22.62	54.60
1.275	22.58	54.60
1.274	22.60	54.60
1.274	22.62	54.60
1.273	22.61	54.60
1.272	22.62	54.60
1.272	22.62	54.60
1.271	22.62	54.60
1.271	22.64	54.60
1.270	22.64	54.60
1.269	22.64	54.60
1.269	22.65	54.60
1.268	22.64	54.60
1.267	22.67	54.60
1.267	22.71	54.60
1.266	22.67	54.60
1.265	22.75	54.60
1.264	22.73	54.60
1.263	22.75	54.60
1.263	22.79	54.60
1.262	22.77	54.60
1.261	22.81	54.60
1.261	22.85	54.60
1.260	22.82	54.60
1.259	22.87	54.60
1.259	22.87	54.60
1.258	22.86	54.60
1.258	22.94	54.60
1.257	22.88	54.60
1.257	22.91	54.60
1.256	22.95	54.60
1.256	22.92	54.60
1.255	22.97	54.60
1.253	22.98	54.60
1.253	22.97	54.60
1.252	23.00	54.60
1.251	22.98	54.60
1.250	22.99	54.60
1.250	23.01	54.60
1.250	22.97	54.60
1.250	23.02	54.60
1.249	23.01	54.60
1.248	22.99	54.60
1.248	23.02	54.60
1.247	22.99	54.60
1.246	23.01	54.60
1.246	23.01	54.60
1.245	22.99	54.60
1.244	23.01	54.60
1.243	23.01	54.60
1.242	23.00	54.60
1.241	23.01	54.60
1.240	23.00	54.60
1.239	23.00	54.60
1.238	23.02	54.60
1.237	22.98	54.60
1.237	23.01	54.60
1.236	23.03	54.60
1.236	23.00	54.60
1.235	23.02	54.60
1.234	23.01	54.60
1.234	23.00	54.60
1.233	23.03	54.60
1.233	22.98	54.60
1.232	23.01	54.60
1.232	23.03	54.60
1.231	22.99	54.60
1.231	23.02	54.60
1.230	23.02	54.60
1.229	22.99	54.60
1.228	23.03	54.60
1.227	23.01	54.60
1.227	23.01	54.60
1.226	23.03	54.60
1.226	23.00	54.60
1.225	23.02	54.60
1.225	23.01	54.60
1.225	22.99	54.60
1.224	23.02	54.60
1.224	23.01	54.60
1.223	23.01	54.60
1.223	23.02	54.60
1.222	22.99	54.60
1.221	23.01	54.60
1.220	23.02	54.60
1.220	23.00	54.60
1.220	23.03	54.60
1.220	22.99	54.60
1.220	23.01	54.60
1.220	23.02	54.59
1.220	22.99	54.59
1.220	23.02	54.60
1.220	23.02	54.59
1.220	23.00	54.59
1.220	23.04	54.59
1.220	23.01	54.59
1.220	23.00	54.59
1.220	23.04	54.59
1.220	22.99	54.59
1.220	23.01	54.59
