****************************************************************************************************
SERIE 55
****************************************************************************************************

Test ipotesi linearità_____________________________________
Covarianza = 0.35838
Indice Pearson = 0.99997 +/- 0.00030
Gradi di Liberta' = 733
	t = 3365.098411071448
	p-value (due code) = 0.0

Parametri___________________________________________________
y = a + bx
a = -0.97887 +/- 0.00436
b = 25.72030 +/- 0.00781

Test bontà fit _____________________________________________
x         y         sy           y*            Chi-quadro   
0.38850   9.01000   0.00289      9.01348       1.44947      
0.38941   9.03000   0.00289      9.03682       5.58489      
0.39017   9.07000   0.00289      9.05636       22.32242     
0.39078   9.07000   0.00289      9.07205       0.50295      
0.39170   9.10000   0.00289      9.09567       2.25123      
0.39262   9.12000   0.00289      9.11940       0.04300      
0.39370   9.15000   0.00289      9.14723       0.91988      
0.39432   9.17000   0.00289      9.16320       5.54379      
0.39494   9.18000   0.00289      9.17923       0.07202      
0.39557   9.20000   0.00289      9.19530       2.65278      
0.39635   9.23000   0.00289      9.21546       25.36560     
0.39714   9.24000   0.00289      9.23570       2.21467      
0.39793   9.26000   0.00289      9.25603       1.89372      
0.39841   9.28000   0.00289      9.26826       16.53813     
0.39888   9.29000   0.00289      9.28052       10.77843     
0.39952   9.32000   0.00289      9.29692       63.93343     
0.40032   9.34000   0.00289      9.31749       60.82543     
0.40048   9.35000   0.00289      9.32161       96.72227     
0.40032   9.34000   0.00289      9.31749       60.82543     
0.40016   9.34000   0.00289      9.31337       85.12538     
0.40000   9.34000   0.00289      9.30925       113.47525    
0.40000   9.35000   0.00289      9.30925       199.27777    
0.39984   9.34000   0.00289      9.30514       145.86528    
0.39984   9.35000   0.00289      9.30514       241.54045    
0.40128   9.38000   0.00289      9.34228       170.76636    
0.40274   9.43000   0.00289      9.37969       303.76593    
0.40404   9.44000   0.00289      9.41317       86.38597     
0.40535   9.48000   0.00289      9.44687       131.72176    
0.40617   9.49000   0.00289      9.46804       57.85823     
0.40700   9.51000   0.00289      9.48930       51.41119     
0.40750   9.53000   0.00289      9.50210       93.41716     
0.40833   9.54000   0.00289      9.52350       32.68077     
0.40917   9.56000   0.00289      9.54498       27.06013     
0.41000   9.57000   0.00289      9.56656       1.42216      
0.41085   9.57000   0.00289      9.58822       39.83700     
0.41152   9.59000   0.00289      9.60561       29.25778     
0.41237   9.62000   0.00289      9.62744       6.63931      
0.41288   9.64000   0.00289      9.64058       0.03977      
0.41356   9.67000   0.00289      9.65814       16.87050     
0.41425   9.67000   0.00289      9.67577       3.99318      
0.41494   9.69000   0.00289      9.69345       1.43048      
0.41545   9.73000   0.00289      9.70675       64.84383     
0.41580   9.73000   0.00289      9.71564       24.74371     
0.41580   9.73000   0.00289      9.71564       24.74371     
0.41580   9.74000   0.00289      9.71564       71.20671     
0.41597   9.74000   0.00289      9.72009       47.57351     
0.41649   9.77000   0.00289      9.73346       160.24532    
0.41771   9.79000   0.00289      9.76478       76.32714     
0.41894   9.82000   0.00289      9.79629       67.48194     
0.42088   9.86000   0.00289      9.84617       22.94868     
0.42212   9.89000   0.00289      9.87816       16.83001     
0.42337   9.91000   0.00289      9.91033       0.01331      
0.42481   9.96000   0.00289      9.94734       19.23397     
0.42571   9.96000   0.00289      9.97060       13.47522     
0.42608   9.97000   0.00289      9.97993       11.82656     
0.42644   9.99000   0.00289      9.98927       0.06325      
0.42717   10.01000  0.00289      10.00801      0.47285      
0.42753   10.02000  0.00289      10.01741      0.80530      
0.42753   10.02000  0.00289      10.01741      0.80530      
0.42772   10.02000  0.00289      10.02211      0.53565      
0.42753   10.03000  0.00289      10.01741      19.02258     
0.42735   10.02000  0.00289      10.01271      6.37694      
0.42772   10.03000  0.00289      10.02211      7.46504      
0.42790   10.04000  0.00289      10.02682      20.84529     
0.42827   10.04000  0.00289      10.03625      1.69040      
0.42955   10.09000  0.00289      10.06937      51.08231     
0.43029   10.10000  0.00289      10.08838      16.19249     
0.43029   10.09000  0.00289      10.08838      0.31347      
0.43029   10.09000  0.00289      10.08838      0.31347      
0.43085   10.09000  0.00289      10.10269      19.32033     
0.43103   10.09000  0.00289      10.10747      36.60407     
0.43159   10.12000  0.00289      10.12182      0.39730      
0.43215   10.14000  0.00289      10.13621      1.72267      
0.43290   10.17000  0.00289      10.15546      25.37630     
0.43365   10.18000  0.00289      10.17477      3.28023      
0.43440   10.20000  0.00289      10.19415      4.10322      
0.43554   10.22000  0.00289      10.22335      1.34692      
0.43611   10.24000  0.00289      10.23801      0.47690      
0.43668   10.26000  0.00289      10.25270      6.39291      
0.43821   10.30000  0.00289      10.29208      7.53560      
0.43975   10.33000  0.00289      10.33173      0.35794      
0.44131   10.38000  0.00289      10.37166      8.34947      
0.44248   10.40000  0.00289      10.40179      0.38568      
0.44366   10.42000  0.00289      10.43209      17.53244     
0.44464   10.44000  0.00289      10.45746      36.56668     
0.44543   10.46000  0.00289      10.47783      38.16117     
0.44603   10.47000  0.00289      10.49316      64.38263     
0.44623   10.48000  0.00289      10.49828      40.10823     
0.44683   10.49000  0.00289      10.51367      67.21537     
0.44743   10.51000  0.00289      10.52909      43.74628     
0.44843   10.53000  0.00289      10.55490      74.37649     
0.44843   10.53000  0.00289      10.55490      74.37649     
0.44924   10.56000  0.00289      10.57562      29.28343     
0.45005   10.58000  0.00289      10.59642      32.36020     
0.45065   10.59000  0.00289      10.61207      58.45506     
0.45126   10.61000  0.00289      10.62776      37.86132     
0.45167   10.63000  0.00289      10.63825      8.16234      
0.45167   10.62000  0.00289      10.63825      39.95608     
0.45208   10.64000  0.00289      10.64875      9.18985      
0.45228   10.65000  0.00289      10.65401      1.92971      
0.45228   10.65000  0.00289      10.65401      1.92971      
0.45208   10.65000  0.00289      10.64875      0.18716      
0.45208   10.66000  0.00289      10.64875      15.18448     
0.45188   10.66000  0.00289      10.64350      32.68235     
0.45188   10.65000  0.00289      10.64350      5.07486      
0.45167   10.66000  0.00289      10.63825      56.78111     
0.45167   10.66000  0.00289      10.63825      56.78111     
0.45167   10.65000  0.00289      10.63825      16.57485     
0.45147   10.66000  0.00289      10.63300      87.46287     
0.45147   10.65000  0.00289      10.63300      34.66921     
0.45147   10.64000  0.00289      10.63300      5.87556      
0.45147   10.64000  0.00289      10.63300      5.87556      
0.45126   10.65000  0.00289      10.62776      59.34008     
0.45167   10.67000  0.00289      10.63825      120.98736    
0.45290   10.69000  0.00289      10.66982      48.88895     
0.45372   10.72000  0.00289      10.69096      101.22197    
0.45475   10.73000  0.00289      10.71749      18.77688     
0.45600   10.76000  0.00289      10.74949      13.25007     
0.45788   10.80000  0.00289      10.79782      0.56861      
0.45956   10.85000  0.00289      10.84112      9.46278      
0.46062   10.88000  0.00289      10.86834      16.30813     
0.46147   10.89000  0.00289      10.89021      0.00533      
0.46232   10.91000  0.00289      10.91216      0.55990      
0.46275   10.91000  0.00289      10.92317      20.79861     
0.46339   10.93000  0.00289      10.93971      11.31666     
0.46382   10.94000  0.00289      10.95077      13.91217     
0.46404   10.95000  0.00289      10.95630      4.76748      
0.46447   10.95000  0.00289      10.96739      36.28992     
0.46490   10.96000  0.00289      10.97850      41.06000     
0.46533   10.98000  0.00289      10.98963      11.11932     
0.46598   10.98000  0.00289      11.00636      83.36561     
0.46685   11.02000  0.00289      11.02874      9.16399      
0.46751   11.04000  0.00289      11.04558      3.73605      
0.46751   11.04000  0.00289      11.04558      3.73605      
0.46751   11.05000  0.00289      11.04558      2.34462      
0.46795   11.05000  0.00289      11.05683      5.60336      
0.46904   11.08000  0.00289      11.08506      3.07203      
0.46904   11.09000  0.00289      11.08506      2.92882      
0.46904   11.09000  0.00289      11.08506      2.92882      
0.46992   11.12000  0.00289      11.10774      18.04799     
0.47059   11.12000  0.00289      11.12480      2.76443      
0.47081   11.13000  0.00289      11.13050      0.02979      
0.47125   11.15000  0.00289      11.14191      7.85110      
0.47148   11.15000  0.00289      11.14763      0.67629      
0.47192   11.16000  0.00289      11.15907      0.10345      
0.47237   11.18000  0.00289      11.17054      10.74208     
0.47281   11.19000  0.00289      11.18203      7.62740      
0.47348   11.21000  0.00289      11.19930      13.73508     
0.47416   11.23000  0.00289      11.21662      21.46817     
0.47483   11.24000  0.00289      11.23400      4.32418      
0.47529   11.26000  0.00289      11.24561      24.86147     
0.47574   11.29000  0.00289      11.25724      128.80520    
0.47596   11.29000  0.00289      11.26306      87.08182     
0.47710   11.32000  0.00289      11.29226      92.31027     
0.47801   11.34000  0.00289      11.31573      70.69805     
0.47847   11.35000  0.00289      11.32749      60.78918     
0.47916   11.37000  0.00289      11.34518      73.90735     
0.47962   11.37000  0.00289      11.35700      20.26624     
0.48008   11.38000  0.00289      11.36885      14.92205     
0.48054   11.39000  0.00289      11.38072      10.34345     
0.48077   11.39000  0.00289      11.38666      1.34031      
0.48123   11.40000  0.00289      11.39856      0.24906      
0.48170   11.42000  0.00289      11.41048      10.86732     
0.48239   11.42000  0.00289      11.42841      8.49393      
0.48286   11.43000  0.00289      11.44040      12.96716     
0.48333   11.45000  0.00289      11.45240      0.69135      
0.48333   11.45000  0.00289      11.45240      0.69135      
0.48333   11.46000  0.00289      11.45240      6.93072      
0.48309   11.45000  0.00289      11.44639      1.55968      
0.48309   11.45000  0.00289      11.44639      1.55968      
0.48309   11.46000  0.00289      11.44639      22.21211     
0.48333   11.45000  0.00289      11.45240      0.69135      
0.48450   11.48000  0.00289      11.48251      0.75890      
0.48567   11.51000  0.00289      11.51278      0.92444      
0.48638   11.52000  0.00289      11.53100      14.52704     
0.48638   11.53000  0.00289      11.53100      0.12064      
0.48638   11.52000  0.00289      11.53100      14.52704     
0.48638   11.53000  0.00289      11.53100      0.12064      
0.48638   11.53000  0.00289      11.53100      0.12064      
0.48685   11.54000  0.00289      11.54318      1.21628      
0.48757   11.55000  0.00289      11.56150      15.86912     
0.48804   11.59000  0.00289      11.57374      31.72589     
0.48852   11.58000  0.00289      11.58600      4.32657      
0.48828   11.59000  0.00289      11.57987      12.31557     
0.48828   11.59000  0.00289      11.57987      12.31557     
0.48828   11.58000  0.00289      11.57987      0.00205      
0.48852   11.61000  0.00289      11.58600      69.09375     
0.48900   11.62000  0.00289      11.59829      56.54354     
0.48924   11.61000  0.00289      11.60445      3.70142      
0.48948   11.63000  0.00289      11.61061      45.13809     
0.48996   11.63000  0.00289      11.62294      5.97789      
0.49044   11.64000  0.00289      11.63530      2.64770      
0.49092   11.65000  0.00289      11.64769      0.64155      
0.49140   11.67000  0.00289      11.66010      11.76786     
0.49188   11.68000  0.00289      11.67253      6.69430      
0.49213   11.70000  0.00289      11.67876      54.15134     
0.49261   11.70000  0.00289      11.69123      9.23447      
0.49358   11.74000  0.00289      11.71624      67.72932     
0.49456   11.76000  0.00289      11.74136      41.70898     
0.49603   11.79000  0.00289      11.77921      13.95934     
0.49628   11.80000  0.00289      11.78555      25.07010     
0.49652   11.81000  0.00289      11.79188      39.38333     
0.49702   11.81000  0.00289      11.80458      3.52718      
0.49702   11.82000  0.00289      11.80458      28.53890     
0.49702   11.82000  0.00289      11.80458      28.53890     
0.49751   11.83000  0.00289      11.81730      19.35997     
0.49826   11.84000  0.00289      11.83643      1.53315      
0.49850   11.85000  0.00289      11.84281      6.19647      
0.49900   11.85000  0.00289      11.85561      3.77691      
0.49950   11.86000  0.00289      11.86843      8.53153      
0.49975   11.86000  0.00289      11.87485      26.47087     
0.50025   11.88000  0.00289      11.88771      7.13782      
0.50100   11.89000  0.00289      11.90705      34.88839     
0.50150   11.91000  0.00289      11.91998      11.94174     
0.50176   11.92000  0.00289      11.92645      4.98885      
0.50226   11.92000  0.00289      11.93941      45.21643     
0.50302   11.95000  0.00289      11.95891      9.51764      
0.50352   11.96000  0.00289      11.97193      17.09274     
0.50403   11.98000  0.00289      11.98499      2.98807      
0.50429   11.98000  0.00289      11.99153      15.94613     
0.50505   11.98000  0.00289      12.01118      116.66061    
0.50505   11.99000  0.00289      12.01118      53.82941     
0.50505   12.00000  0.00289      12.01118      14.99820     
0.50582   12.01000  0.00289      12.03089      52.37423     
0.50633   12.02000  0.00289      12.04407      69.49997     
0.50684   12.06000  0.00289      12.05727      0.89630      
0.50736   12.06000  0.00289      12.07049      13.21734     
0.50761   12.08000  0.00289      12.07712      0.99601      
0.50813   12.10000  0.00289      12.09039      11.08848     
0.50865   12.10000  0.00289      12.10368      1.62737      
0.50891   12.11000  0.00289      12.11034      0.01390      
0.50942   12.12000  0.00289      12.12368      1.62182      
0.50968   12.13000  0.00289      12.13035      0.01508      
0.50994   12.15000  0.00289      12.13704      20.15718     
0.51046   12.15000  0.00289      12.15043      0.02217      
0.51073   12.16000  0.00289      12.15714      0.98478      
0.51099   12.18000  0.00289      12.16385      31.30791     
0.51125   12.19000  0.00289      12.17057      45.31789     
0.51177   12.20000  0.00289      12.18403      30.62101     
0.51230   12.21000  0.00289      12.19751      18.71289     
0.51256   12.22000  0.00289      12.20427      29.70693     
0.51308   12.24000  0.00289      12.21779      59.17204     
0.51361   12.27000  0.00289      12.23135      179.25838    
0.51387   12.26000  0.00289      12.23814      57.35138     
0.51387   12.27000  0.00289      12.23814      121.81914    
0.51440   12.28000  0.00289      12.25174      95.86123     
0.51520   12.30000  0.00289      12.27219      92.83863     
0.51546   12.31000  0.00289      12.27902      115.20260    
0.51573   12.31000  0.00289      12.28585      69.96774     
0.51573   12.31000  0.00289      12.28585      69.96774     
0.51600   12.33000  0.00289      12.29270      166.97437    
0.51600   12.32000  0.00289      12.29270      89.44912     
0.51600   12.33000  0.00289      12.29270      166.97437    
0.51626   12.34000  0.00289      12.29955      196.34989    
0.51653   12.33000  0.00289      12.30641      66.78925     
0.51680   12.34000  0.00289      12.31327      85.71419     
0.51706   12.34000  0.00289      12.32015      47.29809     
0.51733   12.34000  0.00289      12.32703      20.19660     
0.51760   12.34000  0.00289      12.33391      4.44492      
0.51760   12.34000  0.00289      12.33391      4.44492      
0.51760   12.34000  0.00289      12.33391      4.44492      
0.51813   12.36000  0.00289      12.34771      18.12676     
0.51894   12.36000  0.00289      12.36846      8.58178      
0.51921   12.38000  0.00289      12.37539      2.55388      
0.51948   12.39000  0.00289      12.38232      7.07052      
0.51975   12.38000  0.00289      12.38927      10.30858     
0.52002   12.40000  0.00289      12.39622      1.71443      
0.52029   12.40000  0.00289      12.40318      1.21283      
0.52110   12.41000  0.00289      12.42410      23.85549     
0.52165   12.44000  0.00289      12.43808      0.44109      
0.52192   12.44000  0.00289      12.44509      3.10330      
0.52247   12.46000  0.00289      12.45911      0.09452      
0.52301   12.47000  0.00289      12.47317      1.20507      
0.52301   12.47000  0.00289      12.47317      1.20507      
0.52356   12.49000  0.00289      12.48725      0.90430      
0.52411   12.49000  0.00289      12.50137      15.51403     
0.52438   12.50000  0.00289      12.50844      8.54624      
0.52466   12.51000  0.00289      12.51552      3.65029      
0.52466   12.51000  0.00289      12.51552      3.65029      
0.52466   12.52000  0.00289      12.51552      2.41345      
0.52466   12.53000  0.00289      12.51552      25.17660     
0.52466   12.52000  0.00289      12.51552      2.41345      
0.52466   12.52000  0.00289      12.51552      2.41345      
0.52466   12.52000  0.00289      12.51552      2.41345      
0.52466   12.52000  0.00289      12.51552      2.41345      
0.52466   12.53000  0.00289      12.51552      25.17660     
0.52493   12.54000  0.00289      12.52260      36.33529     
0.52549   12.54000  0.00289      12.53679      1.23750      
0.52576   12.56000  0.00289      12.54389      31.12562     
0.52632   12.57000  0.00289      12.55813      16.90989     
0.52715   12.58000  0.00289      12.57954      0.02570      
0.52770   12.60000  0.00289      12.59385      4.54329      
0.52798   12.61000  0.00289      12.60101      9.69182      
0.52882   12.63000  0.00289      12.62256      6.64774      
0.52966   12.66000  0.00289      12.64417      30.07269     
0.53050   12.67000  0.00289      12.66585      2.06600      
0.53163   12.71000  0.00289      12.69487      27.48240     
0.53277   12.74000  0.00289      12.72401      30.69638     
0.53305   12.74000  0.00289      12.73131      9.06098      
0.53390   12.76000  0.00289      12.75327      5.43487      
0.53476   12.78000  0.00289      12.77530      2.65041      
0.53533   12.78000  0.00289      12.79003      12.06355     
0.53619   12.81000  0.00289      12.81217      0.56757      
0.53677   12.81000  0.00289      12.82698      34.59848     
0.53735   12.82000  0.00289      12.84182      57.11795     
0.53821   12.85000  0.00289      12.86413      23.96717     
0.53879   12.85000  0.00289      12.87905      101.26476    
0.53937   12.86000  0.00289      12.89400      138.70944    
0.54025   12.88000  0.00289      12.91648      159.72198    
0.54054   12.89000  0.00289      12.92399      138.67187    
0.54113   12.92000  0.00289      12.93904      43.50485     
0.54201   12.94000  0.00289      12.96167      56.35714     
0.54201   12.94000  0.00289      12.96167      56.35714     
0.54259   12.95000  0.00289      12.97680      86.18458     
0.54318   12.96000  0.00289      12.99196      122.57539    
0.54407   12.99000  0.00289      13.01476      73.58848     
0.54466   13.02000  0.00289      13.03001      12.01738     
0.54526   13.02000  0.00289      13.04528      76.71428     
0.54555   13.04000  0.00289      13.05294      20.07780     
0.54615   13.06000  0.00289      13.06826      8.19120      
0.54645   13.06000  0.00289      13.07594      30.48235     
0.54705   13.09000  0.00289      13.09132      0.20758      
0.54735   13.09000  0.00289      13.09902      9.75567      
0.54765   13.11000  0.00289      13.10673      1.28614      
0.54765   13.12000  0.00289      13.10673      21.14330     
0.54795   13.13000  0.00289      13.11444      29.03750     
0.54825   13.14000  0.00289      13.12217      38.14514     
0.54885   13.15000  0.00289      13.13765      18.30400     
0.54915   13.17000  0.00289      13.14540      72.60957     
0.54915   13.17000  0.00289      13.14540      72.60957     
0.54975   13.17000  0.00289      13.16093      9.86886      
0.55036   13.18000  0.00289      13.17650      1.47400      
0.55096   13.20000  0.00289      13.19209      7.50163      
0.55096   13.21000  0.00289      13.19209      38.47736     
0.55157   13.23000  0.00289      13.20773      59.53541     
0.55249   13.24000  0.00289      13.23124      9.20902      
0.55279   13.25000  0.00289      13.23909      14.27031     
0.55340   13.26000  0.00289      13.25483      3.20557      
0.55402   13.27000  0.00289      13.27060      0.04363      
0.55463   13.26000  0.00289      13.28641      83.69448     
0.55494   13.28000  0.00289      13.29433      24.62713     
0.55525   13.29000  0.00289      13.30225      18.01005     
0.55556   13.29000  0.00289      13.31018      48.89125     
0.55617   13.30000  0.00289      13.32608      81.61504     
0.55648   13.32000  0.00289      13.33404      23.65350     
0.55679   13.32000  0.00289      13.34201      58.12754     
0.55741   13.34000  0.00289      13.35797      38.76910     
0.55772   13.34000  0.00289      13.36597      80.93490     
0.55772   13.34000  0.00289      13.36597      80.93490     
0.55804   13.36000  0.00289      13.37398      23.43693     
0.55804   13.36000  0.00289      13.37398      23.43693     
0.55804   13.37000  0.00289      13.37398      1.89632      
0.55866   13.38000  0.00289      13.39001      12.02871     
0.55897   13.38000  0.00289      13.39804      39.06924     
0.55928   13.40000  0.00289      13.40608      4.44258      
0.55991   13.41000  0.00289      13.42219      17.84062     
0.56054   13.42000  0.00289      13.43834      40.35298     
0.56085   13.43000  0.00289      13.44642      32.36865     
0.56117   13.44000  0.00289      13.45452      25.29522     
0.56148   13.45000  0.00289      13.46262      19.12028     
0.56148   13.46000  0.00289      13.46262      0.82550      
0.56211   13.47000  0.00289      13.47886      9.41643      
0.56243   13.47000  0.00289      13.48699      34.63839     
0.56275   13.49000  0.00289      13.49513      3.15853      
0.56306   13.49000  0.00289      13.50328      21.16359     
0.56306   13.50000  0.00289      13.50328      1.29115      
0.56370   13.51000  0.00289      13.51961      11.07602     
0.56402   13.52000  0.00289      13.52778      7.27213      
0.56433   13.54000  0.00289      13.53597      1.94768      
0.56465   13.53000  0.00289      13.54417      24.08487     
0.56497   13.54000  0.00289      13.55237      18.36863     
0.56529   13.56000  0.00289      13.56059      0.04129      
0.56593   13.57000  0.00289      13.57704      5.95291      
0.56657   13.60000  0.00289      13.59354      5.01210      
0.56786   13.64000  0.00289      13.62664      21.42668     
0.56883   13.64000  0.00289      13.65156      16.04048     
0.56915   13.66000  0.00289      13.65989      0.00149      
0.57013   13.69000  0.00289      13.68493      3.08905      
0.57078   13.70000  0.00289      13.70167      0.33300      
0.57110   13.70000  0.00289      13.71005      12.12010     
0.57176   13.71000  0.00289      13.72685      34.05798     
0.57208   13.71000  0.00289      13.73526      76.56651     
0.57241   13.73000  0.00289      13.74368      22.46447     
0.57307   13.74000  0.00289      13.76056      50.70707     
0.57372   13.75000  0.00289      13.77747      90.54518     
0.57405   13.77000  0.00289      13.78594      30.48952     
0.57471   13.77000  0.00289      13.80291      129.97540    
0.57537   13.80000  0.00289      13.81992      47.62166     
0.57604   13.81000  0.00289      13.83697      87.28780     
0.57637   13.82000  0.00289      13.84551      78.08946     
0.57670   13.82000  0.00289      13.85406      139.20147    
0.57737   13.85000  0.00289      13.87119      53.86692     
0.57770   13.86000  0.00289      13.87977      46.88308     
0.57803   13.87000  0.00289      13.88835      40.42761     
0.57870   13.89000  0.00289      13.90556      29.06179     
0.57937   13.91000  0.00289      13.92281      19.69000     
0.58005   13.93000  0.00289      13.94010      12.23353     
0.58072   13.94000  0.00289      13.95742      36.43285     
0.58106   13.96000  0.00289      13.96610      4.46984      
0.58207   13.98000  0.00289      13.99220      17.86178     
0.58241   13.98000  0.00289      14.00092      52.51583     
0.58275   13.99000  0.00289      14.00965      46.33063     
0.58309   14.00000  0.00289      14.01839      40.57775     
0.58343   14.02000  0.00289      14.02714      6.11525      
0.58411   14.04000  0.00289      14.04467      2.61600      
0.58480   14.05000  0.00289      14.06224      17.97940     
0.58582   14.09000  0.00289      14.08867      0.21076      
0.58685   14.12000  0.00289      14.11520      2.76238      
0.58789   14.12000  0.00289      14.14182      57.14942     
0.58858   14.14000  0.00289      14.15962      46.20541     
0.58962   14.16000  0.00289      14.18640      83.63877     
0.58997   14.17000  0.00289      14.19535      77.10026     
0.59032   14.19000  0.00289      14.20431      24.55683     
0.59102   14.19000  0.00289      14.22225      124.82508    
0.59172   14.21000  0.00289      14.24024      109.74774    
0.59207   14.23000  0.00289      14.24925      44.47901     
0.59277   14.23000  0.00289      14.26731      167.00841    
0.59312   14.24000  0.00289      14.27635      158.54821    
0.59382   14.27000  0.00289      14.29447      71.83396     
0.59453   14.27000  0.00289      14.31263      218.05310    
0.59524   14.29000  0.00289      14.33083      200.06761    
0.59559   14.31000  0.00289      14.33995      107.64084    
0.59595   14.31000  0.00289      14.34908      183.26291    
0.59630   14.33000  0.00289      14.35822      95.56009     
0.59630   14.33000  0.00289      14.35822      95.56009     
0.59630   14.33000  0.00289      14.35822      95.56009     
0.59701   14.36000  0.00289      14.37653      32.79818     
0.59737   14.36000  0.00289      14.38571      79.29099     
0.59809   14.38000  0.00289      14.40408      69.60410     
0.59844   14.40000  0.00289      14.41329      21.19406     
0.59916   14.40000  0.00289      14.43173      120.84949    
0.59952   14.43000  0.00289      14.44097      14.45008     
0.60024   14.44000  0.00289      14.45948      45.55843     
0.60060   14.47000  0.00289      14.46876      0.18541      
0.60132   14.48000  0.00289      14.48734      6.45629      
0.60168   14.49000  0.00289      14.49664      5.29202      
0.60241   14.51000  0.00289      14.51529      3.35300      
0.60277   14.51000  0.00289      14.52463      25.66844     
0.60350   14.54000  0.00289      14.54334      1.33721      
0.60423   14.57000  0.00289      14.56210      7.49653      
0.60569   14.60000  0.00289      14.59975      0.00760      
0.60716   14.61000  0.00289      14.63758      91.30214     
0.60790   14.63000  0.00289      14.65657      84.71645     
0.60827   14.65000  0.00289      14.66608      31.03072     
0.60901   14.66000  0.00289      14.68514      75.82235     
0.60976   14.68000  0.00289      14.70424      70.50427     
0.61013   14.68000  0.00289      14.71381      137.15641    
0.61087   14.68000  0.00289      14.73298      336.82980    
0.61125   14.69000  0.00289      14.74258      331.81112    
0.61162   14.69000  0.00289      14.75220      464.25659    
0.61200   14.71000  0.00289      14.76183      322.32526    
0.61237   14.72000  0.00289      14.77147      317.85220    
0.61275   14.72000  0.00289      14.78112      448.23641    
0.61312   14.73000  0.00289      14.79078      443.30363    
0.61350   14.75000  0.00289      14.80045      305.47926    
0.61425   14.77000  0.00289      14.81984      298.07662    
0.61425   14.78000  0.00289      14.81984      190.46191    
0.61463   14.78000  0.00289      14.82955      294.62184    
0.61501   14.79000  0.00289      14.83927      291.32842    
0.61538   14.81000  0.00289      14.84901      182.57909    
0.61652   14.83000  0.00289      14.87828      279.72724    
0.61728   14.84000  0.00289      14.89786      401.70284    
0.61805   14.87000  0.00289      14.91748      270.55529    
0.61843   14.88000  0.00289      14.92731      268.63020    
0.61920   14.90000  0.00289      14.94701      265.21255    
0.61920   14.92000  0.00289      14.94701      87.55616     
0.61958   14.92000  0.00289      14.95688      163.20805    
0.61996   14.93000  0.00289      14.96676      162.14390    
0.62073   14.96000  0.00289      14.98655      84.61762     
0.62189   14.98000  0.00289      15.01634      158.47884    
0.62267   15.03000  0.00289      15.03626      4.70276      
0.62383   15.07000  0.00289      15.06623      1.70343      
0.62500   15.09000  0.00289      15.09632      4.78840      
0.62578   15.11000  0.00289      15.11644      4.97072      
0.62696   15.12000  0.00289      15.14671      85.60673     
0.62775   15.13000  0.00289      15.16695      163.87976    
0.62814   15.14000  0.00289      15.17710      165.14028    
0.62854   15.15000  0.00289      15.18725      166.51959    
0.62893   15.16000  0.00289      15.19742      168.01932    
0.62972   15.16000  0.00289      15.21779      400.78826    
0.63012   15.18000  0.00289      15.22800      276.45378    
0.63091   15.20000  0.00289      15.24845      281.66542    
0.63171   15.21000  0.00289      15.26895      417.01253    
0.63211   15.21000  0.00289      15.27922      574.97644    
0.63251   15.23000  0.00289      15.28950      424.88527    
0.63331   15.25000  0.00289      15.31011      433.58246    
0.63412   15.26000  0.00289      15.33077      600.97286    
0.63452   15.28000  0.00289      15.34112      448.23068    
0.63492   15.28000  0.00289      15.35148      613.10344    
0.63573   15.30000  0.00289      15.37224      626.26800    
0.63654   15.33000  0.00289      15.39306      477.15948    
0.63694   15.35000  0.00289      15.40349      343.29182    
0.63776   15.37000  0.00289      15.42438      354.88804    
0.63857   15.40000  0.00289      15.44533      246.59039    
0.63939   15.43000  0.00289      15.46633      158.41951    
0.63980   15.45000  0.00289      15.47686      86.54683     
0.64061   15.47000  0.00289      15.49794      93.67172     
0.64103   15.49000  0.00289      15.50850      41.07549     
0.64185   15.52000  0.00289      15.52967      11.21185     
0.64267   15.56000  0.00289      15.55089      9.96949      
0.64350   15.58000  0.00289      15.57216      7.37766      
0.64433   15.58000  0.00289      15.59349      21.83015     
0.64516   15.59000  0.00289      15.61487      74.23030     
0.64599   15.61000  0.00289      15.63631      83.06802     
0.64725   15.62000  0.00289      15.66857      283.11826    
0.64809   15.63000  0.00289      15.69015      434.17486    
0.64935   15.65000  0.00289      15.72262      632.89140    
0.65020   15.66000  0.00289      15.74434      853.61709    
0.65104   15.68000  0.00289      15.76612      889.92497    
0.65189   15.73000  0.00289      15.78795      402.95979    
0.65317   15.77000  0.00289      15.82080      309.71194    
0.65402   15.81000  0.00289      15.84278      128.92456    
0.65488   15.84000  0.00289      15.86481      73.86367     
0.65574   15.86000  0.00289      15.88690      86.83296     
0.65617   15.88000  0.00289      15.89797      38.73646     
0.65660   15.90000  0.00289      15.90905      9.82408      
0.65746   15.91000  0.00289      15.93125      54.20990     
0.65789   15.93000  0.00289      15.94238      18.39017     
0.65876   15.96000  0.00289      15.96467      2.62112      
0.66007   16.00000  0.00289      15.99823      0.37799      
0.66094   16.04000  0.00289      16.02067      44.85260     
0.66225   16.07000  0.00289      16.05444      29.05086     
0.66357   16.09000  0.00289      16.08835      0.32705      
0.66445   16.11000  0.00289      16.11103      0.12726      
0.66489   16.12000  0.00289      16.12239      0.68705      
0.66534   16.14000  0.00289      16.13377      4.65624      
0.66578   16.15000  0.00289      16.14516      2.80630      
0.66667   16.16000  0.00289      16.16800      7.67263      
0.66711   16.17000  0.00289      16.17944      10.68238     
0.66800   16.18000  0.00289      16.20236      59.98895     
0.66890   16.20000  0.00289      16.22534      77.07543     
0.67024   16.24000  0.00289      16.25994      47.69555     
0.67114   16.27000  0.00289      16.28308      20.51722     
0.67159   16.28000  0.00289      16.29467      25.82081     
0.67249   16.30000  0.00289      16.31790      38.45577     
0.67295   16.33000  0.00289      16.32954      0.02524      
0.67340   16.34000  0.00289      16.34120      0.17189      
0.67385   16.35000  0.00289      16.35287      0.98709      
0.67431   16.37000  0.00289      16.36455      3.55777      
0.67431   16.37000  0.00289      16.36455      3.55777      
0.67476   16.37000  0.00289      16.37626      4.69908      
0.67476   16.38000  0.00289      16.37626      1.68056      
0.67522   16.40000  0.00289      16.38798      17.34851     
0.67568   16.41000  0.00289      16.39971      12.70463     
0.67568   16.41000  0.00289      16.39971      12.70463     
0.67613   16.42000  0.00289      16.41146      8.75012      
0.67659   16.44000  0.00289      16.42323      33.76025     
0.67751   16.47000  0.00289      16.44681      64.54971     
0.67843   16.49000  0.00289      16.47045      45.85918     
0.67935   16.53000  0.00289      16.49416      154.14574    
0.68074   16.55000  0.00289      16.52984      48.75688     
0.68213   16.58000  0.00289      16.56567      24.63327     
0.68306   16.61000  0.00289      16.58964      49.74132     
0.68446   16.62000  0.00289      16.62572      3.91994      
0.68540   16.64000  0.00289      16.64985      11.63758     
0.68634   16.66000  0.00289      16.67405      23.67645     
0.68729   16.68000  0.00289      16.69831      40.23805     
0.68823   16.70000  0.00289      16.72264      61.52817     
0.68918   16.73000  0.00289      16.74704      34.85445     
0.68966   16.75000  0.00289      16.75927      10.30632     
0.69013   16.76000  0.00289      16.77151      15.89516     
0.69013   16.77000  0.00289      16.77151      0.27329      
0.69061   16.78000  0.00289      16.78377      1.70343      
0.69109   16.79000  0.00289      16.79604      4.38237      
0.69109   16.81000  0.00289      16.79604      23.37521     
0.69156   16.81000  0.00289      16.80834      0.33242      
0.69204   16.83000  0.00289      16.82065      10.50166     
0.69252   16.85000  0.00289      16.83297      34.79576     
0.69348   16.87000  0.00289      16.85768      18.22568     
0.69396   16.89000  0.00289      16.87005      47.74159     
0.69493   16.92000  0.00289      16.89486      75.83445     
0.69589   16.95000  0.00289      16.91974      109.89635    
0.69686   16.97000  0.00289      16.94468      76.91064     
0.69784   17.00000  0.00289      16.96970      110.17813    
0.69881   17.02000  0.00289      16.99478      76.29951     
0.69979   17.05000  0.00289      17.01994      108.43302    
0.70077   17.06000  0.00289      17.04517      26.40570     
0.70126   17.08000  0.00289      17.05781      59.11107     
0.70175   17.09000  0.00289      17.07046      45.80380     
0.70225   17.10000  0.00289      17.08314      34.11927     
0.70274   17.11000  0.00289      17.09583      24.09160     
0.70373   17.13000  0.00289      17.12127      9.14489      
0.70472   17.14000  0.00289      17.14678      5.51855      
0.70621   17.17000  0.00289      17.18518      27.66372     
0.70721   17.19000  0.00289      17.21087      52.29177     
0.70721   17.21000  0.00289      17.21087      0.09187      
0.70771   17.22000  0.00289      17.22375      1.68581      
0.70771   17.22000  0.00289      17.22375      1.68581      
0.70771   17.23000  0.00289      17.22375      4.69032      
0.70822   17.25000  0.00289      17.23664      21.42038     
0.70872   17.26000  0.00289      17.24955      13.10646     
0.70922   17.28000  0.00289      17.26248      36.84625     
0.70972   17.30000  0.00289      17.27542      72.48107     
0.71073   17.32000  0.00289      17.30137      41.64372     
0.71124   17.34000  0.00289      17.31437      78.81024     
0.71225   17.35000  0.00289      17.34043      10.98656     
0.71327   17.38000  0.00289      17.36656      21.66093     
0.71378   17.40000  0.00289      17.37966      49.64972     
0.71531   17.45000  0.00289      17.41906      114.90967    
0.71685   17.48000  0.00289      17.45862      54.84927     
0.71788   17.51000  0.00289      17.48509      74.44741     
0.71839   17.52000  0.00289      17.49836      56.21236     
0.71891   17.54000  0.00289      17.51164      96.51459     
0.71942   17.55000  0.00289      17.52494      75.34509     
0.71994   17.56000  0.00289      17.53826      56.69324     
0.72098   17.57000  0.00289      17.56497      3.04188      
0.72150   17.58000  0.00289      17.57834      0.32884      
0.72254   17.60000  0.00289      17.60516      3.19681      
0.72359   17.62000  0.00289      17.63206      17.44109     
0.72516   17.65000  0.00289      17.67254      60.98611     
0.72569   17.68000  0.00289      17.68608      4.43424      
0.72622   17.69000  0.00289      17.69963      11.13677     
0.72622   17.70000  0.00289      17.69963      0.01611      
0.72674   17.72000  0.00289      17.71321      5.53558      
0.72727   17.73000  0.00289      17.72680      1.22700      
0.72780   17.76000  0.00289      17.74042      46.02222     
0.72886   17.78000  0.00289      17.76770      18.14310     
0.72939   17.79000  0.00289      17.78138      8.92146      
0.72993   17.81000  0.00289      17.79507      26.74419     
0.73099   17.83000  0.00289      17.82252      6.71672      
0.73153   17.85000  0.00289      17.83627      22.61406     
0.73206   17.87000  0.00289      17.85005      47.77863     
0.73314   17.91000  0.00289      17.87765      125.54733    
0.73475   17.95000  0.00289      17.91922      113.69438    
0.73584   17.98000  0.00289      17.94703      130.43434    
0.73692   18.00000  0.00289      17.97492      75.45204     
0.73801   18.02000  0.00289      18.00290      35.08568     
0.73855   18.03000  0.00289      18.01692      20.53071     
0.73910   18.04000  0.00289      18.03096      9.80735      
0.73964   18.05000  0.00289      18.04502      2.97584      
0.74074   18.07000  0.00289      18.07320      1.23166      
0.74184   18.10000  0.00289      18.10147      0.25962      
0.74349   18.14000  0.00289      18.14403      1.94821      
0.74460   18.17000  0.00289      18.17251      0.75431      
0.74571   18.21000  0.00289      18.20107      9.56939      
0.74683   18.23000  0.00289      18.22972      0.00953      
0.74738   18.25000  0.00289      18.24407      4.21360      
0.74794   18.26000  0.00289      18.25845      0.28755      
0.74850   18.28000  0.00289      18.27285      6.13261      
0.74906   18.29000  0.00289      18.28727      0.89305      
0.74963   18.31000  0.00289      18.30171      8.23820      
0.75075   18.34000  0.00289      18.33066      10.45886     
0.75188   18.38000  0.00289      18.35970      49.44546     
0.75301   18.42000  0.00289      18.38883      116.62229    
0.75415   18.44000  0.00289      18.41804      57.88130     
0.75529   18.46000  0.00289      18.44734      19.23874     
0.75643   18.48000  0.00289      18.47673      1.28530      
0.75700   18.50000  0.00289      18.49146      8.76166      
0.75700   18.50000  0.00289      18.49146      8.76166      
0.75758   18.51000  0.00289      18.50621      1.72785      
0.75758   18.52000  0.00289      18.50621      22.83480     
0.75815   18.52000  0.00289      18.52098      0.11479      
0.75873   18.54000  0.00289      18.53577      2.14402      
0.75930   18.55000  0.00289      18.55059      0.04185      
0.75988   18.57000  0.00289      18.56543      2.50554      
0.75988   18.58000  0.00289      18.56543      25.47211     
0.76046   18.58000  0.00289      18.58029      0.01031      
0.76161   18.61000  0.00289      18.61009      0.00089      
0.76278   18.64000  0.00289      18.63997      0.00011      
0.76278   18.65000  0.00289      18.63997      12.07146     
0.76278   18.66000  0.00289      18.63997      48.14281     
0.76336   18.67000  0.00289      18.65495      27.19300     
0.76394   18.68000  0.00289      18.66995      12.13096     
0.76394   18.70000  0.00289      18.66995      108.39217    
0.76453   18.71000  0.00289      18.68497      75.19445     
0.76453   18.72000  0.00289      18.68497      147.27217    
0.76511   18.73000  0.00289      18.70001      107.90907    
0.76570   18.74000  0.00289      18.71508      74.51664     
0.76628   18.77000  0.00289      18.73017      190.35386    
0.76687   18.78000  0.00289      18.74529      144.60625    
0.76746   18.80000  0.00289      18.76042      187.95463    
0.76805   18.82000  0.00289      18.77558      236.72962    
0.76923   18.85000  0.00289      18.80598      232.57503    
0.77101   18.89000  0.00289      18.85174      175.67029    
0.77280   18.93000  0.00289      18.89771      125.08672    
0.77340   18.95000  0.00289      18.91309      163.51366    
0.77340   18.96000  0.00289      18.91309      264.10629    
0.77340   18.96000  0.00289      18.91309      264.10629    
0.77340   18.96000  0.00289      18.91309      264.10629    
0.77399   18.97000  0.00289      18.92848      206.84281    
0.77459   18.99000  0.00289      18.94390      254.99469    
0.77519   18.99000  0.00289      18.95935      112.75447    
0.77580   19.02000  0.00289      18.97481      245.00489    
0.77640   19.02000  0.00289      18.99031      105.80279    
0.77700   19.03000  0.00289      19.00582      70.14442     
0.77760   19.05000  0.00289      19.02136      98.40932     
0.77882   19.08000  0.00289      19.05252      90.64433     
0.78003   19.11000  0.00289      19.08377      82.58528     
0.78064   19.13000  0.00289      19.09943      112.15817    
0.78125   19.14000  0.00289      19.11511      74.31695     
0.78186   19.15000  0.00289      19.13082      44.12258     
0.78186   19.17000  0.00289      19.13082      184.16353    
0.78247   19.19000  0.00289      19.14656      226.44310    
0.78309   19.20000  0.00289      19.16232      170.37370    
0.78370   19.22000  0.00289      19.17810      210.62641    
0.78431   19.24000  0.00289      19.19391      254.86981    
0.78555   19.27000  0.00289      19.22561      236.48491    
0.78616   19.28000  0.00289      19.24149      177.94973    
0.78678   19.30000  0.00289      19.25740      217.76720    
0.78740   19.32000  0.00289      19.27333      261.32067    
0.78864   19.36000  0.00289      19.30528      359.33958    
0.78927   19.39000  0.00289      19.32129      566.56733    
0.79051   19.41000  0.00289      19.35338      384.66210    
0.79114   19.42000  0.00289      19.36947      306.41366    
0.79177   19.44000  0.00289      19.38558      355.39127    
0.79239   19.45000  0.00289      19.40172      279.75996    
0.79302   19.46000  0.00289      19.41788      212.90787    
0.79365   19.47000  0.00289      19.43407      154.94804    
0.79491   19.49000  0.00289      19.46652      66.16141     
0.79554   19.50000  0.00289      19.48278      35.56486     
0.79618   19.53000  0.00289      19.49908      114.75809    
0.79745   19.56000  0.00289      19.53174      95.86366     
0.79872   19.59000  0.00289      19.56450      78.02774     
0.79936   19.61000  0.00289      19.58092      101.46410    
0.80000   19.63000  0.00289      19.59737      127.76787    
0.80064   19.65000  0.00289      19.61384      156.87130    
0.80064   19.67000  0.00289      19.61384      378.42040    
0.80128   19.68000  0.00289      19.63034      295.88011    
0.80192   19.70000  0.00289      19.64687      338.71587    
0.80257   19.71000  0.00289      19.66343      260.30638    
0.80321   19.74000  0.00289      19.68001      431.92406    
0.80386   19.76000  0.00289      19.69661      482.16328    
0.80515   19.78000  0.00289      19.72991      301.12974    
0.80580   19.82000  0.00289      19.74659      646.62853    
0.80710   19.85000  0.00289      19.78005      587.18947    
0.80841   19.88000  0.00289      19.81361      528.89047    
0.80972   19.90000  0.00289      19.84728      333.48187    
0.80972   19.91000  0.00289      19.84728      472.00115    
0.81037   19.92000  0.00289      19.86416      374.16489    
0.81103   19.93000  0.00289      19.88106      287.35722    
0.81103   19.94000  0.00289      19.88106      416.80145    
0.81169   19.95000  0.00289      19.89800      324.52153    
0.81235   19.96000  0.00289      19.91496      243.47599    
0.81301   19.97000  0.00289      19.93194      173.80206    
0.81367   19.99000  0.00289      19.94896      202.14044    

Gradi di liberta = 733
Chi-quadro = 54975.423810290835
p-value = 0.0
Errore a posteriori = 0.02500

Test ipotesi funzione costante_______________________________
Gradi di Liberta' = 733
t = 3292.5152110314543
p-value = 0.0

Test ipotesi compatibilità misure____________________________
x         y         sy           y_media_p     Chi-quadro   
0.38850   9.01000   0.00289      14.05158      3050101.32747
0.38941   9.03000   0.00289      14.05158      3025949.75196
0.39017   9.07000   0.00289      14.05158      2977934.60094
0.39078   9.07000   0.00289      14.05158      2977934.60094
0.39170   9.10000   0.00289      14.05158      2942175.23767
0.39262   9.12000   0.00289      14.05158      2918455.66216
0.39370   9.15000   0.00289      14.05158      2883056.29890
0.39432   9.17000   0.00289      14.05158      2859576.72339
0.39494   9.18000   0.00289      14.05158      2847872.93563
0.39557   9.20000   0.00289      14.05158      2824537.36012
0.39635   9.23000   0.00289      14.05158      2789713.99686
0.39714   9.24000   0.00289      14.05158      2778154.20910
0.39793   9.26000   0.00289      14.05158      2755106.63359
0.39841   9.28000   0.00289      14.05158      2732155.05808
0.39888   9.29000   0.00289      14.05158      2720715.27033
0.39952   9.32000   0.00289      14.05158      2686539.90706
0.40032   9.34000   0.00289      14.05158      2663876.33155
0.40048   9.35000   0.00289      14.05158      2652580.54380
0.40032   9.34000   0.00289      14.05158      2663876.33155
0.40016   9.34000   0.00289      14.05158      2663876.33155
0.40000   9.34000   0.00289      14.05158      2663876.33155
0.40000   9.35000   0.00289      14.05158      2652580.54380
0.39984   9.34000   0.00289      14.05158      2663876.33155
0.39984   9.35000   0.00289      14.05158      2652580.54380
0.40128   9.38000   0.00289      14.05158      2618837.18053
0.40274   9.43000   0.00289      14.05158      2563078.24175
0.40404   9.44000   0.00289      14.05158      2551998.45400
0.40535   9.48000   0.00289      14.05158      2507919.30298
0.40617   9.49000   0.00289      14.05158      2496959.51522
0.40700   9.51000   0.00289      14.05158      2475111.93971
0.40750   9.53000   0.00289      14.05158      2453360.36420
0.40833   9.54000   0.00289      14.05158      2442520.57645
0.40917   9.56000   0.00289      14.05158      2420913.00094
0.41000   9.57000   0.00289      14.05158      2410145.21318
0.41085   9.57000   0.00289      14.05158      2410145.21318
0.41152   9.59000   0.00289      14.05158      2388681.63767
0.41237   9.62000   0.00289      14.05158      2356666.27441
0.41288   9.64000   0.00289      14.05158      2335442.69890
0.41356   9.67000   0.00289      14.05158      2303787.33563
0.41425   9.67000   0.00289      14.05158      2303787.33563
0.41494   9.69000   0.00289      14.05158      2282803.76012
0.41545   9.73000   0.00289      14.05158      2241124.60910
0.41580   9.73000   0.00289      14.05158      2241124.60910
0.41580   9.73000   0.00289      14.05158      2241124.60910
0.41580   9.74000   0.00289      14.05158      2230764.82135
0.41597   9.74000   0.00289      14.05158      2230764.82135
0.41649   9.77000   0.00289      14.05158      2199829.45808
0.41771   9.79000   0.00289      14.05158      2179325.88257
0.41894   9.82000   0.00289      14.05158      2148750.51931
0.42088   9.86000   0.00289      14.05158      2108319.36829
0.42212   9.89000   0.00289      14.05158      2078248.00502
0.42337   9.91000   0.00289      14.05158      2058320.42951
0.42481   9.96000   0.00289      14.05158      2008921.49073
0.42571   9.96000   0.00289      14.05158      2008921.49073
0.42608   9.97000   0.00289      14.05158      1999113.70298
0.42644   9.99000   0.00289      14.05158      1979570.12747
0.42717   10.01000  0.00289      14.05158      1960122.55196
0.42753   10.02000  0.00289      14.05158      1950434.76420
0.42753   10.02000  0.00289      14.05158      1950434.76420
0.42772   10.02000  0.00289      14.05158      1950434.76420
0.42753   10.03000  0.00289      14.05158      1940770.97645
0.42735   10.02000  0.00289      14.05158      1950434.76420
0.42772   10.03000  0.00289      14.05158      1940770.97645
0.42790   10.04000  0.00289      14.05158      1931131.18869
0.42827   10.04000  0.00289      14.05158      1931131.18869
0.42955   10.09000  0.00289      14.05158      1883292.24992
0.43029   10.10000  0.00289      14.05158      1873796.46216
0.43029   10.09000  0.00289      14.05158      1883292.24992
0.43029   10.09000  0.00289      14.05158      1883292.24992
0.43085   10.09000  0.00289      14.05158      1883292.24992
0.43103   10.09000  0.00289      14.05158      1883292.24992
0.43159   10.12000  0.00289      14.05158      1854876.88665
0.43215   10.14000  0.00289      14.05158      1836053.31114
0.43290   10.17000  0.00289      14.05158      1807997.94788
0.43365   10.18000  0.00289      14.05158      1798694.16012
0.43440   10.20000  0.00289      14.05158      1780158.58461
0.43554   10.22000  0.00289      14.05158      1761719.00910
0.43611   10.24000  0.00289      14.05158      1743375.43359
0.43668   10.26000  0.00289      14.05158      1725127.85808
0.43821   10.30000  0.00289      14.05158      1688920.70706
0.43975   10.33000  0.00289      14.05158      1662017.34380
0.44131   10.38000  0.00289      14.05158      1617658.40502
0.44248   10.40000  0.00289      14.05158      1600082.82951
0.44366   10.42000  0.00289      14.05158      1582603.25400
0.44464   10.44000  0.00289      14.05158      1565219.67849
0.44543   10.46000  0.00289      14.05158      1547932.10298
0.44603   10.47000  0.00289      14.05158      1539324.31522
0.44623   10.48000  0.00289      14.05158      1530740.52747
0.44683   10.49000  0.00289      14.05158      1522180.73971
0.44743   10.51000  0.00289      14.05158      1505133.16420
0.44843   10.53000  0.00289      14.05158      1488181.58869
0.44843   10.53000  0.00289      14.05158      1488181.58869
0.44924   10.56000  0.00289      14.05158      1462934.22543
0.45005   10.58000  0.00289      14.05158      1446222.64992
0.45065   10.59000  0.00289      14.05158      1437902.86216
0.45126   10.61000  0.00289      14.05158      1421335.28665
0.45167   10.63000  0.00289      14.05158      1404863.71114
0.45167   10.62000  0.00289      14.05158      1413087.49890
0.45208   10.64000  0.00289      14.05158      1396663.92339
0.45228   10.65000  0.00289      14.05158      1388488.13563
0.45228   10.65000  0.00289      14.05158      1388488.13563
0.45208   10.65000  0.00289      14.05158      1388488.13563
0.45208   10.66000  0.00289      14.05158      1380336.34788
0.45188   10.66000  0.00289      14.05158      1380336.34788
0.45188   10.65000  0.00289      14.05158      1388488.13563
0.45167   10.66000  0.00289      14.05158      1380336.34788
0.45167   10.66000  0.00289      14.05158      1380336.34788
0.45167   10.65000  0.00289      14.05158      1388488.13563
0.45147   10.66000  0.00289      14.05158      1380336.34788
0.45147   10.65000  0.00289      14.05158      1388488.13563
0.45147   10.64000  0.00289      14.05158      1396663.92339
0.45147   10.64000  0.00289      14.05158      1396663.92339
0.45126   10.65000  0.00289      14.05158      1388488.13563
0.45167   10.67000  0.00289      14.05158      1372208.56012
0.45290   10.69000  0.00289      14.05158      1356024.98461
0.45372   10.72000  0.00289      14.05158      1331929.62135
0.45475   10.73000  0.00289      14.05158      1323945.83359
0.45600   10.76000  0.00289      14.05158      1300138.47033
0.45788   10.80000  0.00289      14.05158      1268731.31931
0.45956   10.85000  0.00289      14.05158      1230012.38053
0.46062   10.88000  0.00289      14.05158      1207069.01727
0.46147   10.89000  0.00289      14.05158      1199469.22951
0.46232   10.91000  0.00289      14.05158      1184341.65400
0.46275   10.91000  0.00289      14.05158      1184341.65400
0.46339   10.93000  0.00289      14.05158      1169310.07849
0.46382   10.94000  0.00289      14.05158      1161830.29073
0.46404   10.95000  0.00289      14.05158      1154374.50298
0.46447   10.95000  0.00289      14.05158      1154374.50298
0.46490   10.96000  0.00289      14.05158      1146942.71522
0.46533   10.98000  0.00289      14.05158      1132151.13971
0.46598   10.98000  0.00289      14.05158      1132151.13971
0.46685   11.02000  0.00289      14.05158      1102855.98869
0.46751   11.04000  0.00289      14.05158      1088352.41318
0.46751   11.04000  0.00289      14.05158      1088352.41318
0.46751   11.05000  0.00289      14.05158      1081136.62543
0.46795   11.05000  0.00289      14.05158      1081136.62543
0.46904   11.08000  0.00289      14.05158      1059633.26216
0.46904   11.09000  0.00289      14.05158      1052513.47441
0.46904   11.09000  0.00289      14.05158      1052513.47441
0.46992   11.12000  0.00289      14.05158      1031298.11114
0.47059   11.12000  0.00289      14.05158      1031298.11114
0.47081   11.13000  0.00289      14.05158      1024274.32339
0.47125   11.15000  0.00289      14.05158      1010298.74788
0.47148   11.15000  0.00289      14.05158      1010298.74788
0.47192   11.16000  0.00289      14.05158      1003346.96012
0.47237   11.18000  0.00289      14.05158      989515.38461 
0.47281   11.19000  0.00289      14.05158      982635.59686 
0.47348   11.21000  0.00289      14.05158      968948.02135 
0.47416   11.23000  0.00289      14.05158      955356.44584 
0.47483   11.24000  0.00289      14.05158      948596.65808 
0.47529   11.26000  0.00289      14.05158      935149.08257 
0.47574   11.29000  0.00289      14.05158      915157.71931 
0.47596   11.29000  0.00289      14.05158      915157.71931 
0.47710   11.32000  0.00289      14.05158      895382.35604 
0.47801   11.34000  0.00289      14.05158      882318.78053 
0.47847   11.35000  0.00289      14.05158      875822.99278 
0.47916   11.37000  0.00289      14.05158      862903.41727 
0.47962   11.37000  0.00289      14.05158      862903.41727 
0.48008   11.38000  0.00289      14.05158      856479.62951 
0.48054   11.39000  0.00289      14.05158      850079.84175 
0.48077   11.39000  0.00289      14.05158      850079.84175 
0.48123   11.40000  0.00289      14.05158      843704.05400 
0.48170   11.42000  0.00289      14.05158      831024.47849 
0.48239   11.42000  0.00289      14.05158      831024.47849 
0.48286   11.43000  0.00289      14.05158      824720.69073 
0.48333   11.45000  0.00289      14.05158      812185.11522 
0.48333   11.45000  0.00289      14.05158      812185.11522 
0.48333   11.46000  0.00289      14.05158      805953.32747 
0.48309   11.45000  0.00289      14.05158      812185.11522 
0.48309   11.45000  0.00289      14.05158      812185.11522 
0.48309   11.46000  0.00289      14.05158      805953.32747 
0.48333   11.45000  0.00289      14.05158      812185.11522 
0.48450   11.48000  0.00289      14.05158      793561.75196 
0.48567   11.51000  0.00289      14.05158      775154.38869 
0.48638   11.52000  0.00289      14.05158      769066.60094 
0.48638   11.53000  0.00289      14.05158      763002.81318 
0.48638   11.52000  0.00289      14.05158      769066.60094 
0.48638   11.53000  0.00289      14.05158      763002.81318 
0.48638   11.53000  0.00289      14.05158      763002.81318 
0.48685   11.54000  0.00289      14.05158      756963.02543 
0.48757   11.55000  0.00289      14.05158      750947.23767 
0.48804   11.59000  0.00289      14.05158      727124.08665 
0.48852   11.58000  0.00289      14.05158      733043.87441 
0.48828   11.59000  0.00289      14.05158      727124.08665 
0.48828   11.59000  0.00289      14.05158      727124.08665 
0.48828   11.58000  0.00289      14.05158      733043.87441 
0.48852   11.61000  0.00289      14.05158      715356.51114 
0.48900   11.62000  0.00289      14.05158      709508.72339 
0.48924   11.61000  0.00289      14.05158      715356.51114 
0.48948   11.63000  0.00289      14.05158      703684.93563 
0.48996   11.63000  0.00289      14.05158      703684.93563 
0.49044   11.64000  0.00289      14.05158      697885.14788 
0.49092   11.65000  0.00289      14.05158      692109.36012 
0.49140   11.67000  0.00289      14.05158      680629.78461 
0.49188   11.68000  0.00289      14.05158      674925.99686 
0.49213   11.70000  0.00289      14.05158      663590.42135 
0.49261   11.70000  0.00289      14.05158      663590.42135 
0.49358   11.74000  0.00289      14.05158      641207.27033 
0.49456   11.76000  0.00289      14.05158      630159.69482 
0.49603   11.79000  0.00289      14.05158      613768.33155 
0.49628   11.80000  0.00289      14.05158      608352.54380 
0.49652   11.81000  0.00289      14.05158      602960.75604 
0.49702   11.81000  0.00289      14.05158      602960.75604 
0.49702   11.82000  0.00289      14.05158      597592.96829 
0.49702   11.82000  0.00289      14.05158      597592.96829 
0.49751   11.83000  0.00289      14.05158      592249.18053 
0.49826   11.84000  0.00289      14.05158      586929.39278 
0.49850   11.85000  0.00289      14.05158      581633.60502 
0.49900   11.85000  0.00289      14.05158      581633.60502 
0.49950   11.86000  0.00289      14.05158      576361.81727 
0.49975   11.86000  0.00289      14.05158      576361.81727 
0.50025   11.88000  0.00289      14.05158      565890.24175 
0.50100   11.89000  0.00289      14.05158      560690.45400 
0.50150   11.91000  0.00289      14.05158      550362.87849 
0.50176   11.92000  0.00289      14.05158      545235.09073 
0.50226   11.92000  0.00289      14.05158      545235.09073 
0.50302   11.95000  0.00289      14.05158      529995.72747 
0.50352   11.96000  0.00289      14.05158      524963.93971 
0.50403   11.98000  0.00289      14.05158      514972.36420 
0.50429   11.98000  0.00289      14.05158      514972.36420 
0.50505   11.98000  0.00289      14.05158      514972.36420 
0.50505   11.99000  0.00289      14.05158      510012.57645 
0.50505   12.00000  0.00289      14.05158      505076.78869 
0.50582   12.01000  0.00289      14.05158      500165.00094 
0.50633   12.02000  0.00289      14.05158      495277.21318 
0.50684   12.06000  0.00289      14.05158      475966.06216 
0.50736   12.06000  0.00289      14.05158      475966.06216 
0.50761   12.08000  0.00289      14.05158      466454.48665 
0.50813   12.10000  0.00289      14.05158      457038.91114 
0.50865   12.10000  0.00289      14.05158      457038.91114 
0.50891   12.11000  0.00289      14.05158      452367.12339 
0.50942   12.12000  0.00289      14.05158      447719.33563 
0.50968   12.13000  0.00289      14.05158      443095.54788 
0.50994   12.15000  0.00289      14.05158      433919.97237 
0.51046   12.15000  0.00289      14.05158      433919.97237 
0.51073   12.16000  0.00289      14.05158      429368.18461 
0.51099   12.18000  0.00289      14.05158      420336.60910 
0.51125   12.19000  0.00289      14.05158      415856.82135 
0.51177   12.20000  0.00289      14.05158      411401.03359 
0.51230   12.21000  0.00289      14.05158      406969.24584 
0.51256   12.22000  0.00289      14.05158      402561.45808 
0.51308   12.24000  0.00289      14.05158      393817.88257 
0.51361   12.27000  0.00289      14.05158      380882.51931 
0.51387   12.26000  0.00289      14.05158      385170.30706 
0.51387   12.27000  0.00289      14.05158      380882.51931 
0.51440   12.28000  0.00289      14.05158      376618.73155 
0.51520   12.30000  0.00289      14.05158      368163.15604 
0.51546   12.31000  0.00289      14.05158      363971.36829 
0.51573   12.31000  0.00289      14.05158      363971.36829 
0.51573   12.31000  0.00289      14.05158      363971.36829 
0.51600   12.33000  0.00289      14.05158      355659.79278 
0.51600   12.32000  0.00289      14.05158      359803.58053 
0.51600   12.33000  0.00289      14.05158      355659.79278 
0.51626   12.34000  0.00289      14.05158      351540.00502 
0.51653   12.33000  0.00289      14.05158      355659.79278 
0.51680   12.34000  0.00289      14.05158      351540.00502 
0.51706   12.34000  0.00289      14.05158      351540.00502 
0.51733   12.34000  0.00289      14.05158      351540.00502 
0.51760   12.34000  0.00289      14.05158      351540.00502 
0.51760   12.34000  0.00289      14.05158      351540.00502 
0.51760   12.34000  0.00289      14.05158      351540.00502 
0.51813   12.36000  0.00289      14.05158      343372.42951 
0.51894   12.36000  0.00289      14.05158      343372.42951 
0.51921   12.38000  0.00289      14.05158      335300.85400 
0.51948   12.39000  0.00289      14.05158      331301.06624 
0.51975   12.38000  0.00289      14.05158      335300.85400 
0.52002   12.40000  0.00289      14.05158      327325.27849 
0.52029   12.40000  0.00289      14.05158      327325.27849 
0.52110   12.41000  0.00289      14.05158      323373.49073 
0.52165   12.44000  0.00289      14.05158      311662.12747 
0.52192   12.44000  0.00289      14.05158      311662.12747 
0.52247   12.46000  0.00289      14.05158      303974.55196 
0.52301   12.47000  0.00289      14.05158      300166.76420 
0.52301   12.47000  0.00289      14.05158      300166.76420 
0.52356   12.49000  0.00289      14.05158      292623.18869 
0.52411   12.49000  0.00289      14.05158      292623.18869 
0.52438   12.50000  0.00289      14.05158      288887.40094 
0.52466   12.51000  0.00289      14.05158      285175.61318 
0.52466   12.51000  0.00289      14.05158      285175.61318 
0.52466   12.52000  0.00289      14.05158      281487.82543 
0.52466   12.53000  0.00289      14.05158      277824.03767 
0.52466   12.52000  0.00289      14.05158      281487.82543 
0.52466   12.52000  0.00289      14.05158      281487.82543 
0.52466   12.52000  0.00289      14.05158      281487.82543 
0.52466   12.52000  0.00289      14.05158      281487.82543 
0.52466   12.53000  0.00289      14.05158      277824.03767 
0.52493   12.54000  0.00289      14.05158      274184.24992 
0.52549   12.54000  0.00289      14.05158      274184.24992 
0.52576   12.56000  0.00289      14.05158      266976.67441 
0.52632   12.57000  0.00289      14.05158      263408.88665 
0.52715   12.58000  0.00289      14.05158      259865.09890 
0.52770   12.60000  0.00289      14.05158      252849.52339 
0.52798   12.61000  0.00289      14.05158      249377.73563 
0.52882   12.63000  0.00289      14.05158      242506.16012 
0.52966   12.66000  0.00289      14.05158      232378.79686 
0.53050   12.67000  0.00289      14.05158      229051.00910 
0.53163   12.71000  0.00289      14.05158      215979.85808 
0.53277   12.74000  0.00289      14.05158      206428.49482 
0.53305   12.74000  0.00289      14.05158      206428.49482 
0.53390   12.76000  0.00289      14.05158      200180.91931 
0.53476   12.78000  0.00289      14.05158      194029.34380 
0.53533   12.78000  0.00289      14.05158      194029.34380 
0.53619   12.81000  0.00289      14.05158      184981.98053 
0.53677   12.81000  0.00289      14.05158      184981.98053 
0.53735   12.82000  0.00289      14.05158      182014.19278 
0.53821   12.85000  0.00289      14.05158      173254.82951 
0.53879   12.85000  0.00289      14.05158      173254.82951 
0.53937   12.86000  0.00289      14.05158      170383.04175 
0.54025   12.88000  0.00289      14.05158      164711.46624 
0.54054   12.89000  0.00289      14.05158      161911.67849 
0.54113   12.92000  0.00289      14.05158      153656.31522 
0.54201   12.94000  0.00289      14.05158      148272.73971 
0.54201   12.94000  0.00289      14.05158      148272.73971 
0.54259   12.95000  0.00289      14.05158      145616.95196 
0.54318   12.96000  0.00289      14.05158      142985.16420 
0.54407   12.99000  0.00289      14.05158      135233.80094 
0.54466   13.02000  0.00289      14.05158      127698.43767 
0.54526   13.02000  0.00289      14.05158      127698.43767 
0.54555   13.04000  0.00289      14.05158      122794.86216 
0.54615   13.06000  0.00289      14.05158      117987.28665 
0.54645   13.06000  0.00289      14.05158      117987.28665 
0.54705   13.09000  0.00289      14.05158      110955.92339 
0.54735   13.09000  0.00289      14.05158      110955.92339 
0.54765   13.11000  0.00289      14.05158      106388.34788 
0.54765   13.12000  0.00289      14.05158      104140.56012 
0.54795   13.13000  0.00289      14.05158      101916.77237 
0.54825   13.14000  0.00289      14.05158      99716.98461  
0.54885   13.15000  0.00289      14.05158      97541.19686  
0.54915   13.17000  0.00289      14.05158      93261.62135  
0.54915   13.17000  0.00289      14.05158      93261.62135  
0.54975   13.17000  0.00289      14.05158      93261.62135  
0.55036   13.18000  0.00289      14.05158      91157.83359  
0.55096   13.20000  0.00289      14.05158      87022.25808  
0.55096   13.21000  0.00289      14.05158      84990.47033  
0.55157   13.23000  0.00289      14.05158      80998.89482  
0.55249   13.24000  0.00289      14.05158      79039.10706  
0.55279   13.25000  0.00289      14.05158      77103.31931  
0.55340   13.26000  0.00289      14.05158      75191.53155  
0.55402   13.27000  0.00289      14.05158      73303.74380  
0.55463   13.26000  0.00289      14.05158      75191.53155  
0.55494   13.28000  0.00289      14.05158      71439.95604  
0.55525   13.29000  0.00289      14.05158      69600.16829  
0.55556   13.29000  0.00289      14.05158      69600.16829  
0.55617   13.30000  0.00289      14.05158      67784.38053  
0.55648   13.32000  0.00289      14.05158      64224.80502  
0.55679   13.32000  0.00289      14.05158      64224.80502  
0.55741   13.34000  0.00289      14.05158      60761.22951  
0.55772   13.34000  0.00289      14.05158      60761.22951  
0.55772   13.34000  0.00289      14.05158      60761.22951  
0.55804   13.36000  0.00289      14.05158      57393.65400  
0.55804   13.36000  0.00289      14.05158      57393.65400  
0.55804   13.37000  0.00289      14.05158      55745.86624  
0.55866   13.38000  0.00289      14.05158      54122.07849  
0.55897   13.38000  0.00289      14.05158      54122.07849  
0.55928   13.40000  0.00289      14.05158      50946.50298  
0.55991   13.41000  0.00289      14.05158      49394.71522  
0.56054   13.42000  0.00289      14.05158      47866.92747  
0.56085   13.43000  0.00289      14.05158      46363.13971  
0.56117   13.44000  0.00289      14.05158      44883.35196  
0.56148   13.45000  0.00289      14.05158      43427.56420  
0.56148   13.46000  0.00289      14.05158      41995.77645  
0.56211   13.47000  0.00289      14.05158      40587.98869  
0.56243   13.47000  0.00289      14.05158      40587.98869  
0.56275   13.49000  0.00289      14.05158      37844.41318  
0.56306   13.49000  0.00289      14.05158      37844.41318  
0.56306   13.50000  0.00289      14.05158      36508.62543  
0.56370   13.51000  0.00289      14.05158      35196.83767  
0.56402   13.52000  0.00289      14.05158      33909.04992  
0.56433   13.54000  0.00289      14.05158      31405.47441  
0.56465   13.53000  0.00289      14.05158      32645.26216  
0.56497   13.54000  0.00289      14.05158      31405.47441  
0.56529   13.56000  0.00289      14.05158      28997.89890  
0.56593   13.57000  0.00289      14.05158      27830.11114  
0.56657   13.60000  0.00289      14.05158      24470.74788  
0.56786   13.64000  0.00289      14.05158      20327.59686  
0.56883   13.64000  0.00289      14.05158      20327.59686  
0.56915   13.66000  0.00289      14.05158      18400.02135  
0.57013   13.69000  0.00289      14.05158      15688.65808  
0.57078   13.70000  0.00289      14.05158      14832.87033  
0.57110   13.70000  0.00289      14.05158      14832.87033  
0.57176   13.71000  0.00289      14.05158      14001.08257  
0.57208   13.71000  0.00289      14.05158      14001.08257  
0.57241   13.73000  0.00289      14.05158      12409.50706  
0.57307   13.74000  0.00289      14.05158      11649.71931  
0.57372   13.75000  0.00289      14.05158      10913.93155  
0.57405   13.77000  0.00289      14.05158      9514.35604   
0.57471   13.77000  0.00289      14.05158      9514.35604   
0.57537   13.80000  0.00289      14.05158      7594.99278   
0.57604   13.81000  0.00289      14.05158      7003.20502   
0.57637   13.82000  0.00289      14.05158      6435.41727   
0.57670   13.82000  0.00289      14.05158      6435.41727   
0.57737   13.85000  0.00289      14.05158      4876.05400   
0.57770   13.86000  0.00289      14.05158      4404.26624   
0.57803   13.87000  0.00289      14.05158      3956.47849   
0.57870   13.89000  0.00289      14.05158      3132.90298   
0.57937   13.91000  0.00289      14.05158      2405.32747   
0.58005   13.93000  0.00289      14.05158      1773.75196   
0.58072   13.94000  0.00289      14.05158      1493.96420   
0.58106   13.96000  0.00289      14.05158      1006.38869   
0.58207   13.98000  0.00289      14.05158      614.81318    
0.58241   13.98000  0.00289      14.05158      614.81318    
0.58275   13.99000  0.00289      14.05158      455.02543    
0.58309   14.00000  0.00289      14.05158      319.23767    
0.58343   14.02000  0.00289      14.05158      119.66216    
0.58411   14.04000  0.00289      14.05158      16.08665     
0.58480   14.05000  0.00289      14.05158      0.29890      
0.58582   14.09000  0.00289      14.05158      177.14788    
0.58685   14.12000  0.00289      14.05158      561.78461    
0.58789   14.12000  0.00289      14.05158      561.78461    
0.58858   14.14000  0.00289      14.05158      938.20910    
0.58962   14.16000  0.00289      14.05158      1410.63359   
0.58997   14.17000  0.00289      14.05158      1682.84584   
0.59032   14.19000  0.00289      14.05158      2299.27033   
0.59102   14.19000  0.00289      14.05158      2299.27033   
0.59172   14.21000  0.00289      14.05158      3011.69482   
0.59207   14.23000  0.00289      14.05158      3820.11931   
0.59277   14.23000  0.00289      14.05158      3820.11931   
0.59312   14.24000  0.00289      14.05158      4260.33155   
0.59382   14.27000  0.00289      14.05158      5724.96829   
0.59453   14.27000  0.00289      14.05158      5724.96829   
0.59524   14.29000  0.00289      14.05158      6821.39278   
0.59559   14.31000  0.00289      14.05158      8013.81727   
0.59595   14.31000  0.00289      14.05158      8013.81727   
0.59630   14.33000  0.00289      14.05158      9302.24175   
0.59630   14.33000  0.00289      14.05158      9302.24175   
0.59630   14.33000  0.00289      14.05158      9302.24175   
0.59701   14.36000  0.00289      14.05158      11414.87849  
0.59737   14.36000  0.00289      14.05158      11414.87849  
0.59809   14.38000  0.00289      14.05158      12943.30298  
0.59844   14.40000  0.00289      14.05158      14567.72747  
0.59916   14.40000  0.00289      14.05158      14567.72747  
0.59952   14.43000  0.00289      14.05158      17184.36420  
0.60024   14.44000  0.00289      14.05158      18104.57645  
0.60060   14.47000  0.00289      14.05158      21009.21318  
0.60132   14.48000  0.00289      14.05158      22025.42543  
0.60168   14.49000  0.00289      14.05158      23065.63767  
0.60241   14.51000  0.00289      14.05158      25218.06216  
0.60277   14.51000  0.00289      14.05158      25218.06216  
0.60350   14.54000  0.00289      14.05158      28626.69890  
0.60423   14.57000  0.00289      14.05158      32251.33563  
0.60569   14.60000  0.00289      14.05158      36091.97237  
0.60716   14.61000  0.00289      14.05158      37420.18461  
0.60790   14.63000  0.00289      14.05158      40148.60910  
0.60827   14.65000  0.00289      14.05158      42973.03359  
0.60901   14.66000  0.00289      14.05158      44421.24584  
0.60976   14.68000  0.00289      14.05158      47389.67033  
0.61013   14.68000  0.00289      14.05158      47389.67033  
0.61087   14.68000  0.00289      14.05158      47389.67033  
0.61125   14.69000  0.00289      14.05158      48909.88257  
0.61162   14.69000  0.00289      14.05158      48909.88257  
0.61200   14.71000  0.00289      14.05158      52022.30706  
0.61237   14.72000  0.00289      14.05158      53614.51931  
0.61275   14.72000  0.00289      14.05158      53614.51931  
0.61312   14.73000  0.00289      14.05158      55230.73155  
0.61350   14.75000  0.00289      14.05158      58535.15604  
0.61425   14.77000  0.00289      14.05158      61935.58053  
0.61425   14.78000  0.00289      14.05158      63671.79278  
0.61463   14.78000  0.00289      14.05158      63671.79278  
0.61501   14.79000  0.00289      14.05158      65432.00502  
0.61538   14.81000  0.00289      14.05158      69024.42951  
0.61652   14.83000  0.00289      14.05158      72712.85400  
0.61728   14.84000  0.00289      14.05158      74593.06624  
0.61805   14.87000  0.00289      14.05158      80377.70298  
0.61843   14.88000  0.00289      14.05158      82353.91522  
0.61920   14.90000  0.00289      14.05158      86378.33971  
0.61920   14.92000  0.00289      14.05158      90498.76420  
0.61958   14.92000  0.00289      14.05158      90498.76420  
0.61996   14.93000  0.00289      14.05158      92594.97645  
0.62073   14.96000  0.00289      14.05158      99027.61318  
0.62189   14.98000  0.00289      14.05158      103436.03767 
0.62267   15.03000  0.00289      14.05158      114877.09890 
0.62383   15.07000  0.00289      14.05158      124461.94788 
0.62500   15.09000  0.00289      14.05158      129398.37237 
0.62578   15.11000  0.00289      14.05158      134430.79686 
0.62696   15.12000  0.00289      14.05158      136983.00910 
0.62775   15.13000  0.00289      14.05158      139559.22135 
0.62814   15.14000  0.00289      14.05158      142159.43359 
0.62854   15.15000  0.00289      14.05158      144783.64584 
0.62893   15.16000  0.00289      14.05158      147431.85808 
0.62972   15.16000  0.00289      14.05158      147431.85808 
0.63012   15.18000  0.00289      14.05158      152800.28257 
0.63091   15.20000  0.00289      14.05158      158264.70706 
0.63171   15.21000  0.00289      14.05158      161032.91931 
0.63211   15.21000  0.00289      14.05158      161032.91931 
0.63251   15.23000  0.00289      14.05158      166641.34380 
0.63331   15.25000  0.00289      14.05158      172345.76829 
0.63412   15.26000  0.00289      14.05158      175233.98053 
0.63452   15.28000  0.00289      14.05158      181082.40502 
0.63492   15.28000  0.00289      14.05158      181082.40502 
0.63573   15.30000  0.00289      14.05158      187026.82951 
0.63654   15.33000  0.00289      14.05158      196123.46624 
0.63694   15.35000  0.00289      14.05158      202307.89073 
0.63776   15.37000  0.00289      14.05158      208588.31522 
0.63857   15.40000  0.00289      14.05158      218188.95196 
0.63939   15.43000  0.00289      14.05158      228005.58869 
0.63980   15.45000  0.00289      14.05158      234670.01318 
0.64061   15.47000  0.00289      14.05158      241430.43767 
0.64103   15.49000  0.00289      14.05158      248286.86216 
0.64185   15.52000  0.00289      14.05158      258751.49890 
0.64267   15.56000  0.00289      14.05158      273040.34788 
0.64350   15.58000  0.00289      14.05158      280328.77237 
0.64433   15.58000  0.00289      14.05158      280328.77237 
0.64516   15.59000  0.00289      14.05158      284008.98461 
0.64599   15.61000  0.00289      14.05158      291441.40910 
0.64725   15.62000  0.00289      14.05158      295193.62135 
0.64809   15.63000  0.00289      14.05158      298969.83359 
0.64935   15.65000  0.00289      14.05158      306594.25808 
0.65020   15.66000  0.00289      14.05158      310442.47033 
0.65104   15.68000  0.00289      14.05158      318210.89482 
0.65189   15.73000  0.00289      14.05158      338051.95604 
0.65317   15.77000  0.00289      14.05158      354356.80502 
0.65402   15.81000  0.00289      14.05158      371045.65400 
0.65488   15.84000  0.00289      14.05158      383814.29073 
0.65574   15.86000  0.00289      14.05158      392446.71522 
0.65617   15.88000  0.00289      14.05158      401175.13971 
0.65660   15.90000  0.00289      14.05158      409999.56420 
0.65746   15.91000  0.00289      14.05158      414447.77645 
0.65789   15.93000  0.00289      14.05158      423416.20094 
0.65876   15.96000  0.00289      14.05158      437048.83767 
0.66007   16.00000  0.00289      14.05158      455561.68665 
0.66094   16.04000  0.00289      14.05158      474458.53563 
0.66225   16.07000  0.00289      14.05158      488883.17237 
0.66357   16.09000  0.00289      14.05158      498619.59686 
0.66445   16.11000  0.00289      14.05158      508452.02135 
0.66489   16.12000  0.00289      14.05158      513404.23359 
0.66534   16.14000  0.00289      14.05158      523380.65808 
0.66578   16.15000  0.00289      14.05158      528404.87033 
0.66667   16.16000  0.00289      14.05158      533453.08257 
0.66711   16.17000  0.00289      14.05158      538525.29482 
0.66800   16.18000  0.00289      14.05158      543621.50706 
0.66890   16.20000  0.00289      14.05158      553885.93155 
0.67024   16.24000  0.00289      14.05158      574702.78053 
0.67114   16.27000  0.00289      14.05158      590567.41727 
0.67159   16.28000  0.00289      14.05158      595903.62951 
0.67249   16.30000  0.00289      14.05158      606648.05400 
0.67295   16.33000  0.00289      14.05158      622944.69073 
0.67340   16.34000  0.00289      14.05158      628424.90298 
0.67385   16.35000  0.00289      14.05158      633929.11522 
0.67431   16.37000  0.00289      14.05158      645009.53971 
0.67431   16.37000  0.00289      14.05158      645009.53971 
0.67476   16.37000  0.00289      14.05158      645009.53971 
0.67476   16.38000  0.00289      14.05158      650585.75196 
0.67522   16.40000  0.00289      14.05158      661810.17645 
0.67568   16.41000  0.00289      14.05158      667458.38869 
0.67568   16.41000  0.00289      14.05158      667458.38869 
0.67613   16.42000  0.00289      14.05158      673130.60094 
0.67659   16.44000  0.00289      14.05158      684547.02543 
0.67751   16.47000  0.00289      14.05158      701851.66216 
0.67843   16.49000  0.00289      14.05158      713508.08665 
0.67935   16.53000  0.00289      14.05158      737108.93563 
0.68074   16.55000  0.00289      14.05158      749053.36012 
0.68213   16.58000  0.00289      14.05158      767149.99686 
0.68306   16.61000  0.00289      14.05158      785462.63359 
0.68446   16.62000  0.00289      14.05158      791614.84584 
0.68540   16.64000  0.00289      14.05158      803991.27033 
0.68634   16.66000  0.00289      14.05158      816463.69482 
0.68729   16.68000  0.00289      14.05158      829032.11931 
0.68823   16.70000  0.00289      14.05158      841696.54380 
0.68918   16.73000  0.00289      14.05158      860873.18053 
0.68966   16.75000  0.00289      14.05158      873777.60502 
0.69013   16.76000  0.00289      14.05158      880265.81727 
0.69013   16.77000  0.00289      14.05158      886778.02951 
0.69061   16.78000  0.00289      14.05158      893314.24175 
0.69109   16.79000  0.00289      14.05158      899874.45400 
0.69109   16.81000  0.00289      14.05158      913066.87849 
0.69156   16.81000  0.00289      14.05158      913066.87849 
0.69204   16.83000  0.00289      14.05158      926355.30298 
0.69252   16.85000  0.00289      14.05158      939739.72747 
0.69348   16.87000  0.00289      14.05158      953220.15196 
0.69396   16.89000  0.00289      14.05158      966796.57645 
0.69493   16.92000  0.00289      14.05158      987341.21318 
0.69589   16.95000  0.00289      14.05158      1008101.84992
0.69686   16.97000  0.00289      14.05158      1022062.27441
0.69784   17.00000  0.00289      14.05158      1043182.91114
0.69881   17.02000  0.00289      14.05158      1057383.33563
0.69979   17.05000  0.00289      14.05158      1078863.97237
0.70077   17.06000  0.00289      14.05158      1086072.18461
0.70126   17.08000  0.00289      14.05158      1100560.60910
0.70175   17.09000  0.00289      14.05158      1107840.82135
0.70225   17.10000  0.00289      14.05158      1115145.03359
0.70274   17.11000  0.00289      14.05158      1122473.24584
0.70373   17.13000  0.00289      14.05158      1137201.67033
0.70472   17.14000  0.00289      14.05158      1144601.88257
0.70621   17.17000  0.00289      14.05158      1166946.51931
0.70721   17.19000  0.00289      14.05158      1181962.94380
0.70721   17.21000  0.00289      14.05158      1197075.36829
0.70771   17.22000  0.00289      14.05158      1204667.58053
0.70771   17.22000  0.00289      14.05158      1204667.58053
0.70771   17.23000  0.00289      14.05158      1212283.79278
0.70822   17.25000  0.00289      14.05158      1227588.21727
0.70872   17.26000  0.00289      14.05158      1235276.42951
0.70922   17.28000  0.00289      14.05158      1250724.85400
0.70972   17.30000  0.00289      14.05158      1266269.27849
0.71073   17.32000  0.00289      14.05158      1281909.70298
0.71124   17.34000  0.00289      14.05158      1297646.12747
0.71225   17.35000  0.00289      14.05158      1305550.33971
0.71327   17.38000  0.00289      14.05158      1329406.97645
0.71378   17.40000  0.00289      14.05158      1345431.40094
0.71531   17.45000  0.00289      14.05158      1385912.46216
0.71685   17.48000  0.00289      14.05158      1410489.09890
0.71788   17.51000  0.00289      14.05158      1435281.73563
0.71839   17.52000  0.00289      14.05158      1443593.94788
0.71891   17.54000  0.00289      14.05158      1460290.37237
0.71942   17.55000  0.00289      14.05158      1468674.58461
0.71994   17.56000  0.00289      14.05158      1477082.79686
0.72098   17.57000  0.00289      14.05158      1485515.00910
0.72150   17.58000  0.00289      14.05158      1493971.22135
0.72254   17.60000  0.00289      14.05158      1510955.64584
0.72359   17.62000  0.00289      14.05158      1528036.07033
0.72516   17.65000  0.00289      14.05158      1553836.70706
0.72569   17.68000  0.00289      14.05158      1579853.34380
0.72622   17.69000  0.00289      14.05158      1588573.55604
0.72622   17.70000  0.00289      14.05158      1597317.76829
0.72674   17.72000  0.00289      14.05158      1614878.19278
0.72727   17.73000  0.00289      14.05158      1623694.40502
0.72780   17.76000  0.00289      14.05158      1650287.04175
0.72886   17.78000  0.00289      14.05158      1668135.46624
0.72939   17.79000  0.00289      14.05158      1677095.67849
0.72993   17.81000  0.00289      14.05158      1695088.10298
0.73099   17.83000  0.00289      14.05158      1713176.52747
0.73153   17.85000  0.00289      14.05158      1731360.95196
0.73206   17.87000  0.00289      14.05158      1749641.37645
0.73314   17.91000  0.00289      14.05158      1786490.22543
0.73475   17.95000  0.00289      14.05158      1823723.07441
0.73584   17.98000  0.00289      14.05158      1851899.71114
0.73692   18.00000  0.00289      14.05158      1870804.13563
0.73801   18.02000  0.00289      14.05158      1889804.56012
0.73855   18.03000  0.00289      14.05158      1899340.77237
0.73910   18.04000  0.00289      14.05158      1908900.98461
0.73964   18.05000  0.00289      14.05158      1918485.19686
0.74074   18.07000  0.00289      14.05158      1937725.62135
0.74184   18.10000  0.00289      14.05158      1966766.25808
0.74349   18.14000  0.00289      14.05158      2005823.10706
0.74460   18.17000  0.00289      14.05158      2035367.74380
0.74571   18.21000  0.00289      14.05158      2075096.59278
0.74683   18.23000  0.00289      14.05158      2095105.01727
0.74738   18.25000  0.00289      14.05158      2115209.44175
0.74794   18.26000  0.00289      14.05158      2125297.65400
0.74850   18.28000  0.00289      14.05158      2145546.07849
0.74906   18.29000  0.00289      14.05158      2155706.29073
0.74963   18.31000  0.00289      14.05158      2176098.71522
0.75075   18.34000  0.00289      14.05158      2206867.35196
0.75188   18.38000  0.00289      14.05158      2248228.20094
0.75301   18.42000  0.00289      14.05158      2289973.04992
0.75415   18.44000  0.00289      14.05158      2310989.47441
0.75529   18.46000  0.00289      14.05158      2332101.89890
0.75643   18.48000  0.00289      14.05158      2353310.32339
0.75700   18.50000  0.00289      14.05158      2374614.74788
0.75700   18.50000  0.00289      14.05158      2374614.74788
0.75758   18.51000  0.00289      14.05158      2385302.96012
0.75758   18.52000  0.00289      14.05158      2396015.17237
0.75815   18.52000  0.00289      14.05158      2396015.17237
0.75873   18.54000  0.00289      14.05158      2417511.59686
0.75930   18.55000  0.00289      14.05158      2428295.80910
0.75988   18.57000  0.00289      14.05158      2449936.23359
0.75988   18.58000  0.00289      14.05158      2460792.44584
0.76046   18.58000  0.00289      14.05158      2460792.44584
0.76161   18.61000  0.00289      14.05158      2493505.08257
0.76278   18.64000  0.00289      14.05158      2526433.71931
0.76278   18.65000  0.00289      14.05158      2537457.93155
0.76278   18.66000  0.00289      14.05158      2548506.14380
0.76336   18.67000  0.00289      14.05158      2559578.35604
0.76394   18.68000  0.00289      14.05158      2570674.56829
0.76394   18.70000  0.00289      14.05158      2592938.99278
0.76453   18.71000  0.00289      14.05158      2604107.20502
0.76453   18.72000  0.00289      14.05158      2615299.41727
0.76511   18.73000  0.00289      14.05158      2626515.62951
0.76570   18.74000  0.00289      14.05158      2637755.84175
0.76628   18.77000  0.00289      14.05158      2671620.47849
0.76687   18.78000  0.00289      14.05158      2682956.69073
0.76746   18.80000  0.00289      14.05158      2705701.11522
0.76805   18.82000  0.00289      14.05158      2728541.53971
0.76923   18.85000  0.00289      14.05158      2762982.17645
0.77101   18.89000  0.00289      14.05158      2809239.02543
0.77280   18.93000  0.00289      14.05158      2855879.87441
0.77340   18.95000  0.00289      14.05158      2879344.29890
0.77340   18.96000  0.00289      14.05158      2891112.51114
0.77340   18.96000  0.00289      14.05158      2891112.51114
0.77340   18.96000  0.00289      14.05158      2891112.51114
0.77399   18.97000  0.00289      14.05158      2902904.72339
0.77459   18.99000  0.00289      14.05158      2926561.14788
0.77519   18.99000  0.00289      14.05158      2926561.14788
0.77580   19.02000  0.00289      14.05158      2962225.78461
0.77640   19.02000  0.00289      14.05158      2962225.78461
0.77700   19.03000  0.00289      14.05158      2974161.99686
0.77760   19.05000  0.00289      14.05158      2998106.42135
0.77882   19.08000  0.00289      14.05158      3034203.05808
0.78003   19.11000  0.00289      14.05158      3070515.69482
0.78064   19.13000  0.00289      14.05158      3094844.11931
0.78125   19.14000  0.00289      14.05158      3107044.33155
0.78186   19.15000  0.00289      14.05158      3119268.54380
0.78186   19.17000  0.00289      14.05158      3143788.96829
0.78247   19.19000  0.00289      14.05158      3168405.39278
0.78309   19.20000  0.00289      14.05158      3180749.60502
0.78370   19.22000  0.00289      14.05158      3205510.02951
0.78431   19.24000  0.00289      14.05158      3230366.45400
0.78555   19.27000  0.00289      14.05158      3267831.09073
0.78616   19.28000  0.00289      14.05158      3280367.30298
0.78678   19.30000  0.00289      14.05158      3305511.72747
0.78740   19.32000  0.00289      14.05158      3330752.15196
0.78864   19.36000  0.00289      14.05158      3381521.00094
0.78927   19.39000  0.00289      14.05158      3419849.63767
0.79051   19.41000  0.00289      14.05158      3445522.06216
0.79114   19.42000  0.00289      14.05158      3458394.27441
0.79177   19.44000  0.00289      14.05158      3484210.69890
0.79239   19.45000  0.00289      14.05158      3497154.91114
0.79302   19.46000  0.00289      14.05158      3510123.12339
0.79365   19.47000  0.00289      14.05158      3523115.33563
0.79491   19.49000  0.00289      14.05158      3549171.76012
0.79554   19.50000  0.00289      14.05158      3562235.97237
0.79618   19.53000  0.00289      14.05158      3601572.60910
0.79745   19.56000  0.00289      14.05158      3641125.24584
0.79872   19.59000  0.00289      14.05158      3680893.88257
0.79936   19.61000  0.00289      14.05158      3707526.30706
0.80000   19.63000  0.00289      14.05158      3734254.73155
0.80064   19.65000  0.00289      14.05158      3761079.15604
0.80064   19.67000  0.00289      14.05158      3787999.58053
0.80128   19.68000  0.00289      14.05158      3801495.79278
0.80192   19.70000  0.00289      14.05158      3828560.21727
0.80257   19.71000  0.00289      14.05158      3842128.42951
0.80321   19.74000  0.00289      14.05158      3882977.06624
0.80386   19.76000  0.00289      14.05158      3910329.49073
0.80515   19.78000  0.00289      14.05158      3937777.91522
0.80580   19.82000  0.00289      14.05158      3992962.76420
0.80710   19.85000  0.00289      14.05158      4034603.40094
0.80841   19.88000  0.00289      14.05158      4076460.03767
0.80972   19.90000  0.00289      14.05158      4104484.46216
0.80972   19.91000  0.00289      14.05158      4118532.67441
0.81037   19.92000  0.00289      14.05158      4132604.88665
0.81103   19.93000  0.00289      14.05158      4146701.09890
0.81103   19.94000  0.00289      14.05158      4160821.31114
0.81169   19.95000  0.00289      14.05158      4174965.52339
0.81235   19.96000  0.00289      14.05158      4189133.73563
0.81301   19.97000  0.00289      14.05158      4203325.94788
0.81367   19.99000  0.00289      14.05158      4231782.37237

Gradi di liberta = 733
Chi-quadro = 813278324.3102038
p-value = 0.0

Media pesata = 14.051578231292517 +/- 0.00010647942749998998

