Test Chi Quadro massimo_____________________________________________
   x       y       y*      sy      Chi     
1  650.00  76.30   76.94   3.82    0.03    
2  651.00  76.45   77.11   3.82    0.03    
3  652.00  76.75   77.28   3.84    0.02    
4  653.00  77.34   77.45   3.87    0.00    
5  654.00  77.64   77.61   3.88    0.00    
6  655.00  77.92   77.77   3.90    0.00    
7  656.00  78.07   77.92   3.90    0.00    
8  657.00  78.09   78.07   3.90    0.00    
9  658.00  78.54   78.22   3.93    0.01    
10 659.00  79.12   78.36   3.96    0.04    
11 660.00  79.21   78.51   3.96    0.03    
12 661.00  78.92   78.64   3.95    0.00    
13 662.00  79.06   78.78   3.95    0.00    
14 663.00  79.17   78.91   3.96    0.00    
15 664.00  79.37   79.04   3.97    0.01    
16 665.00  79.46   79.16   3.97    0.01    
17 666.00  79.40   79.28   3.97    0.00    
18 667.00  79.33   79.40   3.97    0.00    
19 668.00  79.52   79.51   3.98    0.00    
20 669.00  79.45   79.62   3.97    0.00    
21 670.00  79.79   79.73   3.99    0.00    
22 671.00  79.98   79.83   4.00    0.00    
23 672.00  80.12   79.93   4.01    0.00    
24 673.00  80.10   80.02   4.01    0.00    
25 674.00  80.19   80.12   4.01    0.00    
26 675.00  80.32   80.21   4.02    0.00    
27 676.00  80.29   80.29   4.01    0.00    
28 677.00  80.30   80.37   4.02    0.00    
29 678.00  80.57   80.45   4.03    0.00    
30 679.00  80.52   80.53   4.03    0.00    
31 680.00  80.74   80.60   4.04    0.00    
32 681.00  80.79   80.67   4.04    0.00    
33 682.00  80.86   80.73   4.04    0.00    
34 683.00  81.03   80.79   4.05    0.00    
35 684.00  80.79   80.85   4.04    0.00    
36 685.00  80.68   80.91   4.03    0.00    
37 686.00  80.66   80.96   4.03    0.01    
38 687.00  80.68   81.00   4.03    0.01    
39 688.00  80.79   81.05   4.04    0.00    
40 689.00  80.85   81.09   4.04    0.00    
41 690.00  80.87   81.13   4.04    0.00    
42 691.00  80.94   81.16   4.05    0.00    
43 692.00  80.97   81.19   4.05    0.00    
44 693.00  80.91   81.22   4.05    0.01    
45 694.00  80.91   81.24   4.05    0.01    
46 695.00  81.02   81.26   4.05    0.00    
47 696.00  81.14   81.28   4.06    0.00    
48 697.00  81.12   81.29   4.06    0.00    
49 698.00  80.96   81.30   4.05    0.01    
50 699.00  81.11   81.30   4.06    0.00    
51 700.00  80.93   81.31   4.05    0.01    
52 701.00  81.06   81.30   4.05    0.00    
53 702.00  81.20   81.30   4.06    0.00    
54 703.00  81.01   81.29   4.05    0.00    
55 704.00  80.88   81.28   4.04    0.01    
56 705.00  80.64   81.27   4.03    0.02    
57 706.00  80.68   81.25   4.03    0.02    
58 707.00  81.08   81.23   4.05    0.00    
59 708.00  81.32   81.20   4.07    0.00    
60 709.00  81.14   81.17   4.06    0.00    
61 710.00  81.09   81.14   4.05    0.00    
62 711.00  81.03   81.10   4.05    0.00    
63 712.00  80.91   81.06   4.05    0.00    
64 713.00  80.86   81.02   4.04    0.00    
65 714.00  81.03   80.98   4.05    0.00    
66 715.00  81.24   80.93   4.06    0.01    
67 716.00  81.15   80.87   4.06    0.00    
68 717.00  81.21   80.82   4.06    0.01    
69 718.00  81.08   80.76   4.05    0.01    
70 719.00  80.89   80.69   4.04    0.00    
71 720.00  80.68   80.63   4.03    0.00    
72 721.00  80.72   80.56   4.04    0.00    
73 722.00  80.51   80.48   4.03    0.00    
74 723.00  80.31   80.40   4.02    0.00    
75 724.00  80.60   80.32   4.03    0.00    
76 725.00  80.70   80.24   4.04    0.01    
77 726.00  80.84   80.15   4.04    0.03    
78 727.00  80.50   80.06   4.02    0.01    
79 728.00  80.25   79.97   4.01    0.01    
80 729.00  79.98   79.87   4.00    0.00    
81 730.00  79.98   79.77   4.00    0.00    
82 731.00  79.88   79.66   3.99    0.00    
83 732.00  79.76   79.55   3.99    0.00    
84 733.00  79.72   79.44   3.99    0.00    
85 734.00  79.69   79.33   3.98    0.01    
86 735.00  79.31   79.21   3.97    0.00    
87 736.00  79.33   79.08   3.97    0.00    
88 737.00  79.14   78.96   3.96    0.00    
89 738.00  79.17   78.83   3.96    0.01    
90 739.00  78.98   78.70   3.95    0.01    
91 740.00  78.76   78.56   3.94    0.00    
92 741.00  78.72   78.42   3.94    0.01    
93 742.00  78.35   78.28   3.92    0.00    
94 743.00  78.04   78.13   3.90    0.00    
95 744.00  77.86   77.98   3.89    0.00    
96 745.00  77.68   77.83   3.88    0.00    
97 746.00  77.42   77.67   3.87    0.00    
98 747.00  77.29   77.51   3.86    0.00    
99 748.00  76.99   77.35   3.85    0.01    
100749.00  76.54   77.18   3.83    0.03    
101750.00  76.09   77.01   3.80    0.06    
Chi Quadro = 0.59
Gradi Libertà = 98
Chi Quadro Ridotto = 0.01

Test Chi Quadro minimo1dx_____________________________________________
   x       y       y*      sy      Chi     
1  850.00  20.21   20.12   1.01    0.01    
2  851.00  19.74   19.71   0.99    0.00    
3  852.00  19.67   19.31   0.98    0.13    
4  853.00  19.06   18.93   0.95    0.02    
5  854.00  18.92   18.56   0.95    0.15    
6  855.00  18.58   18.21   0.93    0.16    
7  856.00  18.24   17.88   0.91    0.16    
8  857.00  17.62   17.55   0.88    0.01    
9  858.00  17.44   17.25   0.87    0.05    
10 859.00  17.15   16.96   0.86    0.05    
11 860.00  16.86   16.68   0.84    0.05    
12 861.00  16.06   16.42   0.80    0.20    
13 862.00  15.67   16.18   0.78    0.42    
14 863.00  15.56   15.95   0.78    0.25    
15 864.00  15.55   15.74   0.78    0.06    
16 865.00  15.22   15.54   0.76    0.18    
17 866.00  15.32   15.36   0.77    0.00    
18 867.00  15.03   15.19   0.75    0.05    
19 868.00  14.93   15.04   0.75    0.02    
20 869.00  14.65   14.90   0.73    0.12    
21 870.00  14.65   14.78   0.73    0.03    
22 871.00  14.44   14.68   0.72    0.11    
23 872.00  14.57   14.59   0.73    0.00    
24 873.00  14.25   14.51   0.71    0.13    
25 874.00  14.23   14.45   0.71    0.09    
26 875.00  13.95   14.41   0.70    0.43    
27 876.00  14.25   14.38   0.71    0.03    
28 877.00  14.39   14.37   0.72    0.00    
29 878.00  14.62   14.37   0.73    0.12    
30 879.00  14.73   14.39   0.74    0.22    
31 880.00  14.60   14.42   0.73    0.06    
32 881.00  14.60   14.47   0.73    0.03    
33 882.00  14.77   14.53   0.74    0.11    
34 883.00  15.03   14.61   0.75    0.31    
35 884.00  15.15   14.70   0.76    0.35    
36 885.00  15.14   14.81   0.76    0.19    
37 886.00  15.16   14.94   0.76    0.08    
38 887.00  15.21   15.08   0.76    0.03    
39 888.00  15.41   15.24   0.77    0.05    
40 889.00  15.43   15.41   0.77    0.00    
41 890.00  15.69   15.60   0.78    0.01    
42 891.00  15.87   15.80   0.79    0.01    
43 892.00  16.28   16.02   0.81    0.11    
44 893.00  16.53   16.25   0.83    0.12    
45 894.00  16.78   16.50   0.84    0.11    
46 895.00  16.49   16.76   0.82    0.11    
47 896.00  16.64   17.04   0.83    0.23    
48 897.00  17.05   17.34   0.85    0.11    
49 898.00  17.65   17.65   0.88    0.00    
50 899.00  17.61   17.97   0.88    0.17    
51 900.00  17.67   18.31   0.88    0.53    
Chi Quadro = 5.94
Gradi Libertà = 48
Chi Quadro Ridotto = 0.12

Test Chi Quadro minimo1sx_____________________________________________
   x       y       y*      sy      Chi     
1  125.00  5.07    5.48    0.25    2.58    
2  126.00  4.87    5.29    0.24    3.02    
3  127.00  4.80    5.10    0.24    1.57    
4  128.00  4.15    4.92    0.21    14.07   
5  129.00  4.69    4.74    0.23    0.06    
6  130.00  4.16    4.57    0.21    3.89    
7  131.00  4.37    4.40    0.22    0.02    
8  132.00  3.74    4.23    0.19    7.03    
9  133.00  4.22    4.07    0.21    0.48    
10 134.00  3.56    3.91    0.18    3.99    
11 135.00  3.77    3.76    0.19    0.00    
12 136.00  3.17    3.61    0.16    7.65    
13 137.00  3.57    3.46    0.18    0.39    
14 138.00  3.26    3.32    0.16    0.15    
15 139.00  3.49    3.18    0.17    3.19    
16 140.00  2.62    3.04    0.13    10.42   
17 141.00  3.02    2.91    0.15    0.54    
18 142.00  2.75    2.79    0.14    0.08    
19 143.00  3.21    2.66    0.16    11.49   
20 144.00  2.58    2.54    0.13    0.10    
21 145.00  2.96    2.43    0.15    12.95   
22 146.00  2.28    2.32    0.11    0.09    
23 147.00  2.46    2.21    0.12    4.20    
24 148.00  2.03    2.10    0.10    0.47    
25 149.00  2.23    2.00    0.11    4.25    
26 150.00  1.76    1.91    0.09    2.78    
27 151.00  1.75    1.82    0.09    0.61    
28 152.00  1.35    1.73    0.07    30.90   
29 153.00  1.61    1.64    0.08    0.16    
30 154.00  1.39    1.56    0.07    6.62    
31 155.00  1.57    1.49    0.08    1.24    
32 156.00  1.33    1.41    0.07    1.44    
33 157.00  1.42    1.35    0.07    1.22    
34 158.00  1.18    1.28    0.06    2.66    
35 159.00  1.23    1.22    0.06    0.02    
36 160.00  1.05    1.16    0.05    5.03    
37 161.00  1.39    1.11    0.07    16.40   
38 162.00  1.34    1.06    0.07    17.69   
39 163.00  1.32    1.02    0.07    21.69   
40 164.00  1.01    0.97    0.05    0.56    
41 165.00  1.23    0.94    0.06    22.27   
42 166.00  0.98    0.90    0.05    2.56    
43 167.00  0.99    0.87    0.05    5.44    
44 168.00  0.90    0.85    0.05    1.44    
45 169.00  1.05    0.83    0.05    17.71   
46 170.00  0.85    0.81    0.04    0.92    
47 171.00  0.74    0.79    0.04    2.07    
48 172.00  0.74    0.78    0.04    1.51    
49 173.00  0.79    0.78    0.04    0.17    
50 174.00  0.78    0.77    0.04    0.04    
51 175.00  0.86    0.78    0.04    4.17    
52 176.00  0.93    0.78    0.05    10.28   
53 177.00  1.02    0.79    0.05    20.17   
54 178.00  0.85    0.80    0.04    1.06    
55 179.00  0.81    0.82    0.04    0.07    
56 180.00  0.79    0.84    0.04    2.12    
57 181.00  0.97    0.87    0.05    4.34    
58 182.00  0.84    0.90    0.04    1.54    
59 183.00  0.87    0.93    0.04    1.76    
60 184.00  0.77    0.97    0.04    24.48   
61 185.00  1.03    1.01    0.05    0.17    
62 186.00  0.98    1.05    0.05    2.10    
63 187.00  1.06    1.10    0.05    0.60    
64 188.00  0.80    1.15    0.04    76.69   
65 189.00  1.10    1.21    0.05    4.25    
66 190.00  1.19    1.27    0.06    1.81    
67 191.00  1.55    1.33    0.08    7.87    
68 192.00  1.38    1.40    0.07    0.11    
69 193.00  1.38    1.47    0.07    1.98    
70 194.00  1.14    1.55    0.06    51.25   
71 195.00  1.53    1.63    0.08    1.76    
72 196.00  1.50    1.71    0.07    8.29    
73 197.00  1.84    1.80    0.09    0.16    
74 198.00  1.76    1.89    0.09    2.15    
75 199.00  2.14    1.99    0.11    2.18    
76 200.00  1.97    2.08    0.10    1.26    
77 201.00  2.40    2.19    0.12    3.14    
78 202.00  2.22    2.29    0.11    0.43    
79 203.00  2.76    2.41    0.14    6.50    
80 204.00  2.61    2.52    0.13    0.43    
81 205.00  2.85    2.64    0.14    2.14    
82 206.00  2.54    2.76    0.13    3.13    
83 207.00  3.04    2.89    0.15    0.96    
84 208.00  3.13    3.02    0.16    0.50    
85 209.00  3.80    3.15    0.19    11.51   
86 210.00  3.59    3.29    0.18    2.72    
87 211.00  4.02    3.43    0.20    8.40    
88 212.00  3.90    3.58    0.20    2.73    
89 213.00  4.30    3.73    0.22    7.11    
90 214.00  4.09    3.88    0.20    1.05    
91 215.00  4.94    4.04    0.25    13.21   
92 216.00  4.64    4.20    0.23    3.58    
93 217.00  5.11    4.37    0.26    8.41    
94 218.00  4.88    4.54    0.24    1.93    
95 219.00  5.28    4.71    0.26    4.71    
96 220.00  5.12    4.89    0.26    0.84    
97 221.00  5.70    5.07    0.28    4.87    
98 222.00  5.35    5.25    0.27    0.14    
99 223.00  5.92    5.44    0.30    2.58    
100224.00  5.86    5.64    0.29    0.58    
101225.00  6.43    5.83    0.32    3.40    
Chi Quadro = 583.50
Gradi Libertà = 98
Chi Quadro Ridotto = 5.95

Test Chi Quadro minimo2dx_____________________________________________
   x       y       y*      sy      Chi     
1  1000.00 13.23   14.19   0.66    2.10    
2  1001.00 12.95   13.75   0.65    1.52    
3  1002.00 12.81   13.32   0.64    0.65    
4  1003.00 12.13   12.90   0.61    1.59    
5  1004.00 11.78   12.48   0.59    1.43    
6  1005.00 11.61   12.08   0.58    0.64    
7  1006.00 11.73   11.68   0.59    0.01    
8  1007.00 11.52   11.29   0.58    0.16    
9  1008.00 11.03   10.91   0.55    0.05    
10 1009.00 10.51   10.53   0.53    0.00    
11 1010.00 10.08   10.17   0.50    0.03    
12 1011.00 9.81    9.81    0.49    0.00    
13 1012.00 9.69    9.47    0.48    0.21    
14 1013.00 9.49    9.13    0.47    0.60    
15 1014.00 9.28    8.80    0.46    1.08    
16 1015.00 8.82    8.47    0.44    0.61    
17 1016.00 8.30    8.16    0.42    0.12    
18 1017.00 8.29    7.85    0.41    1.13    
19 1018.00 8.06    7.56    0.40    1.57    
20 1019.00 8.00    7.27    0.40    3.32    
21 1020.00 7.39    6.99    0.37    1.19    
22 1021.00 7.17    6.72    0.36    1.62    
23 1022.00 6.58    6.45    0.33    0.16    
24 1023.00 6.44    6.20    0.32    0.57    
25 1024.00 6.10    5.95    0.31    0.24    
26 1025.00 5.91    5.71    0.30    0.44    
27 1026.00 5.57    5.48    0.28    0.09    
28 1027.00 5.57    5.26    0.28    1.24    
29 1028.00 5.18    5.05    0.26    0.26    
30 1029.00 5.11    4.84    0.26    1.08    
31 1030.00 4.76    4.65    0.24    0.21    
32 1031.00 4.76    4.46    0.24    1.54    
33 1032.00 4.30    4.28    0.21    0.01    
34 1033.00 4.72    4.11    0.24    6.59    
35 1034.00 4.02    3.95    0.20    0.13    
36 1035.00 4.05    3.79    0.20    1.57    
37 1036.00 3.51    3.65    0.18    0.67    
38 1037.00 3.51    3.51    0.18    0.00    
39 1038.00 3.10    3.38    0.16    3.34    
40 1039.00 3.33    3.26    0.17    0.14    
41 1040.00 2.85    3.15    0.14    4.40    
42 1041.00 3.24    3.05    0.16    1.34    
43 1042.00 3.03    2.95    0.15    0.29    
44 1043.00 3.16    2.87    0.16    3.42    
45 1044.00 2.54    2.79    0.13    3.75    
46 1045.00 2.79    2.72    0.14    0.26    
47 1046.00 2.50    2.66    0.12    1.62    
48 1047.00 2.65    2.60    0.13    0.13    
49 1048.00 1.92    2.56    0.10    44.90   
50 1049.00 2.53    2.52    0.13    0.00    
51 1050.00 2.11    2.50    0.11    13.74   
52 1051.00 2.57    2.48    0.13    0.54    
53 1052.00 2.16    2.47    0.11    7.87    
54 1053.00 2.55    2.46    0.13    0.45    
55 1054.00 2.23    2.47    0.11    4.56    
56 1055.00 2.68    2.49    0.13    2.08    
57 1056.00 2.47    2.51    0.12    0.08    
58 1057.00 2.60    2.54    0.13    0.21    
59 1058.00 2.04    2.58    0.10    27.50   
60 1059.00 3.00    2.63    0.15    6.27    
61 1060.00 3.11    2.68    0.16    7.45    
62 1061.00 3.56    2.75    0.18    20.67   
63 1062.00 3.20    2.82    0.16    5.51    
64 1063.00 3.62    2.91    0.18    15.72   
65 1064.00 3.24    3.00    0.16    2.27    
66 1065.00 3.41    3.09    0.17    3.46    
67 1066.00 3.16    3.20    0.16    0.07    
68 1067.00 3.65    3.32    0.18    3.41    
69 1068.00 3.63    3.44    0.18    1.12    
70 1069.00 4.13    3.57    0.21    7.27    
71 1070.00 3.85    3.71    0.19    0.51    
72 1071.00 4.41    3.86    0.22    6.08    
73 1072.00 4.27    4.02    0.21    1.37    
74 1073.00 4.92    4.19    0.25    8.94    
75 1074.00 4.72    4.36    0.24    2.29    
76 1075.00 5.35    4.55    0.27    9.02    
77 1076.00 5.21    4.74    0.26    3.26    
78 1077.00 5.29    4.94    0.26    1.75    
79 1078.00 4.99    5.15    0.25    0.41    
80 1079.00 5.42    5.36    0.27    0.05    
81 1080.00 5.16    5.59    0.26    2.80    
82 1081.00 6.00    5.82    0.30    0.37    
83 1082.00 6.09    6.06    0.30    0.01    
84 1083.00 6.25    6.31    0.31    0.04    
85 1084.00 5.76    6.57    0.29    7.94    
86 1085.00 6.09    6.84    0.30    6.09    
87 1086.00 6.35    7.12    0.32    5.74    
88 1087.00 6.80    7.40    0.34    3.14    
89 1088.00 6.95    7.69    0.35    4.61    
90 1089.00 7.19    7.99    0.36    4.93    
91 1090.00 7.05    8.30    0.35    12.65   
Chi Quadro = 310.28
Gradi Libertà = 88
Chi Quadro Ridotto = 3.53

Test Chi Quadro minimo2sx_____________________________________________
   x       y       y*      sy      Chi     
1  311.00  7.01    7.99    0.35    7.81    
2  312.00  6.64    7.66    0.33    9.43    
3  313.00  6.85    7.34    0.34    2.04    
4  314.00  6.43    7.03    0.32    3.52    
5  315.00  6.38    6.73    0.32    1.17    
6  316.00  5.80    6.44    0.29    4.81    
7  317.00  5.87    6.15    0.29    0.92    
8  318.00  5.41    5.88    0.27    2.97    
9  319.00  5.47    5.61    0.27    0.25    
10 320.00  4.83    5.36    0.24    4.71    
11 321.00  5.08    5.11    0.25    0.01    
12 322.00  4.63    4.87    0.23    1.05    
13 323.00  4.97    4.64    0.25    1.78    
14 324.00  4.60    4.42    0.23    0.62    
15 325.00  4.84    4.21    0.24    6.76    
16 326.00  4.27    4.01    0.21    1.44    
17 327.00  4.49    3.82    0.22    8.96    
18 328.00  3.96    3.64    0.20    2.64    
19 329.00  4.01    3.46    0.20    7.52    
20 330.00  3.18    3.30    0.16    0.55    
21 331.00  3.67    3.14    0.18    8.15    
22 332.00  3.49    3.00    0.17    7.94    
23 333.00  3.59    2.86    0.18    16.79   
24 334.00  3.10    2.73    0.16    5.72    
25 335.00  3.27    2.61    0.16    16.37   
26 336.00  2.84    2.50    0.14    5.82    
27 337.00  2.80    2.40    0.14    8.00    
28 338.00  2.14    2.31    0.11    2.34    
29 339.00  2.29    2.23    0.11    0.29    
30 340.00  2.11    2.15    0.11    0.19    
31 341.00  2.46    2.09    0.12    8.92    
32 342.00  1.99    2.03    0.10    0.17    
33 343.00  2.28    1.99    0.11    6.61    
34 344.00  1.96    1.95    0.10    0.01    
35 345.00  2.08    1.92    0.10    2.14    
36 346.00  1.62    1.90    0.08    12.22   
37 347.00  1.97    1.90    0.10    0.59    
38 348.00  1.64    1.90    0.08    9.81    
39 349.00  1.84    1.90    0.09    0.44    
40 350.00  1.53    1.92    0.08    26.85   
41 351.00  1.78    1.95    0.09    3.40    
42 352.00  1.55    1.99    0.08    31.30   
43 353.00  1.90    2.03    0.10    1.84    
44 354.00  1.80    2.09    0.09    9.85    
45 355.00  2.20    2.15    0.11    0.23    
46 356.00  2.02    2.22    0.10    3.80    
47 357.00  2.51    2.30    0.13    2.73    
48 358.00  2.56    2.40    0.13    1.64    
49 359.00  2.97    2.50    0.15    10.04   
50 360.00  2.62    2.61    0.13    0.01    
51 361.00  3.13    2.72    0.16    6.64    
52 362.00  2.86    2.85    0.14    0.00    
53 363.00  3.36    2.99    0.17    4.96    
54 364.00  3.23    3.13    0.16    0.32    
55 365.00  3.62    3.29    0.18    3.27    
56 366.00  3.31    3.45    0.17    0.74    
57 367.00  4.03    3.63    0.20    4.06    
58 368.00  3.88    3.81    0.19    0.13    
59 369.00  4.31    4.00    0.22    2.06    
60 370.00  4.11    4.20    0.21    0.21    
61 371.00  5.05    4.41    0.25    6.36    
62 372.00  5.10    4.63    0.26    3.38    
63 373.00  5.62    4.86    0.28    7.25    
64 374.00  5.47    5.10    0.27    1.86    
65 375.00  5.93    5.34    0.30    3.90    
66 376.00  5.79    5.60    0.29    0.45    
67 377.00  6.40    5.86    0.32    2.82    
68 378.00  6.48    6.14    0.32    1.14    
69 379.00  7.13    6.42    0.36    3.90    
70 380.00  6.84    6.71    0.34    0.13    
71 381.00  7.44    7.02    0.37    1.32    
72 382.00  7.74    7.33    0.39    1.15    
73 383.00  8.16    7.65    0.41    1.57    
74 384.00  8.27    7.97    0.41    0.52    
75 385.00  8.88    8.31    0.44    1.61    
76 386.00  8.91    8.66    0.45    0.32    
77 387.00  9.35    9.02    0.47    0.51    
78 388.00  9.26    9.38    0.46    0.07    
79 389.00  9.85    9.76    0.49    0.03    
80 390.00  9.92    10.14   0.50    0.19    
81 391.00  10.34   10.53   0.52    0.13    
82 392.00  10.40   10.93   0.52    1.07    
83 393.00  10.80   11.34   0.54    1.02    
84 394.00  10.98   11.76   0.55    2.05    
85 395.00  11.57   12.19   0.58    1.17    
86 396.00  11.81   12.63   0.59    1.92    
87 397.00  12.20   13.08   0.61    2.08    
88 398.00  12.14   13.54   0.61    5.28    
89 399.00  12.41   14.00   0.62    6.55    
90 400.00  12.64   14.48   0.63    8.48    
Chi Quadro = 363.84
Gradi Libertà = 87
Chi Quadro Ridotto = 4.18

Test Chi Quadro minimo3dx_____________________________________________
   x       y       y*      sy      Chi     
1  1175.00 5.83    5.90    0.29    0.07    
2  1176.00 5.60    5.72    0.28    0.19    
3  1177.00 6.11    5.54    0.31    3.48    
4  1178.00 5.71    5.37    0.29    1.48    
5  1179.00 5.73    5.19    0.29    3.54    
6  1180.00 5.14    5.03    0.26    0.20    
7  1181.00 5.36    4.86    0.27    3.46    
8  1182.00 5.35    4.70    0.27    5.98    
9  1183.00 5.09    4.54    0.25    4.66    
10 1184.00 4.14    4.39    0.21    1.37    
11 1185.00 4.28    4.24    0.21    0.05    
12 1186.00 3.86    4.09    0.19    1.40    
13 1187.00 4.31    3.94    0.22    2.81    
14 1188.00 3.90    3.80    0.19    0.24    
15 1189.00 3.96    3.67    0.20    2.13    
16 1190.00 3.35    3.53    0.17    1.17    
17 1191.00 3.74    3.40    0.19    3.27    
18 1192.00 3.42    3.28    0.17    0.65    
19 1193.00 3.49    3.16    0.17    3.69    
20 1194.00 2.88    3.04    0.14    1.16    
21 1195.00 3.12    2.92    0.16    1.67    
22 1196.00 2.89    2.81    0.14    0.34    
23 1197.00 3.22    2.70    0.16    10.32   
24 1198.00 2.70    2.60    0.14    0.59    
25 1199.00 2.99    2.50    0.15    10.78   
26 1200.00 2.73    2.40    0.14    6.01    
27 1201.00 2.79    2.30    0.14    12.23   
28 1202.00 2.24    2.21    0.11    0.05    
29 1203.00 2.12    2.13    0.11    0.01    
30 1204.00 1.77    2.04    0.09    9.68    
31 1205.00 2.23    1.96    0.11    5.74    
32 1206.00 2.07    1.89    0.10    3.06    
33 1207.00 2.14    1.81    0.11    9.51    
34 1208.00 1.80    1.74    0.09    0.41    
35 1209.00 1.98    1.68    0.10    9.17    
36 1210.00 1.72    1.61    0.09    1.47    
37 1211.00 1.60    1.56    0.08    0.32    
38 1212.00 1.03    1.50    0.05    81.48   
39 1213.00 1.16    1.45    0.06    23.97   
40 1214.00 1.01    1.40    0.05    58.96   
41 1215.00 1.42    1.36    0.07    0.83    
42 1216.00 1.43    1.31    0.07    2.63    
43 1217.00 1.50    1.28    0.07    8.65    
44 1218.00 0.96    1.24    0.05    34.39   
45 1219.00 1.05    1.21    0.05    9.97    
46 1220.00 0.83    1.19    0.04    72.66   
47 1221.00 1.10    1.16    0.06    1.19    
48 1222.00 0.97    1.14    0.05    13.06   
49 1223.00 1.21    1.13    0.06    1.97    
50 1224.00 0.98    1.11    0.05    7.37    
51 1225.00 1.26    1.10    0.06    6.38    
52 1226.00 1.29    1.10    0.06    9.22    
53 1227.00 1.57    1.10    0.08    36.24   
54 1228.00 1.26    1.10    0.06    6.63    
55 1229.00 1.50    1.10    0.07    28.03   
56 1230.00 1.44    1.11    0.07    21.03   
57 1231.00 1.46    1.12    0.07    21.50   
58 1232.00 1.20    1.14    0.06    0.99    
59 1233.00 1.52    1.16    0.08    22.50   
60 1234.00 1.41    1.18    0.07    10.94   
61 1235.00 1.41    1.21    0.07    8.41    
62 1236.00 1.36    1.24    0.07    3.29    
63 1237.00 1.58    1.27    0.08    15.92   
64 1238.00 1.29    1.31    0.06    0.06    
65 1239.00 1.35    1.35    0.07    0.00    
66 1240.00 1.25    1.39    0.06    5.00    
67 1241.00 1.48    1.44    0.07    0.31    
68 1242.00 1.36    1.49    0.07    3.30    
69 1243.00 1.89    1.54    0.09    13.68   
70 1244.00 1.57    1.60    0.08    0.11    
71 1245.00 1.77    1.66    0.09    1.52    
72 1246.00 1.48    1.73    0.07    10.74   
73 1247.00 1.89    1.80    0.09    0.93    
74 1248.00 1.96    1.87    0.10    0.95    
75 1249.00 2.15    1.94    0.11    3.70    
76 1250.00 1.78    2.02    0.09    7.58    
77 1251.00 2.19    2.11    0.11    0.61    
78 1252.00 2.10    2.19    0.10    0.80    
79 1253.00 2.63    2.28    0.13    6.88    
80 1254.00 2.67    2.37    0.13    4.86    
81 1255.00 2.94    2.47    0.15    10.16   
82 1256.00 2.62    2.57    0.13    0.15    
83 1257.00 3.04    2.68    0.15    5.83    
84 1258.00 2.69    2.78    0.13    0.48    
85 1259.00 2.86    2.90    0.14    0.08    
86 1260.00 2.83    3.01    0.14    1.63    
87 1261.00 3.26    3.13    0.16    0.61    
88 1262.00 3.19    3.25    0.16    0.16    
89 1263.00 3.46    3.38    0.17    0.25    
90 1264.00 3.33    3.50    0.17    1.03    
91 1265.00 3.71    3.64    0.19    0.16    
92 1266.00 3.32    3.77    0.17    7.59    
93 1267.00 3.81    3.91    0.19    0.31    
94 1268.00 3.53    4.05    0.18    8.90    
95 1269.00 4.18    4.20    0.21    0.01    
96 1270.00 4.08    4.35    0.20    1.78    
97 1271.00 4.43    4.50    0.22    0.12    
98 1272.00 3.91    4.66    0.20    14.57   
99 1273.00 4.57    4.82    0.23    1.18    
1001274.00 4.19    4.99    0.21    14.60   
1011275.00 4.54    5.15    0.23    7.36    
Chi Quadro = 768.60
Gradi Libertà = 98
Chi Quadro Ridotto = 7.84

Test Chi Quadro minimo3sx_____________________________________________
   x       y       y*      sy      Chi     
1  500.00  17.27   17.64   0.86    0.19    
2  501.00  16.84   17.30   0.84    0.30    
3  502.00  16.71   16.97   0.84    0.10    
4  503.00  16.47   16.66   0.82    0.05    
5  504.00  16.47   16.37   0.82    0.02    
6  505.00  16.22   16.09   0.81    0.03    
7  506.00  16.04   15.82   0.80    0.07    
8  507.00  15.63   15.57   0.78    0.01    
9  508.00  15.56   15.34   0.78    0.08    
10 509.00  15.10   15.13   0.75    0.00    
11 510.00  14.89   14.93   0.74    0.00    
12 511.00  14.81   14.74   0.74    0.01    
13 512.00  15.01   14.57   0.75    0.34    
14 513.00  14.71   14.42   0.74    0.16    
15 514.00  14.58   14.28   0.73    0.17    
16 515.00  14.43   14.16   0.72    0.14    
17 516.00  14.12   14.05   0.71    0.01    
18 517.00  13.99   13.96   0.70    0.00    
19 518.00  13.90   13.89   0.70    0.00    
20 519.00  13.81   13.83   0.69    0.00    
21 520.00  13.62   13.79   0.68    0.06    
22 521.00  13.90   13.76   0.69    0.04    
23 522.00  13.88   13.75   0.69    0.03    
24 523.00  13.87   13.76   0.69    0.03    
25 524.00  13.69   13.78   0.68    0.02    
26 525.00  13.50   13.82   0.68    0.22    
27 526.00  13.46   13.87   0.67    0.36    
28 527.00  13.70   13.94   0.68    0.12    
29 528.00  13.83   14.02   0.69    0.07    
30 529.00  14.01   14.12   0.70    0.03    
31 530.00  14.13   14.24   0.71    0.02    
32 531.00  14.32   14.37   0.72    0.01    
33 532.00  14.58   14.52   0.73    0.01    
34 533.00  14.66   14.68   0.73    0.00    
35 534.00  14.79   14.86   0.74    0.01    
36 535.00  15.09   15.06   0.75    0.00    
37 536.00  15.41   15.27   0.77    0.03    
38 537.00  15.83   15.49   0.79    0.18    
39 538.00  16.06   15.74   0.80    0.16    
40 539.00  16.18   15.99   0.81    0.05    
41 540.00  16.44   16.27   0.82    0.04    
42 541.00  16.32   16.56   0.82    0.09    
43 542.00  16.60   16.86   0.83    0.10    
44 543.00  16.69   17.19   0.83    0.35    
45 544.00  17.39   17.52   0.87    0.02    
46 545.00  17.68   17.88   0.88    0.05    
47 546.00  18.24   18.25   0.91    0.00    
48 547.00  18.65   18.63   0.93    0.00    
49 548.00  19.24   19.03   0.96    0.05    
50 549.00  19.79   19.45   0.99    0.12    
51 550.00  20.32   19.88   1.02    0.19    
Chi Quadro = 4.13
Gradi Libertà = 48
Chi Quadro Ridotto = 0.09

