1.407 19.99 45.20
1.407 19.98 45.20
1.408 19.97 45.20
1.409 19.96 45.20
1.409 19.95 45.20
1.409 19.94 45.20
1.410 19.94 45.20
1.410 19.94 45.20
1.410 19.93 45.20
1.411 19.93 45.20
1.411 19.93 45.20
1.412 19.92 45.20
1.412 19.91 45.20
1.413 19.91 45.20
1.413 19.90 45.20
1.414 19.89 45.20
1.414 19.89 45.20
1.415 19.88 45.20
1.416 19.87 45.20
1.416 19.86 45.20
1.417 19.85 45.20
1.417 19.84 45.20
1.417 19.84 45.20
1.418 19.83 45.20
1.419 19.82 45.20
1.420 19.80 45.20
1.421 19.79 45.20
1.422 19.77 45.20
1.423 19.76 45.20
1.424 19.75 45.20
1.425 19.73 45.20
1.426 19.72 45.20
1.427 19.70 45.20
1.428 19.68 45.20
1.429 19.66 45.20
1.430 19.65 45.20
1.431 19.64 45.20
1.431 19.63 45.20
1.432 19.62 45.20
1.432 19.61 45.20
1.433 19.60 45.20
1.433 19.60 45.20
1.434 19.59 45.20
1.434 19.58 45.20
1.435 19.57 45.19
1.436 19.56 45.19
1.436 19.54 45.19
1.437 19.53 45.19
1.438 19.51 45.19
1.439 19.51 45.19
1.439 19.50 45.19
1.440 19.49 45.19
1.440 19.49 45.19
1.441 19.48 45.19
1.442 19.47 45.19
1.442 19.46 45.19
1.443 19.45 45.19
1.444 19.45 45.19
1.444 19.44 45.19
1.445 19.43 45.19
1.446 19.42 45.19
1.446 19.41 45.19
1.447 19.40 45.19
1.448 19.39 45.19
1.449 19.38 45.19
1.450 19.37 45.19
1.451 19.36 45.19
1.451 19.34 45.19
1.452 19.33 45.19
1.453 19.31 45.19
1.455 19.29 45.19
1.455 19.29 45.19
1.456 19.28 45.19
1.457 19.27 45.19
1.458 19.26 45.19
1.459 19.23 45.19
1.460 19.22 45.18
1.460 19.20 45.18
1.461 19.19 45.18
1.462 19.18 45.18
1.463 19.16 45.18
1.464 19.15 45.18
1.464 19.15 45.18
1.465 19.14 45.18
1.465 19.13 45.18
1.467 19.12 45.18
1.467 19.11 45.18
1.468 19.09 45.18
1.469 19.08 45.18
1.469 19.08 45.18
1.469 19.07 45.18
1.470 19.07 45.18
1.470 19.06 45.18
1.470 19.06 45.18
1.470 19.05 45.18
1.471 19.05 45.18
1.472 19.03 45.18
1.472 19.03 45.18
1.473 19.03 45.18
1.473 19.02 45.18
1.473 19.02 45.18
1.474 19.01 45.18
1.475 19.00 45.18
1.475 18.99 45.18
1.476 18.99 45.18
1.476 18.99 45.18
1.477 18.98 45.17
1.477 18.97 45.17
1.478 18.96 45.17
1.479 18.96 45.17
1.479 18.95 45.17
1.480 18.94 45.17
1.480 18.92 45.17
1.481 18.92 45.17
1.481 18.92 45.17
1.482 18.91 45.17
1.482 18.91 45.17
1.483 18.90 45.17
1.483 18.89 45.17
1.484 18.89 45.16
1.484 18.88 45.16
1.484 18.88 45.16
1.485 18.87 45.16
1.486 18.86 45.16
1.487 18.85 45.16
1.487 18.84 45.16
1.487 18.84 45.16
1.487 18.84 45.16
1.487 18.84 45.16
1.487 18.84 45.16
1.488 18.83 45.16
1.490 18.80 45.16
1.491 18.79 45.16
1.492 18.78 45.16
1.493 18.76 45.16
1.493 18.75 45.16
1.494 18.74 45.16
1.494 18.74 45.16
1.494 18.74 45.16
1.494 18.73 45.16
1.494 18.73 45.15
1.494 18.73 45.15
1.494 18.72 45.15
1.495 18.71 45.15
1.496 18.70 45.15
1.496 18.69 45.15
1.497 18.69 45.15
1.498 18.67 45.15
1.499 18.66 45.15
1.499 18.65 45.15
1.501 18.64 45.15
1.501 18.63 45.15
1.501 18.62 45.15
1.502 18.61 45.15
1.502 18.61 45.15
1.503 18.59 45.15
1.504 18.58 45.15
1.504 18.58 45.15
1.505 18.57 45.15
1.505 18.57 45.15
1.506 18.56 45.15
1.507 18.54 45.15
1.509 18.54 45.14
1.509 18.52 45.14
1.510 18.52 45.14
1.510 18.51 45.14
1.511 18.51 45.14
1.511 18.50 45.14
1.512 18.49 45.14
1.513 18.48 45.14
1.514 18.47 45.14
1.515 18.46 45.14
1.516 18.45 45.14
1.517 18.44 45.13
1.518 18.42 45.13
1.519 18.41 45.13
1.520 18.40 45.13
1.520 18.39 45.13
1.521 18.38 45.13
1.522 18.38 45.13
1.523 18.36 45.13
1.525 18.34 45.13
1.527 18.31 45.13
1.528 18.30 45.13
1.529 18.29 45.13
1.530 18.28 45.13
1.530 18.27 45.13
1.531 18.26 45.13
1.532 18.25 45.13
1.533 18.24 45.13
1.534 18.22 45.13
1.534 18.21 45.13
1.535 18.20 45.13
1.536 18.18 45.13
1.538 18.17 45.13
1.540 18.14 45.13
1.541 18.12 45.13
1.543 18.10 45.12
1.545 18.08 45.12
1.546 18.06 45.12
1.547 18.06 45.12
1.547 18.05 45.12
1.548 18.05 45.12
1.548 18.04 45.12
1.548 18.04 45.12
1.549 18.03 45.12
1.550 18.02 45.12
1.550 18.02 45.12
1.550 18.02 45.12
1.551 18.00 45.12
1.553 17.99 45.12
1.554 17.98 45.12
1.555 17.97 45.12
1.556 17.96 45.12
1.556 17.94 45.12
1.557 17.94 45.12
1.557 17.93 45.12
1.558 17.92 45.12
1.560 17.90 45.12
1.561 17.88 45.12
1.563 17.87 45.12
1.563 17.86 45.12
1.564 17.85 45.12
1.565 17.83 45.12
1.566 17.82 45.12
1.568 17.80 45.12
1.569 17.79 45.12
1.571 17.77 45.12
1.572 17.75 45.11
1.573 17.73 45.11
1.575 17.71 45.11
1.576 17.69 45.11
1.578 17.67 45.11
1.580 17.65 45.11
1.581 17.64 45.11
1.582 17.62 45.11
1.583 17.61 45.11
1.583 17.61 45.11
1.584 17.60 45.11
1.584 17.59 45.11
1.585 17.58 45.11
1.586 17.57 45.11
1.587 17.56 45.11
1.589 17.55 45.11
1.590 17.53 45.11
1.592 17.52 45.11
1.593 17.51 45.11
1.594 17.50 45.11
1.594 17.48 45.11
1.595 17.47 45.11
1.596 17.47 45.11
1.597 17.46 45.10
1.597 17.45 45.10
1.598 17.44 45.10
1.599 17.42 45.10
1.602 17.40 45.10
1.604 17.38 45.10
1.606 17.36 45.10
1.606 17.35 45.10
1.607 17.34 45.10
1.608 17.33 45.10
1.608 17.33 45.10
1.608 17.32 45.10
1.608 17.32 45.10
1.609 17.32 45.10
1.608 17.31 45.10
1.608 17.32 45.10
1.608 17.31 45.10
1.609 17.31 45.10
1.610 17.30 45.10
1.610 17.29 45.10
1.611 17.28 45.10
1.612 17.28 45.10
1.612 17.27 45.10
1.613 17.26 45.10
1.614 17.25 45.10
1.614 17.24 45.10
1.615 17.23 45.10
1.616 17.21 45.10
1.617 17.21 45.10
1.617 17.20 45.10
1.618 17.19 45.10
1.620 17.17 45.10
1.621 17.16 45.10
1.622 17.15 45.10
1.624 17.13 45.10
1.625 17.12 45.10
1.626 17.11 45.09
1.627 17.10 45.09
1.628 17.10 45.09
1.629 17.09 45.09
1.630 17.08 45.09
1.631 17.07 45.09
1.632 17.06 45.09
1.632 17.05 45.09
1.633 17.05 45.09
1.634 17.04 45.09
1.635 17.03 45.09
1.636 17.02 45.09
1.636 17.01 45.09
1.637 17.00 45.09
1.637 16.99 45.09
1.638 16.99 45.09
1.639 16.97 45.09
1.640 16.97 45.09
1.640 16.96 45.09
1.640 16.96 45.09
1.640 16.96 45.09
1.641 16.95 45.09
1.641 16.95 45.09
1.642 16.94 45.09
1.643 16.93 45.09
1.644 16.92 45.09
1.646 16.91 45.09
1.647 16.89 45.09
1.648 16.88 45.09
1.649 16.87 45.09
1.649 16.86 45.09
1.650 16.85 45.09
1.651 16.83 45.09
1.652 16.82 45.09
1.653 16.81 45.08
1.654 16.80 45.08
1.655 16.79 45.08
1.655 16.79 45.08
1.656 16.78 45.08
1.656 16.76 45.08
1.658 16.75 45.08
1.659 16.74 45.08
1.660 16.73 45.08
1.661 16.72 45.08
1.661 16.71 45.08
1.662 16.70 45.08
1.663 16.69 45.08
1.664 16.68 45.08
1.666 16.67 45.08
1.667 16.66 45.08
1.668 16.65 45.08
1.669 16.64 45.08
1.669 16.64 45.07
1.670 16.63 45.08
1.670 16.63 45.07
1.671 16.62 45.07
1.672 16.61 45.07
1.673 16.60 45.07
1.673 16.60 45.07
1.674 16.59 45.07
1.675 16.59 45.07
1.676 16.57 45.07
1.678 16.56 45.07
1.680 16.54 45.07
1.682 16.52 45.07
1.683 16.50 45.07
1.685 16.48 45.07
1.687 16.46 45.07
1.689 16.45 45.07
1.691 16.42 45.07
1.693 16.40 45.07
1.695 16.37 45.07
1.697 16.35 45.07
1.699 16.34 45.07
1.700 16.33 45.07
1.701 16.31 45.07
1.703 16.29 45.07
1.704 16.28 45.07
1.706 16.25 45.07
1.707 16.24 45.07
1.708 16.23 45.07
1.708 16.22 45.07
1.710 16.20 45.07
1.712 16.19 45.07
1.714 16.17 45.07
1.717 16.16 45.07
1.719 16.14 45.07
1.721 16.12 45.07
1.723 16.11 45.06
1.723 16.10 45.06
1.723 16.10 45.06
1.723 16.09 45.06
1.724 16.09 45.06
1.724 16.08 45.06
1.724 16.08 45.06
1.725 16.07 45.06
1.726 16.06 45.06
1.727 16.06 45.06
1.727 16.05 45.06
1.728 16.04 45.06
1.731 16.02 45.06
1.732 16.00 45.06
1.733 15.99 45.06
1.734 15.98 45.06
1.735 15.96 45.06
1.737 15.95 45.06
1.737 15.94 45.06
1.738 15.93 45.06
1.739 15.92 45.06
1.740 15.91 45.06
1.741 15.90 45.06
1.742 15.88 45.06
1.744 15.86 45.06
1.745 15.84 45.06
1.747 15.83 45.06
1.748 15.81 45.06
1.749 15.80 45.06
1.749 15.79 45.06
1.750 15.78 45.06
1.750 15.77 45.06
1.751 15.76 45.06
1.751 15.76 45.06
1.751 15.75 45.06
1.751 15.75 45.06
1.752 15.74 45.06
1.753 15.73 45.06
1.753 15.72 45.06
1.753 15.72 45.06
1.754 15.69 45.06
1.755 15.69 45.06
1.756 15.68 45.06
1.757 15.67 45.06
1.759 15.66 45.06
1.761 15.65 45.06
1.763 15.64 45.06
1.764 15.63 45.06
1.765 15.63 45.06
1.766 15.62 45.06
1.767 15.62 45.06
1.769 15.61 45.06
1.771 15.59 45.06
1.772 15.59 45.06
1.774 15.58 45.06
1.777 15.56 45.06
1.779 15.56 45.06
1.780 15.53 45.06
1.781 15.52 45.06
1.781 15.49 45.06
1.783 15.48 45.06
1.784 15.47 45.06
1.786 15.45 45.06
1.787 15.44 45.06
1.788 15.42 45.06
1.789 15.40 45.06
1.790 15.39 45.06
1.791 15.38 45.06
1.792 15.36 45.06
1.793 15.35 45.06
1.793 15.34 45.06
1.794 15.33 45.06
1.796 15.32 45.06
1.797 15.31 45.06
1.798 15.29 45.06
1.799 15.28 45.06
1.800 15.27 45.06
1.801 15.27 45.06
1.802 15.26 45.06
1.803 15.26 45.06
1.804 15.24 45.06
1.806 15.22 45.06
1.807 15.22 45.06
1.808 15.20 45.06
1.809 15.20 45.06
1.811 15.20 45.06
1.812 15.18 45.06
1.813 15.18 45.06
1.814 15.17 45.06
1.814 15.16 45.06
1.815 15.16 45.06
1.817 15.16 45.06
1.818 15.15 45.06
1.820 15.14 45.06
1.821 15.13 45.06
1.822 15.13 45.06
1.823 15.12 45.06
1.824 15.11 45.06
1.825 15.10 45.06
1.826 15.10 45.06
1.827 15.09 45.06
1.829 15.08 45.06
1.830 15.05 45.06
1.833 15.03 45.06
1.834 15.01 45.06
1.836 14.98 45.06
1.838 14.97 45.06
1.841 14.93 45.06
1.842 14.93 45.06
1.843 14.92 45.06
1.845 14.90 45.06
1.847 14.88 45.06
1.848 14.87 45.06
1.850 14.84 45.06
1.851 14.84 45.06
1.853 14.83 45.06
1.854 14.81 45.06
1.854 14.81 45.06
1.855 14.79 45.06
1.857 14.79 45.06
1.858 14.78 45.06
1.859 14.76 45.06
1.860 14.76 45.06
1.860 14.75 45.06
1.861 14.74 45.06
1.863 14.73 45.06
1.864 14.72 45.06
1.865 14.72 45.06
1.866 14.72 45.06
1.867 14.70 45.06
1.869 14.69 45.06
1.871 14.69 45.06
1.872 14.68 45.06
1.874 14.67 45.06
1.875 14.65 45.06
1.877 14.64 45.06
1.879 14.64 45.06
1.880 14.62 45.06
1.881 14.62 45.06
1.883 14.61 45.06
1.884 14.59 45.06
1.886 14.59 45.06
1.887 14.57 45.06
1.889 14.55 45.06
1.891 14.54 45.06
1.892 14.51 45.06
1.894 14.51 45.06
1.895 14.50 45.06
1.895 14.49 45.06
1.897 14.49 45.06
1.898 14.48 45.06
1.900 14.46 45.06
1.901 14.46 45.06
1.902 14.43 45.06
1.904 14.42 45.06
1.906 14.41 45.06
1.908 14.39 45.06
1.909 14.38 45.06
1.910 14.37 45.06
1.911 14.36 45.06
1.912 14.35 45.06
1.913 14.34 45.06
1.914 14.34 45.06
1.914 14.33 45.06
1.915 14.32 45.06
1.916 14.31 45.06
1.917 14.28 45.06
1.918 14.28 45.06
1.919 14.28 45.06
1.919 14.26 45.06
1.920 14.27 45.06
1.921 14.27 45.06
1.922 14.25 45.06
1.923 14.25 45.06
1.924 14.24 45.06
1.925 14.24 45.06
1.926 14.23 45.06
1.928 14.21 45.06
1.930 14.21 45.06
1.931 14.20 45.06
1.932 14.19 45.06
1.932 14.19 45.06
1.932 14.19 45.06
1.935 14.16 45.06
1.937 14.15 45.06
1.939 14.14 45.06
1.940 14.14 45.06
1.941 14.13 45.06
1.941 14.13 45.06
1.941 14.12 45.06
1.942 14.12 45.06
1.943 14.10 45.06
1.945 14.10 45.06
1.945 14.08 45.06
1.946 14.08 45.06
1.948 14.07 45.06
1.951 14.05 45.06
1.951 14.05 45.06
1.952 14.05 45.06
1.953 14.02 45.06
1.955 14.01 45.06
1.957 13.99 45.06
1.958 13.98 45.06
1.959 13.98 45.06
1.960 13.97 45.06
1.960 13.97 45.06
1.960 13.97 45.06
1.961 13.95 45.06
1.961 13.96 45.06
1.961 13.96 45.06
1.961 13.95 45.06
1.962 13.94 45.06
1.963 13.92 45.06
1.964 13.92 45.06
1.964 13.93 45.06
1.965 13.92 45.06
1.965 13.92 45.06
1.967 13.91 45.06
1.968 13.90 45.06
1.969 13.89 45.06
1.970 13.86 45.06
1.972 13.86 45.06
1.973 13.85 45.06
1.975 13.83 45.06
1.976 13.83 45.06
1.977 13.83 45.06
1.979 13.81 45.06
1.982 13.80 45.06
1.984 13.78 45.06
1.985 13.78 45.06
1.986 13.78 45.06
1.987 13.75 45.06
1.988 13.76 45.06
1.989 13.75 45.06
1.990 13.73 45.06
1.991 13.73 45.06
1.993 13.74 45.06
1.994 13.72 45.06
1.995 13.72 45.06
1.997 13.71 45.06
1.999 13.70 45.06
2.000 13.69 45.06
2.001 13.67 45.06
2.001 13.64 45.06
2.001 13.63 45.06
2.002 13.62 45.06
2.003 13.62 45.06
2.004 13.60 45.06
2.006 13.59 45.06
2.008 13.59 45.06
2.009 13.58 45.06
2.010 13.57 45.06
2.012 13.55 45.06
2.012 13.55 45.06
2.014 13.54 45.06
2.016 13.52 45.06
2.019 13.50 45.06
2.021 13.49 45.06
2.023 13.47 45.06
2.024 13.47 45.06
2.026 13.46 45.06
2.028 13.44 45.06
2.031 13.42 45.06
2.033 13.39 45.06
2.035 13.39 45.06
2.037 13.38 45.06
2.038 13.37 45.06
2.039 13.36 45.06
2.041 13.36 45.06
2.042 13.34 45.06
2.043 13.33 45.06
2.044 13.33 45.06
2.045 13.32 45.06
2.046 13.30 45.06
2.047 13.27 45.06
2.049 13.28 45.06
2.049 13.29 45.06
2.050 13.27 45.06
2.052 13.28 45.06
2.054 13.26 45.06
2.056 13.25 45.06
2.057 13.25 45.06
2.058 13.23 45.06
2.059 13.22 45.06
2.060 13.23 45.06
2.061 13.21 45.06
2.062 13.21 45.06
2.063 13.20 45.06
2.064 13.19 45.06
2.065 13.19 45.06
2.066 13.17 45.05
2.067 13.17 45.06
2.067 13.18 45.05
2.067 13.16 45.06
2.068 13.17 45.06
2.069 13.16 45.05
2.069 13.15 45.05
2.069 13.16 45.05
2.070 13.14 45.05
2.072 13.14 45.05
2.073 13.14 45.05
2.074 13.13 45.05
2.074 13.13 45.05
2.074 13.13 45.05
2.077 13.09 45.05
2.078 13.09 45.05
2.079 13.08 45.05
2.080 13.07 45.05
2.083 13.06 45.05
2.085 13.03 45.05
2.088 13.03 45.05
2.090 13.01 45.05
2.091 12.99 45.05
2.091 13.00 45.05
2.091 12.99 45.05
2.091 12.99 45.05
2.091 13.00 45.05
2.092 12.98 45.05
2.092 12.98 45.05
2.094 12.96 45.05
2.096 12.94 45.05
2.097 12.95 45.05
2.098 12.93 45.05
2.099 12.93 45.05
2.102 12.93 45.05
2.105 12.90 45.05
2.108 12.87 45.05
2.112 12.85 45.05
2.114 12.83 45.05
2.116 12.83 45.05
2.118 12.82 45.05
2.120 12.81 45.05
2.122 12.80 45.05
2.124 12.79 45.05
2.125 12.78 45.05
2.127 12.78 45.05
2.129 12.76 45.05
2.131 12.75 45.05
2.133 12.73 45.05
2.134 12.72 45.05
2.136 12.72 45.05
2.138 12.69 45.04
2.139 12.69 45.04
2.142 12.69 45.04
2.145 12.65 45.04
2.148 12.64 45.04
2.150 12.63 45.04
2.152 12.61 45.04
2.154 12.61 45.04
2.155 12.58 45.04
2.157 12.58 45.04
2.158 12.58 45.04
2.159 12.55 45.04
2.161 12.56 45.04
2.162 12.54 45.04
2.163 12.52 45.03
2.164 12.53 45.03
2.166 12.51 45.03
2.167 12.50 45.03
2.168 12.50 45.03
2.170 12.48 45.03
2.170 12.47 45.03
2.171 12.47 45.03
2.172 12.46 45.03
2.173 12.46 45.03
2.174 12.46 45.03
2.177 12.44 45.03
2.177 12.45 45.03
2.178 12.42 45.03
2.179 12.42 45.03
2.181 12.40 45.03
2.183 12.39 45.03
2.183 12.40 45.03
2.183 12.40 45.03
2.184 12.39 45.03
2.186 12.38 45.03
2.188 12.37 45.03
2.189 12.37 45.03
2.190 12.37 45.03
2.192 12.35 45.03
2.195 12.33 45.03
2.198 12.30 45.03
2.200 12.30 45.03
2.201 12.31 45.03
2.202 12.29 45.03
2.204 12.29 45.03
2.206 12.29 45.03
2.207 12.26 45.03
2.209 12.26 45.03
2.210 12.25 45.03
2.212 12.22 45.03
2.213 12.23 45.03
2.215 12.21 45.03
2.217 12.20 45.02
2.220 12.19 45.02
2.222 12.17 45.02
2.224 12.16 45.02
2.226 12.15 45.02
2.228 12.13 45.02
2.230 12.13 45.02
2.231 12.13 45.02
2.232 12.11 45.02
2.234 12.11 45.02
2.235 12.07 45.02
2.237 12.07 45.02
2.239 12.08 45.02
2.240 12.05 45.02
2.241 12.06 45.02
2.242 12.04 45.02
2.243 12.03 45.02
2.244 12.03 45.02
2.246 12.01 45.02
2.247 12.01 45.02
2.248 12.00 45.02
2.249 11.99 45.02
2.250 11.99 45.02
2.252 11.98 45.02
2.254 11.96 45.02
2.256 11.96 45.02
2.258 11.94 45.02
2.260 11.93 45.02
2.261 11.93 45.02
2.262 11.91 45.02
2.263 11.92 45.02
2.264 11.91 45.02
2.264 11.90 45.02
2.264 11.91 45.02
2.265 11.89 45.02
2.266 11.89 45.02
2.267 11.89 45.02
2.268 11.87 45.02
2.269 11.88 45.02
2.269 11.87 45.02
2.270 11.86 45.02
2.271 11.87 45.02
2.272 11.85 45.02
2.274 11.85 45.02
2.276 11.85 45.02
2.278 11.83 45.01
2.281 11.82 45.01
2.283 11.81 45.01
2.285 11.80 45.01
2.286 11.80 45.01
2.288 11.78 45.01
2.290 11.78 45.01
2.291 11.77 45.01
2.292 11.75 45.01
2.292 11.76 45.01
2.293 11.76 45.01
2.294 11.74 45.01
2.295 11.74 45.01
2.296 11.74 45.01
2.297 11.73 45.01
2.298 11.73 45.01
2.299 11.72 45.01
2.300 11.73 45.01
2.301 11.72 45.01
2.304 11.68 45.01
2.307 11.69 45.00
2.310 11.66 45.00
2.312 11.66 45.00
2.313 11.65 45.00
2.314 11.63 45.00
2.315 11.62 45.00
2.317 11.62 45.00
2.319 11.60 45.00
2.321 11.60 45.00
2.322 11.59 45.00
2.324 11.58 45.00
2.326 11.57 45.00
2.329 11.53 45.00
2.333 11.52 45.00
2.335 11.52 45.00
2.336 11.51 45.00
2.336 11.51 45.00
2.336 11.51 45.00
2.337 11.50 45.00
2.338 11.50 45.00
2.338 11.50 45.00
2.340 11.49 45.00
2.341 11.49 45.00
2.343 11.48 45.00
2.345 11.46 45.00
2.347 11.46 45.00
2.350 11.45 45.00
2.351 11.45 45.00
2.352 11.44 45.00
2.355 11.42 45.00
2.358 11.39 45.00
2.362 11.37 45.00
2.365 11.37 45.00
2.369 11.37 45.00
2.373 11.35 45.00
2.375 11.34 45.00
2.378 11.31 45.00
2.379 11.31 45.00
2.381 11.31 45.00
2.382 11.29 45.00
2.383 11.28 45.00
2.385 11.28 45.00
2.388 11.26 45.00
2.390 11.25 45.00
2.392 11.24 45.00
2.393 11.23 45.00
2.393 11.24 45.00
2.395 11.22 45.00
2.397 11.20 45.00
2.401 11.20 45.00
2.405 11.16 45.00
2.407 11.15 45.00
2.409 11.13 45.00
2.411 11.12 45.00
2.412 11.12 45.00
2.413 11.11 45.00
2.413 11.11 45.00
2.414 11.11 45.00
2.414 11.10 45.00
2.416 11.11 45.00
2.417 11.10 45.00
2.418 11.09 45.00
2.419 11.08 45.00
2.420 11.07 45.00
2.422 11.07 45.00
2.424 11.06 45.00
2.426 11.04 45.00
2.429 11.03 45.00
2.432 11.02 45.00
2.434 11.00 45.00
2.437 10.98 45.00
2.440 10.97 45.00
2.441 10.96 45.00
2.442 10.96 45.00
2.443 10.95 45.00
2.443 10.95 45.00
2.443 10.95 45.00
2.443 10.95 45.00
2.444 10.94 45.00
2.446 10.93 45.00
2.447 10.93 45.01
2.449 10.93 45.01
2.452 10.91 45.01
2.453 10.92 45.01
2.456 10.91 45.01
2.459 10.89 45.01
2.460 10.89 45.01
2.460 10.89 45.01
2.460 10.89 45.01
2.460 10.89 45.01
2.459 10.89 45.01
2.459 10.89 45.01
2.459 10.89 45.01
2.459 10.88 45.01
2.460 10.88 45.01
2.462 10.87 45.01
2.464 10.86 45.01
2.467 10.85 45.02
2.471 10.83 45.02
2.472 10.82 45.02
2.473 10.82 45.02
2.475 10.79 45.02
2.477 10.79 45.02
2.479 10.79 45.02
2.482 10.77 45.02
2.483 10.77 45.02
2.484 10.76 45.02
2.485 10.76 45.02
2.486 10.76 45.02
2.486 10.75 45.02
2.487 10.74 45.02
2.488 10.74 45.02
2.488 10.74 45.02
2.487 10.74 45.02
2.488 10.74 45.02
2.490 10.73 45.02
2.492 10.72 45.02
2.496 10.69 45.02
2.501 10.68 45.02
2.505 10.66 45.02
2.508 10.64 45.02
2.511 10.63 45.02
2.513 10.62 45.02
2.515 10.61 45.02
2.515 10.62 45.03
2.515 10.60 45.02
2.516 10.60 45.03
2.518 10.60 45.03
2.518 10.58 45.03
2.519 10.59 45.03
2.520 10.59 45.03
2.520 10.59 45.03
2.520 10.58 45.03
2.521 10.58 45.03
2.522 10.57 45.03
2.523 10.57 45.03
2.524 10.57 45.03
2.526 10.55 45.03
2.527 10.53 45.03
2.530 10.52 45.03
2.536 10.51 45.03
2.543 10.47 45.03
2.546 10.47 45.03
2.548 10.47 45.03
2.549 10.46 45.03
2.551 10.44 45.03
2.553 10.45 45.03
2.555 10.43 45.03
2.557 10.43 45.03
2.559 10.43 45.03
2.561 10.41 45.03
2.564 10.41 45.03
2.566 10.39 45.03
2.567 10.39 45.03
2.570 10.39 45.03
2.572 10.37 45.03
2.575 10.37 45.03
2.577 10.35 45.03
2.577 10.34 45.03
2.579 10.34 45.03
2.581 10.32 45.03
2.584 10.31 45.03
2.587 10.30 45.03
2.589 10.28 45.03
2.590 10.29 45.03
2.592 10.28 45.03
2.595 10.26 45.03
2.597 10.25 45.04
2.599 10.24 45.04
2.601 10.24 45.04
2.603 10.23 45.04
2.606 10.20 45.04
2.608 10.20 45.04
2.611 10.20 45.04
2.613 10.18 45.04
2.616 10.17 45.04
2.617 10.15 45.04
2.618 10.15 45.04
2.619 10.15 45.04
2.621 10.13 45.04
2.624 10.12 45.04
2.626 10.10 45.04
2.629 10.09 45.04
2.631 10.09 45.04
2.633 10.08 45.04
2.635 10.08 45.04
2.637 10.08 45.04
2.639 10.07 45.04
2.641 10.06 45.04
2.643 10.05 45.04
2.643 10.04 45.04
2.643 10.05 45.04
2.644 10.03 45.04
2.646 10.02 45.04
2.648 10.02 45.04
2.650 10.01 45.04
2.652 10.00 45.04
2.654 10.00 45.04
2.658 9.99 45.04
2.661 9.99 45.04
2.662 9.97 45.04
2.664 9.97 45.04
2.666 9.97 45.04
2.667 9.96 45.04
2.669 9.96 45.04
2.671 9.96 45.04
2.673 9.93 45.04
2.675 9.94 45.04
2.677 9.93 45.04
2.679 9.92 45.04
2.681 9.92 45.04
2.682 9.90 45.04
2.683 9.90 45.04
2.683 9.90 45.04
2.685 9.89 45.03
2.686 9.89 45.03
2.689 9.87 45.03
2.693 9.85 45.03
2.697 9.83 45.03
2.702 9.82 45.03
2.706 9.80 45.03
2.709 9.79 45.03
2.711 9.78 45.03
2.714 9.77 45.03
2.717 9.75 45.03
2.721 9.74 45.03
2.723 9.74 45.03
2.725 9.73 45.03
2.726 9.71 45.03
2.728 9.71 45.03
2.731 9.69 45.03
2.734 9.67 45.03
2.736 9.66 45.03
2.738 9.65 45.03
2.739 9.65 45.03
2.739 9.64 45.03
2.740 9.65 45.03
2.741 9.65 45.03
2.743 9.65 45.03
2.745 9.64 45.03
2.748 9.63 45.03
2.752 9.61 45.03
2.754 9.59 45.03
2.756 9.59 45.03
2.760 9.58 45.03
2.763 9.56 45.03
2.765 9.54 45.03
2.767 9.54 45.03
2.768 9.55 45.03
2.770 9.54 45.03
2.771 9.54 45.03
2.774 9.53 45.03
2.775 9.53 45.03
2.777 9.53 45.03
2.780 9.51 45.03
2.781 9.51 45.03
2.783 9.51 45.03
2.785 9.50 45.03
2.788 9.49 45.03
2.791 9.48 45.03
2.794 9.47 45.03
2.797 9.47 45.03
2.800 9.45 45.03
2.803 9.44 45.03
2.806 9.44 45.03
2.809 9.41 45.03
2.812 9.41 45.03
2.816 9.38 45.03
2.820 9.36 45.03
2.825 9.34 45.03
2.828 9.34 45.03
2.830 9.33 45.03
2.833 9.32 45.03
2.837 9.31 45.03
2.839 9.31 45.03
2.842 9.28 45.03
2.844 9.27 45.03
2.846 9.26 45.03
2.847 9.26 45.03
2.848 9.26 45.03
2.849 9.26 45.03
2.850 9.24 45.03
2.851 9.24 45.03
2.853 9.24 45.03
2.855 9.23 45.03
2.856 9.22 45.03
2.858 9.22 45.03
2.859 9.21 45.03
2.860 9.21 45.03
2.861 9.20 45.03
2.862 9.20 45.03
2.863 9.20 45.03
2.864 9.19 45.03
2.866 9.18 45.03
2.867 9.18 45.03
2.868 9.17 45.03
2.869 9.18 45.03
2.869 9.17 45.03
2.870 9.17 45.03
2.871 9.17 45.03
2.871 9.16 45.03
2.872 9.16 45.03
2.873 9.15 45.03
2.874 9.15 45.03
2.876 9.15 45.03
2.878 9.14 45.03
2.879 9.13 45.03
2.882 9.13 45.03
2.885 9.11 45.03
2.888 9.10 45.03
2.890 9.10 45.03
2.892 9.10 45.03
2.894 9.09 45.03
2.896 9.08 45.03
2.897 9.08 45.03
2.899 9.08 45.03
2.902 9.06 45.03
2.906 9.05 45.03
2.909 9.05 45.03
2.911 9.03 45.03
2.913 9.03 45.03
2.914 9.02 45.03
2.916 9.02 45.03
2.918 9.02 45.03
2.919 9.01 45.03
2.920 9.01 45.03
2.922 9.01 45.03
