2.881 9.01 44.91
2.878 9.02 44.91
2.877 9.02 44.91
2.877 9.05 44.91
2.877 9.05 44.91
2.871 9.03 44.91
2.862 9.07 44.91
2.857 9.13 44.91
2.855 9.13 44.91
2.853 9.14 44.91
2.847 9.15 44.91
2.841 9.18 44.91
2.835 9.17 44.91
2.831 9.11 44.91
2.827 9.17 44.91
2.826 9.18 44.91
2.825 9.16 44.91
2.822 9.19 44.91
2.819 9.20 44.91
2.815 9.14 44.91
2.810 9.18 44.90
2.809 9.17 44.90
2.808 9.18 44.90
2.805 9.20 44.90
2.801 9.19 44.90
2.795 9.25 44.90
2.790 9.28 44.90
2.788 9.28 44.90
2.785 9.29 44.90
2.782 9.31 44.90
2.778 9.33 44.90
2.774 9.35 44.90
2.769 9.36 44.90
2.767 9.37 44.90
2.765 9.34 44.90
2.760 9.36 44.90
2.755 9.40 44.90
2.750 9.40 44.90
2.747 9.42 44.90
2.744 9.45 44.90
2.740 9.45 44.90
2.735 9.48 44.90
2.728 9.52 44.90
2.721 9.53 44.90
2.714 9.55 44.90
2.710 9.57 44.90
2.707 9.59 44.90
2.705 9.61 44.90
2.703 9.60 44.90
2.701 9.63 44.90
2.699 9.64 44.90
2.697 9.63 44.90
2.695 9.65 44.90
2.693 9.65 44.90
2.691 9.67 44.90
2.688 9.69 44.90
2.688 9.68 44.90
2.686 9.69 44.90
2.682 9.72 44.90
2.679 9.72 44.90
2.679 9.74 44.90
2.679 9.73 44.90
2.679 9.72 44.90
2.679 9.73 44.90
2.676 9.74 44.90
2.668 9.77 44.90
2.663 9.80 44.90
2.659 9.80 44.90
2.656 9.82 44.90
2.653 9.83 44.90
2.651 9.83 44.90
2.650 9.84 44.90
2.647 9.84 44.90
2.644 9.84 44.90
2.643 9.86 44.90
2.641 9.86 44.90
2.639 9.87 44.90
2.638 9.89 44.90
2.638 9.87 44.90
2.638 9.89 44.90
2.639 9.89 44.90
2.639 9.89 44.90
2.640 9.90 44.90
2.640 9.88 44.90
2.638 9.90 44.90
2.635 9.91 44.90
2.632 9.91 44.90
2.631 9.92 44.90
2.628 9.93 44.90
2.619 9.97 44.90
2.612 9.99 44.90
2.608 9.99 44.90
2.607 10.00 44.90
2.607 10.02 44.90
2.607 10.00 44.90
2.608 10.01 44.90
2.608 10.02 44.90
2.608 10.02 44.90
2.605 10.06 44.90
2.596 10.09 44.90
2.590 10.12 44.90
2.586 10.16 44.90
2.581 10.14 44.90
2.577 10.19 44.90
2.573 10.21 44.90
2.570 10.22 44.90
2.567 10.25 44.90
2.564 10.26 44.90
2.560 10.28 44.90
2.557 10.29 44.90
2.555 10.29 44.90
2.555 10.31 44.90
2.555 10.32 44.90
2.553 10.31 44.90
2.549 10.32 44.90
2.547 10.32 44.90
2.545 10.34 44.90
2.544 10.36 44.90
2.542 10.35 44.90
2.540 10.37 44.90
2.538 10.38 44.90
2.536 10.38 44.90
2.535 10.39 44.90
2.533 10.39 44.90
2.531 10.39 44.90
2.528 10.41 44.90
2.526 10.40 44.90
2.524 10.42 44.90
2.523 10.43 44.90
2.521 10.42 44.90
2.520 10.44 44.90
2.518 10.45 44.91
2.516 10.45 44.91
2.515 10.46 44.91
2.513 10.47 44.91
2.513 10.46 44.91
2.513 10.53 44.91
2.511 10.47 44.91
2.507 10.48 44.91
2.506 10.52 44.91
2.503 10.52 44.91
2.499 10.52 44.91
2.496 10.49 44.91
2.492 10.54 44.91
2.489 10.58 44.91
2.486 10.58 44.91
2.482 10.61 44.91
2.479 10.63 44.91
2.475 10.63 44.91
2.473 10.66 44.91
2.470 10.66 44.91
2.467 10.67 44.91
2.463 10.69 44.91
2.461 10.68 44.91
2.460 10.70 44.91
2.458 10.71 44.91
2.457 10.70 44.91
2.455 10.72 44.91
2.451 10.72 44.91
2.448 10.73 44.91
2.445 10.76 44.91
2.444 10.72 44.91
2.442 10.76 44.91
2.440 10.78 44.91
2.439 10.77 44.91
2.438 10.78 44.91
2.437 10.78 44.91
2.434 10.79 44.91
2.432 10.81 44.91
2.430 10.80 44.91
2.430 10.81 44.92
2.428 10.83 44.91
2.426 10.82 44.92
2.422 10.83 44.91
2.419 10.85 44.92
2.417 10.86 44.92
2.417 10.88 44.92
2.417 10.87 44.92
2.417 10.88 44.92
2.415 10.90 44.92
2.410 10.90 44.92
2.407 10.92 44.92
2.406 10.94 44.92
2.402 10.95 44.92
2.399 10.97 44.92
2.396 10.97 44.92
2.394 10.99 44.92
2.392 11.02 44.92
2.391 11.00 44.92
2.389 11.02 44.92
2.387 11.04 44.92
2.384 11.05 44.92
2.380 11.09 44.92
2.375 11.10 44.92
2.370 11.12 44.92
2.365 11.15 44.92
2.361 11.16 44.92
2.359 11.18 44.92
2.356 11.21 44.92
2.353 11.21 44.92
2.351 11.24 44.92
2.349 11.24 44.92
2.348 11.25 44.92
2.347 11.28 44.92
2.345 11.27 44.92
2.343 11.29 44.92
2.341 11.30 44.92
2.340 11.29 44.92
2.339 11.32 44.92
2.337 11.33 44.92
2.336 11.32 44.92
2.334 11.35 44.92
2.332 11.35 44.92
2.331 11.35 44.92
2.329 11.37 44.92
2.327 11.36 44.92
2.325 11.39 44.92
2.323 11.40 44.92
2.320 11.40 44.92
2.315 11.43 44.92
2.314 11.43 44.92
2.312 11.45 44.92
2.309 11.49 44.92
2.307 11.46 44.92
2.304 11.50 44.92
2.302 11.53 44.92
2.301 11.52 44.91
2.299 11.53 44.91
2.298 11.53 44.91
2.298 11.54 44.91
2.297 11.56 44.91
2.297 11.55 44.91
2.295 11.56 44.91
2.294 11.59 44.91
2.292 11.57 44.91
2.290 11.60 44.91
2.289 11.60 44.91
2.287 11.60 44.91
2.284 11.64 44.91
2.280 11.63 44.91
2.279 11.66 44.91
2.278 11.68 44.91
2.278 11.68 44.91
2.276 11.70 44.91
2.270 11.72 44.91
2.267 11.73 44.91
2.264 11.74 44.91
2.262 11.76 44.91
2.261 11.75 44.91
2.260 11.73 44.91
2.259 11.71 44.90
2.257 11.76 44.90
2.255 11.78 44.90
2.253 11.78 44.90
2.252 11.80 44.90
2.252 11.79 44.90
2.251 11.79 44.90
2.249 11.82 44.90
2.247 11.81 44.90
2.244 11.83 44.90
2.241 11.85 44.90
2.239 11.84 44.90
2.239 11.86 44.90
2.238 11.87 44.90
2.231 11.91 44.90
2.226 11.95 44.90
2.223 11.95 44.90
2.222 11.97 44.90
2.222 11.98 44.90
2.222 11.96 44.90
2.221 11.99 44.90
2.220 11.99 44.90
2.218 11.99 44.90
2.214 12.02 44.90
2.211 12.02 44.90
2.207 12.05 44.90
2.206 12.08 44.90
2.205 12.07 44.90
2.203 12.10 44.90
2.199 12.12 44.89
2.196 12.13 44.89
2.192 12.16 44.89
2.188 12.18 44.89
2.185 12.20 44.89
2.184 12.23 44.89
2.182 12.21 44.89
2.180 12.23 44.89
2.178 12.26 44.89
2.175 12.25 44.89
2.172 12.27 44.89
2.169 12.28 44.89
2.167 12.28 44.89
2.164 12.32 44.89
2.164 12.29 44.89
2.164 12.31 44.89
2.164 12.33 44.89
2.164 12.32 44.89
2.161 12.34 44.89
2.154 12.36 44.89
2.152 12.39 44.89
2.151 12.42 44.89
2.150 12.40 44.89
2.148 12.42 44.89
2.146 12.45 44.88
2.145 12.43 44.88
2.143 12.46 44.88
2.141 12.47 44.88
2.140 12.47 44.88
2.137 12.50 44.88
2.135 12.50 44.88
2.132 12.52 44.88
2.130 12.56 44.88
2.127 12.55 44.88
2.125 12.58 44.87
2.123 12.60 44.87
2.120 12.59 44.87
2.116 12.63 44.87
2.113 12.64 44.87
2.109 12.67 44.87
2.106 12.69 44.87
2.104 12.68 44.87
2.102 12.71 44.87
2.102 12.73 44.87
2.099 12.72 44.87
2.097 12.75 44.87
2.094 12.75 44.87
2.093 12.76 44.87
2.093 12.78 44.87
2.091 12.77 44.87
2.090 12.79 44.87
2.089 12.81 44.87
2.087 12.81 44.87
2.085 12.84 44.87
2.084 12.84 44.87
2.082 12.83 44.87
2.080 12.86 44.87
2.078 12.87 44.87
2.075 12.91 44.87
2.072 12.94 44.87
2.068 12.93 44.86
2.065 12.96 44.86
2.063 12.98 44.86
2.060 12.99 44.86
2.058 13.03 44.86
2.057 13.02 44.86
2.054 13.04 44.86
2.050 13.09 44.86
2.046 13.10 44.86
2.045 13.12 44.86
2.044 13.14 44.86
2.044 13.15 44.86
2.043 13.16 44.86
2.042 13.15 44.86
2.040 13.17 44.86
2.037 13.19 44.86
2.033 13.20 44.86
2.031 13.20 44.86
2.031 13.17 44.86
2.031 13.16 44.86
2.031 13.20 44.86
2.030 13.20 44.86
2.029 13.20 44.86
2.027 13.24 44.86
2.024 13.26 44.86
2.021 13.26 44.86
2.017 13.32 44.86
2.016 13.29 44.86
2.015 13.32 44.85
2.014 13.32 44.85
2.012 13.34 44.85
2.012 13.35 44.85
2.010 13.34 44.85
2.008 13.38 44.85
2.007 13.37 44.85
2.007 13.38 44.85
2.006 13.37 44.85
2.005 13.40 44.85
2.003 13.40 44.85
2.002 13.42 44.85
2.000 13.43 44.85
1.999 13.43 44.85
1.998 13.46 44.85
1.997 13.45 44.85
1.997 13.47 44.85
1.995 13.49 44.85
1.992 13.50 44.85
1.987 13.55 44.85
1.984 13.56 44.85
1.982 13.57 44.85
1.980 13.59 44.85
1.978 13.58 44.85
1.977 13.60 44.85
1.976 13.61 44.85
1.975 13.60 44.85
1.973 13.61 44.85
1.972 13.63 44.85
1.971 13.63 44.85
1.969 13.67 44.85
1.968 13.65 44.85
1.967 13.67 44.85
1.966 13.69 44.85
1.964 13.68 44.85
1.963 13.69 44.85
1.962 13.70 44.85
1.961 13.71 44.85
1.959 13.73 44.85
1.956 13.75 44.85
1.953 13.77 44.85
1.952 13.79 44.85
1.951 13.78 44.85
1.950 13.80 44.85
1.949 13.80 44.85
1.949 13.80 44.85
1.948 13.83 44.85
1.947 13.83 44.85
1.945 13.84 44.85
1.943 13.87 44.85
1.942 13.85 44.85
1.942 13.87 44.85
1.941 13.89 44.85
1.940 13.88 44.85
1.939 13.90 44.85
1.937 13.92 44.85
1.937 13.92 44.85
1.935 13.95 44.85
1.933 13.94 44.85
1.932 13.96 44.85
1.930 13.98 44.85
1.928 13.98 44.85
1.926 14.00 44.85
1.923 14.02 44.85
1.921 14.02 44.85
1.919 14.06 44.85
1.917 14.05 44.85
1.916 14.07 44.85
1.915 14.09 44.85
1.913 14.07 44.85
1.911 14.10 44.85
1.910 14.10 44.85
1.910 14.11 44.85
1.909 14.13 44.85
1.909 14.11 44.85
1.908 14.12 44.85
1.907 14.14 44.85
1.906 14.13 44.85
1.904 14.16 44.85
1.903 14.18 44.85
1.903 14.16 44.85
1.901 14.18 44.85
1.898 14.20 44.85
1.897 14.21 44.85
1.896 14.23 44.85
1.893 14.23 44.85
1.891 14.25 44.85
1.890 14.28 44.85
1.890 14.26 44.85
1.888 14.30 44.85
1.888 14.32 44.85
1.887 14.33 44.85
1.886 14.34 44.85
1.884 14.35 44.85
1.882 14.37 44.85
1.881 14.38 44.85
1.880 14.39 44.85
1.878 14.38 44.85
1.877 14.34 44.85
1.875 14.39 44.85
1.873 14.43 44.85
1.871 14.44 44.85
1.869 14.46 44.85
1.869 14.48 44.85
1.869 14.45 44.85
1.867 14.48 44.85
1.865 14.51 44.85
1.863 14.50 44.85
1.861 14.54 44.85
1.859 14.54 44.85
1.857 14.56 44.85
1.856 14.59 44.85
1.854 14.57 44.85
1.853 14.60 44.85
1.852 14.61 44.85
1.851 14.61 44.85
1.851 14.63 44.85
1.850 14.63 44.85
1.848 14.62 44.85
1.846 14.66 44.85
1.844 14.65 44.85
1.844 14.66 44.85
1.845 14.67 44.85
1.844 14.66 44.85
1.844 14.67 44.85
1.844 14.67 44.85
1.844 14.67 44.85
1.843 14.68 44.85
1.842 14.68 44.85
1.839 14.71 44.85
1.837 14.73 44.84
1.834 14.74 44.84
1.832 14.78 44.84
1.830 14.79 44.84
1.829 14.80 44.84
1.828 14.83 44.84
1.827 14.82 44.84
1.825 14.85 44.84
1.823 14.89 44.84
1.820 14.89 44.84
1.815 14.97 44.84
1.811 15.00 44.84
1.808 15.02 44.84
1.807 15.04 44.84
1.805 15.05 44.84
1.804 15.06 44.84
1.803 15.09 44.84
1.802 15.08 44.84
1.801 15.09 44.84
1.800 15.11 44.84
1.798 15.12 44.84
1.797 15.13 44.84
1.796 15.14 44.84
1.794 15.15 44.84
1.791 15.18 44.83
1.789 15.19 44.83
1.787 15.21 44.83
1.785 15.23 44.83
1.783 15.23 44.83
1.781 15.26 44.83
1.780 15.28 44.83
1.778 15.29 44.83
1.776 15.33 44.83
1.776 15.33 44.83
1.775 15.35 44.83
1.775 15.36 44.83
1.774 15.36 44.83
1.774 15.37 44.83
1.773 15.39 44.83
1.771 15.40 44.83
1.768 15.44 44.83
1.763 15.52 44.83
1.760 15.55 44.83
1.757 15.57 44.83
1.755 15.57 44.83
1.753 15.59 44.83
1.752 15.60 44.83
1.751 15.60 44.83
1.749 15.61 44.83
1.746 15.63 44.83
1.743 15.65 44.83
1.739 15.71 44.83
1.737 15.74 44.83
1.735 15.76 44.83
1.734 15.79 44.83
1.733 15.80 44.83
1.731 15.82 44.83
1.730 15.85 44.83
1.728 15.86 44.83
1.727 15.88 44.83
1.725 15.89 44.83
1.724 15.91 44.83
1.723 15.93 44.83
1.723 15.93 44.82
1.722 15.95 44.82
1.720 15.97 44.82
1.719 15.98 44.82
1.717 16.01 44.82
1.715 16.03 44.82
1.714 16.04 44.82
1.713 16.05 44.82
1.712 16.06 44.82
1.711 16.08 44.82
1.709 16.09 44.82
1.707 16.10 44.82
1.705 16.12 44.82
1.704 16.12 44.82
1.702 16.14 44.82
1.699 16.16 44.82
1.698 16.17 44.82
1.696 16.18 44.82
1.695 16.20 44.82
1.694 16.21 44.82
1.693 16.23 44.82
1.692 16.24 44.82
1.691 16.26 44.82
1.689 16.28 44.82
1.687 16.30 44.82
1.686 16.31 44.82
1.685 16.32 44.82
1.684 16.33 44.82
1.683 16.34 44.82
1.682 16.35 44.82
1.681 16.37 44.82
1.680 16.39 44.82
1.679 16.40 44.82
1.679 16.40 44.82
1.678 16.41 44.82
1.677 16.42 44.82
1.676 16.44 44.82
1.675 16.45 44.82
1.673 16.47 44.82
1.669 16.51 44.82
1.666 16.53 44.82
1.664 16.55 44.82
1.663 16.56 44.82
1.662 16.57 44.82
1.660 16.58 44.82
1.658 16.60 44.82
1.657 16.61 44.82
1.655 16.63 44.82
1.653 16.64 44.82
1.651 16.66 44.82
1.649 16.69 44.82
1.648 16.70 44.82
1.647 16.71 44.82
1.646 16.73 44.82
1.645 16.73 44.82
1.645 16.75 44.82
1.644 16.76 44.82
1.643 16.77 44.82
1.642 16.79 44.82
1.641 16.79 44.82
1.640 16.81 44.82
1.639 16.83 44.82
1.638 16.83 44.82
1.637 16.85 44.82
1.637 16.86 44.82
1.636 16.86 44.82
1.636 16.87 44.82
1.635 16.88 44.82
1.634 16.89 44.82
1.633 16.91 44.82
1.632 16.91 44.82
1.631 16.94 44.82
1.628 16.96 44.82
1.627 16.97 44.82
1.626 16.99 44.82
1.624 17.00 44.82
1.623 17.02 44.82
1.621 17.03 44.82
1.621 17.03 44.82
1.620 17.04 44.82
1.619 17.05 44.82
1.618 17.05 44.82
1.618 17.06 44.82
1.617 17.07 44.82
1.617 17.07 44.82
1.616 17.07 44.82
1.615 17.08 44.82
1.614 17.09 44.82
1.613 17.11 44.82
1.612 17.11 44.82
1.611 17.13 44.82
1.608 17.16 44.82
1.607 17.17 44.82
1.606 17.19 44.82
1.604 17.21 44.82
1.602 17.24 44.82
1.601 17.26 44.82
1.599 17.27 44.82
1.596 17.30 44.82
1.594 17.33 44.82
1.592 17.35 44.82
1.589 17.40 44.82
1.586 17.43 44.82
1.584 17.45 44.82
1.582 17.48 44.82
1.579 17.50 44.82
1.577 17.51 44.82
1.576 17.53 44.82
1.575 17.53 44.82
1.575 17.54 44.82
1.575 17.54 44.82
1.575 17.54 44.82
1.574 17.55 44.82
1.574 17.56 44.82
1.573 17.57 44.82
1.571 17.58 44.82
1.570 17.60 44.82
1.569 17.61 44.82
1.568 17.63 44.82
1.567 17.65 44.82
1.565 17.66 44.82
1.564 17.67 44.82
1.562 17.69 44.82
1.561 17.72 44.82
1.560 17.74 44.82
1.559 17.75 44.82
1.558 17.76 44.82
1.557 17.76 44.82
1.557 17.78 44.82
1.556 17.78 44.82
1.556 17.79 44.82
1.555 17.81 44.82
1.554 17.83 44.82
1.552 17.85 44.82
1.551 17.88 44.82
1.549 17.89 44.82
1.547 17.92 44.82
1.546 17.93 44.82
1.545 17.94 44.82
1.543 17.96 44.82
1.542 17.98 44.82
1.540 17.99 44.82
1.538 18.01 44.82
1.537 18.01 44.82
1.537 18.02 44.82
1.536 18.02 44.82
1.535 18.03 44.82
1.534 18.05 44.82
1.532 18.07 44.82
1.531 18.08 44.82
1.530 18.10 44.82
1.529 18.11 44.82
1.527 18.14 44.82
1.526 18.16 44.82
1.525 18.17 44.82
1.525 18.18 44.82
1.524 18.19 44.82
1.522 18.21 44.82
1.520 18.24 44.82
1.519 18.25 44.82
1.518 18.27 44.82
1.517 18.29 44.82
1.516 18.30 44.82
1.515 18.32 44.82
1.515 18.32 44.82
1.515 18.32 44.82
1.515 18.33 44.82
1.515 18.33 44.82
1.515 18.33 44.82
1.514 18.35 44.82
1.513 18.36 44.82
1.511 18.38 44.82
1.510 18.39 44.82
1.509 18.40 44.82
1.507 18.42 44.82
1.506 18.43 44.82
1.504 18.45 44.82
1.503 18.47 44.82
1.502 18.47 44.82
1.501 18.48 44.82
1.500 18.49 44.82
1.499 18.50 44.82
1.497 18.53 44.82
1.497 18.53 44.82
1.497 18.53 44.82
1.496 18.55 44.82
1.494 18.56 44.82
1.493 18.59 44.82
1.492 18.61 44.82
1.491 18.62 44.82
1.490 18.64 44.82
1.489 18.65 44.82
1.488 18.66 44.82
1.488 18.68 44.82
1.487 18.68 44.82
1.486 18.70 44.82
1.484 18.73 44.82
1.483 18.74 44.82
1.482 18.76 44.82
1.481 18.79 44.82
1.479 18.80 44.82
1.478 18.83 44.82
1.476 18.85 44.82
1.475 18.86 44.82
1.474 18.88 44.82
1.473 18.89 44.82
1.471 18.92 44.82
1.468 18.94 44.82
1.467 18.95 44.82
1.466 18.96 44.82
1.466 18.97 44.82
1.465 18.98 44.82
1.465 18.99 44.82
1.464 18.99 44.82
1.463 19.00 44.82
1.462 19.02 44.82
1.461 19.02 44.82
1.461 19.03 44.82
1.460 19.05 44.82
1.459 19.06 44.82
1.457 19.09 44.82
1.456 19.11 44.82
1.455 19.14 44.82
1.453 19.16 44.82
1.452 19.18 44.82
1.451 19.19 44.82
1.450 19.22 44.82
1.448 19.24 44.81
1.448 19.25 44.81
1.447 19.24 44.81
1.446 19.26 44.81
1.444 19.30 44.81
1.441 19.34 44.81
1.440 19.36 44.81
1.440 19.37 44.81
1.439 19.37 44.81
1.438 19.39 44.81
1.437 19.40 44.81
1.436 19.41 44.81
1.435 19.43 44.81
1.434 19.43 44.81
1.432 19.45 44.81
1.430 19.47 44.81
1.430 19.47 44.81
1.429 19.48 44.81
1.430 19.49 44.81
1.430 19.49 44.81
1.429 19.50 44.81
1.428 19.51 44.81
1.428 19.52 44.81
1.426 19.55 44.81
1.424 19.57 44.81
1.423 19.60 44.80
1.422 19.62 44.80
1.421 19.63 44.80
1.420 19.65 44.80
1.420 19.66 44.80
1.419 19.67 44.80
1.418 19.69 44.80
1.417 19.70 44.80
1.416 19.71 44.80
1.415 19.73 44.80
1.415 19.73 44.80
1.414 19.76 44.80
1.412 19.79 44.80
1.409 19.82 44.80
1.408 19.84 44.80
1.407 19.85 44.80
1.407 19.86 44.80
1.406 19.87 44.80
1.405 19.88 44.80
1.405 19.89 44.80
1.404 19.89 44.80
1.403 19.90 44.80
1.402 19.92 44.80
1.400 19.93 44.80
1.399 19.95 44.80
1.397 19.97 44.80
1.397 19.98 44.80
