1.145	23.52	35.01
1.145	23.57	35.01
1.145	23.58	35.01
1.145	23.52	35.01
1.145	23.52	35.02
1.145	23.51	35.02
1.145	23.52	35.02
1.145	23.52	35.02
1.145	23.53	35.02
1.145	23.53	35.03
1.145	23.44	35.03
1.145	23.45	35.03
1.145	23.52	35.03
1.145	23.46	35.04
1.145	23.49	35.04
1.145	23.52	35.04
1.145	23.47	35.04
1.145	23.51	35.04
1.145	23.49	35.05
1.145	23.48	35.05
1.145	23.53	35.05
1.145	23.46	35.05
1.145	23.49	35.05
1.146	23.52	35.05
1.145	23.48	35.05
1.145	23.52	35.06
1.146	23.49	35.06
1.145	23.46	35.06
1.146	23.51	35.06
1.146	23.47	35.06
1.146	23.49	35.06
1.146	23.51	35.06
1.146	23.48	35.07
1.146	23.51	35.07
1.146	23.51	35.07
1.146	23.48	35.07
1.146	23.52	35.07
1.146	23.48	35.07
1.146	23.49	35.07
1.146	23.52	35.08
1.146	23.48	35.08
1.146	23.51	35.08
1.146	23.51	35.08
1.146	23.49	35.08
1.146	23.53	35.08
1.146	23.47	35.08
1.146	23.50	35.09
1.146	23.52	35.09
1.146	23.49	35.09
1.146	23.51	35.09
1.146	23.50	35.09
1.146	23.47	35.09
1.146	23.52	35.09
1.146	23.48	35.09
1.146	23.52	35.09
1.146	23.52	35.10
1.146	23.48	35.10
1.146	23.51	35.10
1.146	23.50	35.10
1.146	23.49	35.10
1.146	23.51	35.10
1.146	23.48	35.10
1.146	23.50	35.11
1.146	23.54	35.11
1.146	23.48	35.11
1.146	23.51	35.11
1.146	23.52	35.11
1.146	23.50	35.11
1.146	23.52	35.11
1.146	23.49	35.12
1.147	23.51	35.12
1.147	23.52	35.12
1.148	23.48	35.12
1.150	23.52	35.12
1.151	23.51	35.12
1.151	23.48	35.12
1.152	23.53	35.13
1.152	23.47	35.13
1.153	23.51	35.13
1.154	23.52	35.13
1.154	23.47	35.13
1.155	23.53	35.13
1.156	23.52	35.13
1.156	23.49	35.14
1.157	23.53	35.14
1.158	23.50	35.14
1.159	23.51	35.14
1.160	23.55	35.14
1.161	23.48	35.14
1.161	23.53	35.15
1.162	23.52	35.15
1.163	23.49	35.15
1.163	23.54	35.15
1.164	23.50	35.15
1.165	23.51	35.15
1.166	23.52	35.16
1.166	23.49	35.16
1.167	23.53	35.16
1.167	23.52	35.16
1.168	23.49	35.16
1.169	23.53	35.17
1.169	23.50	35.17
1.170	23.51	35.17
1.171	23.53	35.17
1.172	23.48	35.17
1.172	23.52	35.18
1.173	23.52	35.18
1.174	23.49	35.18
1.175	23.52	35.18
1.176	23.52	35.19
1.177	23.53	35.19
1.177	23.52	35.19
1.177	23.53	35.19
1.178	23.52	35.19
1.178	23.52	35.19
1.179	23.50	35.20
1.179	23.49	35.20
1.180	23.32	35.20
1.181	23.37	35.20
1.181	23.39	35.20
1.182	23.31	35.20
1.183	23.32	35.21
1.184	23.32	35.21
1.185	23.20	35.21
1.186	23.21	35.21
1.187	23.16	35.21
1.187	23.12	35.21
1.188	23.12	35.21
1.188	23.08	35.22
1.189	23.08	35.22
1.190	23.07	35.22
1.190	23.05	35.22
1.191	23.05	35.22
1.191	23.03	35.22
1.192	22.99	35.22
1.192	23.00	35.22
1.193	22.95	35.23
1.194	22.95	35.23
1.195	22.94	35.23
1.195	22.90	35.23
1.196	22.90	35.23
1.197	22.86	35.23
1.198	22.84	35.23
1.198	22.84	35.23
1.199	22.81	35.23
1.199	22.82	35.23
1.200	22.81	35.23
1.200	22.78	35.23
1.200	22.79	35.24
1.201	22.77	35.24
1.201	22.76	35.24
1.202	22.76	35.24
1.202	22.72	35.24
1.203	22.72	35.24
1.203	22.72	35.24
1.204	22.71	35.24
1.204	22.72	35.24
1.205	22.71	35.24
1.205	22.68	35.24
1.206	22.70	35.25
1.207	22.65	35.25
1.207	22.65	35.25
1.208	22.66	35.25
1.208	22.64	35.25
1.209	22.64	35.25
1.210	22.64	35.25
1.211	22.63	35.25
1.211	22.64	35.25
1.211	22.63	35.25
1.211	22.63	35.25
1.212	22.63	35.26
1.212	22.62	35.26
1.213	22.62	35.26
1.214	22.62	35.26
1.214	22.61	35.26
1.214	22.61	35.26
1.215	22.61	35.26
1.215	22.61	35.27
1.216	22.60	35.27
1.216	22.60	35.27
1.217	22.60	35.27
1.218	22.59	35.27
1.218	22.59	35.27
1.219	22.59	35.27
1.220	22.57	35.27
1.220	22.57	35.28
1.221	22.57	35.28
1.221	22.56	35.28
1.222	22.56	35.28
1.222	22.55	35.28
1.223	22.55	35.28
1.223	22.55	35.28
1.224	22.54	35.28
1.224	22.53	35.29
1.225	22.53	35.29
1.225	22.51	35.29
1.225	22.50	35.29
1.226	22.50	35.29
1.226	22.50	35.29
1.226	22.50	35.29
1.227	22.49	35.29
1.228	22.47	35.29
1.228	22.46	35.29
1.229	22.42	35.29
1.230	22.41	35.29
1.230	22.39	35.30
1.231	22.37	35.30
1.232	22.36	35.30
1.233	22.34	35.30
1.233	22.32	35.30
1.234	22.30	35.30
1.235	22.27	35.30
1.235	22.26	35.30
1.236	22.24	35.30
1.237	22.22	35.30
1.237	22.20	35.30
1.238	22.17	35.30
1.238	22.16	35.30
1.239	22.15	35.30
1.239	22.14	35.30
1.240	22.13	35.30
1.240	22.12	35.30
1.241	22.11	35.30
1.241	22.09	35.30
1.242	22.06	35.30
1.243	22.05	35.30
1.243	22.04	35.30
1.244	22.02	35.30
1.245	22.02	35.30
1.245	22.01	35.30
1.246	21.99	35.30
1.246	21.98	35.30
1.246	21.97	35.30
1.247	21.96	35.30
1.247	21.95	35.30
1.248	21.92	35.31
1.249	21.91	35.31
1.249	21.90	35.30
1.250	21.89	35.31
1.250	21.89	35.30
1.251	21.88	35.31
1.251	21.87	35.31
1.251	21.86	35.31
1.252	21.85	35.31
1.252	21.85	35.30
1.253	21.85	35.30
1.253	21.84	35.30
1.254	21.84	35.30
1.255	21.82	35.30
1.256	21.81	35.30
1.257	21.80	35.30
1.258	21.78	35.30
1.259	21.77	35.30
1.260	21.76	35.30
1.261	21.75	35.30
1.261	21.73	35.30
1.262	21.72	35.30
1.262	21.72	35.30
1.263	21.70	35.30
1.264	21.68	35.30
1.264	21.67	35.30
1.265	21.66	35.30
1.265	21.64	35.30
1.266	21.63	35.30
1.267	21.62	35.30
1.267	21.61	35.30
1.268	21.60	35.30
1.269	21.58	35.30
1.269	21.56	35.30
1.270	21.55	35.30
1.271	21.53	35.30
1.271	21.52	35.30
1.272	21.50	35.30
1.273	21.49	35.30
1.273	21.47	35.30
1.274	21.45	35.30
1.275	21.43	35.30
1.276	21.42	35.30
1.276	21.40	35.30
1.277	21.39	35.30
1.278	21.38	35.30
1.279	21.37	35.30
1.280	21.37	35.30
1.280	21.35	35.30
1.281	21.35	35.30
1.282	21.34	35.30
1.282	21.33	35.30
1.283	21.33	35.30
1.284	21.31	35.30
1.285	21.29	35.30
1.287	21.28	35.30
1.287	21.27	35.30
1.288	21.27	35.30
1.288	21.26	35.30
1.289	21.24	35.30
1.290	21.23	35.30
1.290	21.21	35.30
1.291	21.20	35.30
1.292	21.19	35.30
1.292	21.17	35.30
1.293	21.15	35.30
1.294	21.15	35.30
1.294	21.13	35.30
1.295	21.11	35.30
1.296	21.10	35.30
1.296	21.09	35.30
1.297	21.08	35.30
1.298	21.06	35.30
1.298	21.05	35.30
1.299	21.03	35.29
1.300	21.00	35.29
1.301	20.99	35.29
1.302	20.97	35.29
1.303	20.95	35.29
1.303	20.94	35.29
1.304	20.93	35.29
1.304	20.92	35.29
1.305	20.91	35.29
1.306	20.90	35.29
1.306	20.89	35.29
1.307	20.88	35.29
1.308	20.88	35.29
1.309	20.87	35.29
1.309	20.87	35.29
1.310	20.86	35.29
1.310	20.85	35.29
1.311	20.85	35.29
1.312	20.83	35.29
1.312	20.82	35.29
1.313	20.82	35.29
1.314	20.80	35.29
1.315	20.77	35.29
1.315	20.77	35.29
1.316	20.77	35.29
1.316	20.75	35.29
1.317	20.74	35.29
1.318	20.73	35.29
1.319	20.71	35.29
1.319	20.71	35.29
1.320	20.69	35.29
1.320	20.69	35.29
1.320	20.68	35.29
1.321	20.66	35.29
1.322	20.65	35.29
1.323	20.64	35.29
1.323	20.62	35.29
1.324	20.61	35.29
1.325	20.59	35.29
1.326	20.58	35.28
1.327	20.57	35.28
1.327	20.55	35.28
1.328	20.54	35.28
1.329	20.53	35.28
1.329	20.51	35.28
1.329	20.51	35.28
1.330	20.50	35.28
1.330	20.49	35.28
1.331	20.47	35.28
1.332	20.46	35.28
1.333	20.45	35.28
1.333	20.44	35.28
1.334	20.43	35.28
1.334	20.43	35.28
1.335	20.42	35.28
1.336	20.41	35.28
1.336	20.41	35.28
1.337	20.40	35.28
1.338	20.39	35.28
1.338	20.39	35.28
1.339	20.38	35.28
1.340	20.37	35.28
1.340	20.36	35.28
1.341	20.36	35.28
1.341	20.36	35.28
1.342	20.34	35.28
1.343	20.33	35.28
1.344	20.33	35.28
1.344	20.31	35.28
1.345	20.30	35.28
1.345	20.29	35.28
1.346	20.28	35.28
1.347	20.26	35.27
1.348	20.24	35.27
1.349	20.23	35.27
1.349	20.22	35.27
1.350	20.20	35.27
1.351	20.20	35.27
1.352	20.18	35.27
1.353	20.16	35.27
1.353	20.15	35.27
1.354	20.14	35.27
1.355	20.12	35.27
1.356	20.10	35.27
1.356	20.09	35.27
1.357	20.09	35.27
1.357	20.08	35.27
1.357	20.08	35.27
1.357	20.08	35.27
1.358	20.06	35.27
1.359	20.04	35.27
1.361	20.02	35.27
1.362	19.99	35.27
1.363	19.98	35.27
1.363	19.97	35.27
1.364	19.96	35.27
1.365	19.95	35.27
1.366	19.93	35.27
1.367	19.94	35.27
1.367	19.91	35.27
1.368	19.91	35.27
1.369	19.92	35.27
1.370	19.90	35.27
1.370	19.89	35.27
1.371	19.86	35.27
1.372	19.86	35.27
1.372	19.87	35.27
1.373	19.85	35.27
1.374	19.84	35.27
1.376	19.82	35.27
1.378	19.78	35.27
1.379	19.77	35.26
1.379	19.76	35.26
1.380	19.75	35.26
1.381	19.72	35.26
1.382	19.72	35.26
1.383	19.69	35.26
1.384	19.68	35.26
1.385	19.66	35.26
1.386	19.64	35.26
1.387	19.63	35.26
1.387	19.62	35.26
1.388	19.61	35.26
1.388	19.60	35.26
1.389	19.58	35.26
1.390	19.56	35.26
1.391	19.55	35.26
1.392	19.54	35.26
1.392	19.52	35.26
1.393	19.49	35.26
1.393	19.49	35.26
1.394	19.48	35.26
1.395	19.47	35.26
1.396	19.46	35.26
1.397	19.46	35.26
1.397	19.45	35.26
1.398	19.45	35.26
1.399	19.44	35.26
1.399	19.43	35.26
1.400	19.42	35.26
1.401	19.41	35.26
1.402	19.40	35.26
1.402	19.40	35.26
1.403	19.39	35.26
1.403	19.38	35.26
1.404	19.37	35.26
1.405	19.37	35.26
1.406	19.36	35.26
1.407	19.34	35.26
1.408	19.32	35.25
1.409	19.31	35.25
1.410	19.29	35.25
1.410	19.28	35.25
1.411	19.26	35.25
1.412	19.26	35.25
1.413	19.25	35.25
1.414	19.23	35.25
1.415	19.21	35.25
1.416	19.20	35.25
1.417	19.17	35.25
1.418	19.16	35.25
1.419	19.14	35.25
1.420	19.12	35.25
1.421	19.11	35.25
1.422	19.09	35.25
1.423	19.08	35.25
1.423	19.07	35.25
1.424	19.05	35.25
1.426	19.03	35.25
1.428	19.00	35.25
1.429	18.99	35.25
1.430	18.98	35.25
1.431	18.97	35.25
1.432	18.96	35.25
1.433	18.95	35.25
1.435	18.93	35.25
1.435	18.93	35.25
1.436	18.92	35.25
1.437	18.91	35.25
1.438	18.90	35.25
1.439	18.88	35.25
1.440	18.86	35.25
1.441	18.85	35.25
1.442	18.83	35.25
1.443	18.82	35.25
1.444	18.80	35.25
1.445	18.79	35.25
1.446	18.78	35.25
1.448	18.75	35.25
1.449	18.74	35.25
1.450	18.71	35.25
1.451	18.69	35.25
1.452	18.68	35.24
1.453	18.65	35.24
1.454	18.63	35.24
1.456	18.62	35.24
1.457	18.60	35.24
1.458	18.58	35.24
1.459	18.56	35.24
1.460	18.54	35.24
1.461	18.54	35.24
1.462	18.53	35.24
1.462	18.51	35.24
1.463	18.50	35.24
1.464	18.49	35.24
1.465	18.49	35.24
1.466	18.48	35.24
1.467	18.47	35.24
1.468	18.47	35.24
1.468	18.46	35.24
1.469	18.45	35.24
1.470	18.44	35.24
1.471	18.42	35.24
1.472	18.41	35.24
1.473	18.41	35.24
1.474	18.39	35.24
1.476	18.37	35.24
1.477	18.35	35.24
1.478	18.34	35.24
1.479	18.32	35.24
1.480	18.31	35.24
1.481	18.30	35.24
1.482	18.29	35.24
1.483	18.27	35.24
1.484	18.26	35.24
1.485	18.24	35.24
1.485	18.23	35.24
1.486	18.22	35.24
1.487	18.20	35.24
1.488	18.19	35.24
1.489	18.18	35.24
1.490	18.17	35.24
1.490	18.15	35.24
1.491	18.14	35.24
1.492	18.13	35.24
1.493	18.11	35.23
1.494	18.08	35.23
1.495	18.08	35.23
1.496	18.07	35.23
1.497	18.05	35.23
1.498	18.05	35.23
1.499	18.04	35.23
1.500	18.03	35.23
1.501	18.03	35.23
1.501	18.02	35.23
1.502	18.01	35.23
1.503	18.00	35.23
1.504	17.99	35.23
1.505	17.99	35.23
1.506	17.97	35.23
1.507	17.96	35.23
1.509	17.95	35.23
1.510	17.93	35.23
1.511	17.92	35.23
1.512	17.91	35.23
1.513	17.89	35.23
1.514	17.87	35.23
1.516	17.86	35.23
1.517	17.84	35.23
1.518	17.83	35.23
1.519	17.81	35.23
1.520	17.79	35.23
1.521	17.78	35.23
1.522	17.75	35.23
1.524	17.74	35.23
1.525	17.72	35.23
1.526	17.70	35.23
1.528	17.68	35.23
1.530	17.66	35.23
1.531	17.64	35.23
1.532	17.63	35.23
1.532	17.61	35.23
1.533	17.60	35.23
1.535	17.59	35.23
1.536	17.57	35.23
1.537	17.56	35.23
1.538	17.55	35.23
1.540	17.54	35.23
1.541	17.54	35.23
1.542	17.52	35.23
1.543	17.51	35.23
1.545	17.50	35.23
1.546	17.48	35.23
1.547	17.48	35.23
1.548	17.46	35.23
1.550	17.44	35.23
1.551	17.43	35.23
1.553	17.40	35.23
1.554	17.39	35.23
1.554	17.38	35.23
1.555	17.36	35.23
1.556	17.36	35.23
1.557	17.35	35.23
1.558	17.34	35.23
1.559	17.33	35.23
1.559	17.31	35.23
1.560	17.30	35.23
1.561	17.29	35.23
1.563	17.27	35.23
1.564	17.26	35.23
1.565	17.24	35.23
1.565	17.23	35.23
1.566	17.22	35.23
1.567	17.20	35.23
1.568	17.19	35.23
1.570	17.17	35.23
1.570	17.15	35.23
1.571	17.15	35.23
1.571	17.14	35.23
1.572	17.13	35.23
1.574	17.12	35.23
1.575	17.10	35.23
1.576	17.10	35.23
1.577	17.09	35.23
1.579	17.08	35.23
1.579	17.08	35.23
1.580	17.07	35.23
1.581	17.06	35.23
1.582	17.05	35.23
1.583	17.04	35.23
1.584	17.04	35.23
1.585	17.03	35.23
1.586	17.02	35.22
1.587	17.01	35.23
1.588	17.00	35.23
1.589	16.98	35.23
1.590	16.97	35.23
1.591	16.95	35.23
1.592	16.94	35.23
1.593	16.93	35.23
1.594	16.91	35.23
1.596	16.90	35.23
1.597	16.89	35.23
1.598	16.87	35.23
1.600	16.85	35.23
1.601	16.83	35.23
1.603	16.81	35.23
1.604	16.79	35.22
1.606	16.77	35.23
1.607	16.75	35.23
1.608	16.74	35.23
1.609	16.73	35.23
1.610	16.71	35.23
1.611	16.69	35.23
1.612	16.68	35.23
1.613	16.68	35.23
1.614	16.66	35.23
1.615	16.65	35.23
1.616	16.64	35.23
1.617	16.63	35.23
1.619	16.62	35.23
1.620	16.61	35.23
1.622	16.61	35.23
1.622	16.60	35.23
1.623	16.59	35.23
1.624	16.58	35.23
1.625	16.58	35.23
1.626	16.57	35.23
1.626	16.57	35.23
1.627	16.55	35.23
1.629	16.54	35.23
1.630	16.52	35.23
1.631	16.51	35.23
1.633	16.49	35.23
1.634	16.48	35.23
1.635	16.46	35.23
1.637	16.45	35.23
1.638	16.44	35.23
1.639	16.43	35.23
1.639	16.42	35.23
1.640	16.41	35.23
1.642	16.39	35.23
1.645	16.35	35.23
1.647	16.32	35.23
1.649	16.31	35.23
1.650	16.29	35.23
1.651	16.27	35.23
1.653	16.26	35.23
1.654	16.24	35.23
1.655	16.23	35.23
1.656	16.21	35.23
1.658	16.18	35.23
1.660	16.17	35.23
1.662	16.16	35.23
1.663	16.15	35.23
1.665	16.15	35.23
1.666	16.13	35.23
1.668	16.12	35.23
1.669	16.12	35.23
1.670	16.11	35.23
1.671	16.10	35.23
1.672	16.09	35.23
1.674	16.08	35.23
1.675	16.07	35.23
1.677	16.04	35.23
1.678	16.03	35.23
1.679	16.03	35.23
1.680	16.01	35.23
1.681	16.00	35.23
1.682	15.98	35.23
1.684	15.96	35.23
1.684	15.95	35.23
1.685	15.94	35.23
1.686	15.93	35.23
1.687	15.91	35.23
1.688	15.89	35.23
1.690	15.88	35.23
1.691	15.87	35.23
1.692	15.84	35.23
1.694	15.83	35.23
1.695	15.80	35.23
1.697	15.78	35.23
1.699	15.75	35.23
1.702	15.71	35.23
1.703	15.68	35.23
1.704	15.67	35.23
1.706	15.66	35.23
1.708	15.64	35.23
1.710	15.63	35.23
1.712	15.61	35.23
1.714	15.61	35.23
1.715	15.60	35.23
1.717	15.60	35.23
1.718	15.59	35.23
1.719	15.58	35.24
1.721	15.57	35.24
1.722	15.56	35.24
1.723	15.56	35.24
1.725	15.55	35.24
1.728	15.50	35.24
1.730	15.48	35.24
1.731	15.45	35.24
1.733	15.43	35.24
1.734	15.41	35.24
1.735	15.39	35.24
1.737	15.38	35.24
1.738	15.36	35.24
1.740	15.33	35.24
1.741	15.31	35.24
1.743	15.28	35.24
1.745	15.24	35.24
1.747	15.24	35.24
1.749	15.23	35.24
1.751	15.21	35.24
1.753	15.18	35.24
1.756	15.17	35.24
1.758	15.15	35.24
1.759	15.14	35.24
1.761	15.13	35.24
1.764	15.12	35.24
1.766	15.08	35.24
1.768	15.08	35.24
1.770	15.08	35.24
1.772	15.05	35.24
1.774	15.05	35.24
1.775	15.05	35.24
1.777	15.01	35.24
1.779	15.01	35.24
1.780	14.99	35.24
1.781	14.96	35.24
1.783	14.94	35.24
1.785	14.89	35.24
1.786	14.89	35.24
1.788	14.87	35.24
1.789	14.83	35.24
1.791	14.82	35.24
1.793	14.80	35.24
1.795	14.76	35.24
1.797	14.76	35.24
1.799	14.71	35.24
1.802	14.70	35.24
1.804	14.70	35.24
1.806	14.65	35.24
1.809	14.65	35.24
1.811	14.63	35.24
1.813	14.62	35.24
1.815	14.62	35.24
1.817	14.60	35.24
1.819	14.60	35.24
1.821	14.60	35.24
1.823	14.56	35.24
1.825	14.57	35.24
1.827	14.54	35.24
1.829	14.51	35.24
1.831	14.50	35.24
1.833	14.47	35.24
1.836	14.45	35.24
1.838	14.46	35.24
1.839	14.42	35.24
1.840	14.41	35.24
1.841	14.41	35.24
1.843	14.37	35.24
1.845	14.36	35.24
1.847	14.33	35.24
1.849	14.31	35.24
1.851	14.31	35.24
1.853	14.26	35.24
1.855	14.25	35.24
1.856	14.26	35.24
1.859	14.21	35.24
1.862	14.19	35.24
1.865	14.16	35.24
1.868	14.15	35.24
1.870	14.14	35.25
1.872	14.12	35.24
1.874	14.12	35.25
1.876	14.11	35.25
1.879	14.08	35.25
1.881	14.09	35.25
1.883	14.05	35.25
1.884	14.05	35.25
1.884	14.05	35.25
1.885	14.02	35.25
1.885	14.03	35.25
1.885	14.04	35.25
1.890	13.99	35.25
1.895	13.98	35.25
1.897	13.95	35.25
1.899	13.93	35.25
1.901	13.91	35.25
1.904	13.88	35.25
1.907	13.86	35.25
1.911	13.83	35.25
1.913	13.79	35.25
1.915	13.78	35.25
1.919	13.75	35.25
1.923	13.72	35.25
1.925	13.71	35.25
1.928	13.69	35.25
1.930	13.68	35.25
1.932	13.67	35.25
1.935	13.63	35.25
1.939	13.64	35.25
1.941	13.62	35.25
1.941	13.61	35.25
1.942	13.62	35.25
1.942	13.59	35.25
1.944	13.59	35.25
1.946	13.58	35.25
1.947	13.56	35.25
1.947	13.56	35.25
1.949	13.56	35.25
1.951	13.53	35.25
1.952	13.53	35.25
1.955	13.50	35.25
1.957	13.48	35.25
1.959	13.47	35.25
1.961	13.44	35.25
1.964	13.43	35.25
1.967	13.41	35.25
1.970	13.39	35.25
1.972	13.38	35.25
1.975	13.35	35.25
1.980	13.33	35.25
1.986	13.29	35.25
1.991	13.25	35.25
1.997	13.20	35.25
2.003	13.15	35.25
2.006	13.13	35.25
2.009	13.14	35.25
2.011	13.12	35.25
2.012	13.11	35.25
2.014	13.11	35.25
2.015	13.08	35.25
2.017	13.07	35.25
2.018	13.07	35.25
2.019	13.05	35.25
2.021	13.05	35.25
2.023	13.02	35.25
2.025	13.01	35.25
2.027	12.99	35.25
2.029	12.96	35.25
2.030	12.96	35.25
2.033	12.94	35.25
2.037	12.90	35.25
2.039	12.89	35.25
2.041	12.87	35.25
2.042	12.85	35.25
2.043	12.86	35.25
2.044	12.83	35.25
2.047	12.83	35.25
2.050	12.81	35.25
2.052	12.78	35.25
2.053	12.78	35.25
2.055	12.77	35.25
2.057	12.75	35.25
2.060	12.74	35.25
2.063	12.71	35.25
2.065	12.72	35.25
2.068	12.71	35.25
2.071	12.69	35.25
2.073	12.69	35.25
2.076	12.67	35.25
2.079	12.64	35.24
2.082	12.63	35.24
2.083	12.62	35.25
2.084	12.61	35.24
2.086	12.61	35.24
2.088	12.57	35.24
2.091	12.55	35.24
2.095	12.54	35.24
2.098	12.49	35.24
2.099	12.50	35.24
2.100	12.48	35.24
2.102	12.47	35.24
2.105	12.46	35.24
2.108	12.43	35.24
2.110	12.42	35.24
2.114	12.40	35.24
2.117	12.37	35.24
2.120	12.36	35.24
2.123	12.33	35.24
2.124	12.32	35.24
2.125	12.32	35.24
2.127	12.29	35.24
2.129	12.30	35.24
2.131	12.29	35.24
2.134	12.26	35.24
2.136	12.26	35.24
2.139	12.25	35.24
2.142	12.25	35.24
2.146	12.24	35.24
2.148	12.21	35.24
2.151	12.20	35.24
2.153	12.19	35.24
2.154	12.16	35.24
2.157	12.15	35.24
2.160	12.13	35.24
2.163	12.11	35.24
2.166	12.10	35.24
2.169	12.06	35.24
2.171	12.05	35.24
2.173	12.05	35.24
2.175	12.01	35.24
2.180	12.00	35.24
2.183	11.98	35.24
2.185	11.95	35.24
2.186	11.96	35.24
2.189	11.92	35.24
2.192	11.92	35.24
2.196	11.90	35.24
2.201	11.84	35.24
2.205	11.83	35.24
2.207	11.82	35.24
2.211	11.80	35.24
2.215	11.79	35.24
2.220	11.77	35.24
2.223	11.75	35.24
2.224	11.76	35.24
2.227	11.73	35.24
2.229	11.73	35.24
2.231	11.72	35.24
2.233	11.70	35.24
2.235	11.70	35.24
2.237	11.68	35.24
2.238	11.67	35.24
2.240	11.67	35.24
2.242	11.67	35.24
2.244	11.65	35.24
2.248	11.63	35.24
2.252	11.60	35.24
2.253	11.59	35.24
2.253	11.59	35.24
2.254	11.58	35.24
2.259	11.53	35.24
2.263	11.49	35.24
2.264	11.50	35.24
2.267	11.50	35.24
2.272	11.46	35.24
2.276	11.44	35.24
2.278	11.42	35.24
2.280	11.41	35.24
2.281	11.41	35.24
2.283	11.38	35.24
2.287	11.38	35.24
2.291	11.37	35.24
2.294	11.34	35.24
2.297	11.33	35.24
2.300	11.32	35.24
2.303	11.32	35.24
2.305	11.31	35.24
2.307	11.30	35.24
2.310	11.29	35.24
2.312	11.29	35.24
2.312	11.27	35.24
2.313	11.27	35.24
2.316	11.25	35.24
2.319	11.24	35.24
2.320	11.23	35.24
2.320	11.21	35.24
2.321	11.21	35.24
2.324	11.20	35.24
2.329	11.16	35.24
2.333	11.15	35.24
2.337	11.13	35.24
2.341	11.10	35.24
2.342	11.10	35.24
2.343	11.08	35.24
2.345	11.06	35.24
2.349	11.05	35.24
2.354	11.02	35.24
2.357	11.02	35.24
2.358	11.01	35.24
2.361	10.98	35.24
2.367	10.96	35.24
2.371	10.92	35.24
2.375	10.91	35.24
2.378	10.91	35.24
2.381	10.87	35.24
2.385	10.86	35.24
2.389	10.87	35.24
2.394	10.84	35.24
2.398	10.83	35.24
2.401	10.82	35.24
2.405	10.81	35.24
2.407	10.82	35.24
2.410	10.78	35.24
2.412	10.77	35.24
2.414	10.77	35.24
2.416	10.73	35.24
2.419	10.73	35.24
2.423	10.70	35.24
2.426	10.70	35.24
2.427	10.70	35.24
2.429	10.67	35.24
2.432	10.65	35.24
2.437	10.64	35.24
2.441	10.60	35.24
2.445	10.59	35.24
2.448	10.57	35.24
2.453	10.54	35.24
2.459	10.51	35.23
2.463	10.48	35.23
2.467	10.47	35.23
2.469	10.46	35.23
2.471	10.44	35.23
2.472	10.44	35.23
2.476	10.42	35.23
2.481	10.41	35.23
2.485	10.40	35.23
2.489	10.38	35.23
2.494	10.38	35.23
2.500	10.36	35.23
2.507	10.32	35.23
2.509	10.32	35.23
2.511	10.31	35.23
2.513	10.29	35.23
2.515	10.28	35.23
2.517	10.26	35.23
2.520	10.25	35.23
2.523	10.24	35.23
2.527	10.22	35.23
2.531	10.21	35.23
2.536	10.18	35.23
2.541	10.15	35.23
2.545	10.14	35.23
2.550	10.11	35.23
2.553	10.10	35.23
2.553	10.10	35.23
2.556	10.07	35.23
2.560	10.06	35.23
2.562	10.04	35.23
2.564	10.03	35.23
2.571	10.02	35.23
2.580	9.98	35.23
2.585	9.97	35.23
2.591	9.95	35.23
2.597	9.93	35.23
2.599	9.92	35.23
2.600	9.92	35.23
2.603	9.92	35.23
2.606	9.89	35.23
2.610	9.84	35.23
2.613	9.85	35.23
2.616	9.86	35.23
2.619	9.83	35.23
2.621	9.83	35.23
2.623	9.82	35.23
2.626	9.79	35.23
2.630	9.78	35.23
2.634	9.76	35.23
2.636	9.75	35.23
2.640	9.75	35.23
2.643	9.72	35.23
2.647	9.70	35.23
2.649	9.69	35.23
2.652	9.67	35.23
2.654	9.66	35.23
2.657	9.65	35.23
2.659	9.64	35.23
2.661	9.64	35.23
2.665	9.60	35.23
2.669	9.60	35.23
2.672	9.59	35.23
2.676	9.57	35.23
2.681	9.54	35.23
2.686	9.53	35.23
2.691	9.51	35.23
2.696	9.49	35.23
2.699	9.47	35.23
2.702	9.48	35.23
2.706	9.47	35.23
2.711	9.44	35.23
2.716	9.45	35.23
2.720	9.44	35.23
2.723	9.42	35.23
2.726	9.42	35.23
2.729	9.39	35.23
2.733	9.39	35.23
2.737	9.39	35.23
2.741	9.36	35.23
2.744	9.35	35.23
2.748	9.33	35.23
2.752	9.31	35.23
2.755	9.30	35.23
2.758	9.29	35.23
2.764	9.26	35.23
2.772	9.24	35.23
2.776	9.20	35.23
2.778	9.20	35.23
2.781	9.19	35.23
2.784	9.17	35.23
2.787	9.17	35.23
2.791	9.15	35.23
2.796	9.12	35.23
2.800	9.11	35.23
2.804	9.10	35.23
2.807	9.08	35.23
2.812	9.07	35.22
2.820	9.02	35.22
2.826	9.01	35.22
2.830	8.99	35.22
2.834	8.99	35.22
2.838	8.99	35.22
2.842	8.97	35.22
2.847	8.96	35.22
2.851	8.96	35.22
2.856	8.95	35.22
2.862	8.95	35.22
2.866	8.94	35.22
2.868	8.92	35.22
2.871	8.92	35.22
2.875	8.89	35.22
2.878	8.88	35.22
2.883	8.88	35.22
2.887	8.85	35.22
2.888	8.85	35.22
2.889	8.84	35.22
2.892	8.82	35.22
2.895	8.81	35.22
2.898	8.79	35.22
2.901	8.78	35.22
2.906	8.77	35.22
2.911	8.74	35.22
2.916	8.73	35.22
2.920	8.71	35.22
2.924	8.69	35.22
2.926	8.68	35.22
2.931	8.67	35.22
2.937	8.64	35.22
2.944	8.62	35.22
2.951	8.59	35.22
2.957	8.58	35.22
2.962	8.56	35.22
2.967	8.54	35.22
2.973	8.54	35.22
2.977	8.53	35.22
2.981	8.52	35.22
2.986	8.53	35.22
2.991	8.50	35.22
2.997	8.50	35.22
3.003	8.50	35.22
3.007	8.48	35.22
3.010	8.47	35.22
3.013	8.46	35.22
3.017	8.45	35.22
3.018	8.44	35.22
3.019	8.43	35.22
3.022	8.40	35.22
3.026	8.36	35.22
3.031	8.35	35.22
3.035	8.35	35.22
3.036	8.35	35.22
3.038	8.34	35.22
3.041	8.33	35.22
3.045	8.30	35.22
3.051	8.28	35.22
3.057	8.28	35.22
3.063	8.24	35.22
3.069	8.24	35.22
3.074	8.22	35.22
3.078	8.19	35.22
3.084	8.18	35.22
3.090	8.14	35.22
3.096	8.13	35.22
3.101	8.12	35.22
3.106	8.10	35.22
3.113	8.09	35.21
3.120	8.08	35.21
3.126	8.07	35.21
3.133	8.06	35.21
3.142	8.04	35.21
3.149	8.04	35.21
3.155	8.03	35.21
3.162	8.00	35.21
3.166	7.99	35.21
3.169	7.99	35.21
3.173	7.97	35.21
3.176	7.96	35.21
3.180	7.94	35.21
3.186	7.93	35.21
3.191	7.92	35.21
3.194	7.89	35.21
3.195	7.89	35.21
3.198	7.89	35.21
3.205	7.86	35.21
3.214	7.83	35.21
3.224	7.81	35.21
3.231	7.78	35.21
3.238	7.78	35.21
3.246	7.73	35.21
3.257	7.71	35.21
3.265	7.68	35.21
3.272	7.66	35.21
3.279	7.65	35.21
3.287	7.63	35.21
3.295	7.61	35.21
3.302	7.61	35.21
3.308	7.59	35.21
3.315	7.59	35.21
3.324	7.58	35.21
3.335	7.54	35.21
3.344	7.53	35.21
3.350	7.52	35.21
3.353	7.51	35.21
3.357	7.50	35.21
3.363	7.48	35.21
3.370	7.45	35.21
3.376	7.44	35.21
3.381	7.42	35.21
3.386	7.39	35.21
3.388	7.40	35.21
3.392	7.38	35.21
3.398	7.37	35.21
3.404	7.35	35.21
3.412	7.33	35.21
3.419	7.30	35.21
3.424	7.30	35.21
3.428	7.28	35.21
3.434	7.27	35.21
3.442	7.24	35.21
3.450	7.23	35.21
3.457	7.21	35.21
3.460	7.20	35.20
3.461	7.20	35.20
3.464	7.20	35.20
3.470	7.19	35.20
3.479	7.18	35.20
3.486	7.16	35.20
3.492	7.16	35.20
3.498	7.15	35.20
3.503	7.15	35.20
3.509	7.14	35.20
3.517	7.12	35.20
3.526	7.11	35.20
3.535	7.09	35.20
3.540	7.09	35.20
3.547	7.07	35.20
3.555	7.05	35.20
3.563	7.02	35.20
3.570	7.01	35.20
3.578	6.98	35.20
3.584	6.97	35.20
3.589	6.96	35.20
3.593	6.95	35.20
3.596	6.92	35.20
3.601	6.92	35.20
3.609	6.90	35.20
3.618	6.88	35.20
3.628	6.87	35.20
3.636	6.85	35.20
3.647	6.82	35.20
3.661	6.80	35.20
3.677	6.77	35.20
3.689	6.75	35.20
3.697	6.75	35.20
3.704	6.74	35.20
3.713	6.74	35.20
3.723	6.72	35.20
3.735	6.71	35.20
3.751	6.68	35.20
3.770	6.65	35.20
3.784	6.64	35.20
3.796	6.60	35.20
3.806	6.57	35.20
3.816	6.57	35.20
3.825	6.54	35.19
3.832	6.53	35.19
3.838	6.52	35.19
3.844	6.49	35.19
3.851	6.49	35.19
3.864	6.46	35.19
3.873	6.44	35.19
3.879	6.44	35.19
3.888	6.41	35.19
3.902	6.39	35.19
3.920	6.38	35.19
3.933	6.35	35.19
3.937	6.35	35.19
3.940	6.35	35.19
3.946	6.33	35.19
3.957	6.34	35.19
3.965	6.32	35.19
3.974	6.30	35.19
3.986	6.31	35.19
3.999	6.27	35.19
4.015	6.27	35.19
4.033	6.25	35.19
4.048	6.22	35.19
4.057	6.22	35.19
4.060	6.20	35.19
4.065	6.18	35.19
4.080	6.16	35.19
4.095	6.13	35.19
4.104	6.10	35.19
4.120	6.10	35.19
4.132	6.06	35.19
4.146	6.09	35.19
4.158	6.08	35.19
4.173	6.06	35.19
4.187	6.09	35.19
4.201	6.07	35.19
4.212	6.08	35.19
4.220	6.10	35.19
4.231	6.06	35.19
4.239	6.09	35.19
4.246	6.09	35.19
4.253	6.07	35.19
4.261	6.10	35.19
4.272	6.08	35.18
4.278	6.08	35.18
4.283	6.11	35.18
4.289	6.08	35.18
4.295	6.09	35.18
4.301	6.10	35.18
4.305	6.08	35.18
4.310	6.09	35.18
4.318	6.08	35.18
4.332	6.07	35.18
4.346	6.10	35.18
4.355	6.07	35.18
4.363	6.08	35.18
4.379	6.09	35.18
4.394	6.07	35.18
4.406	6.09	35.18
4.415	6.07	35.18
4.417	6.07	35.18
4.417	6.09	35.18
4.417	6.06	35.18
4.417	6.08	35.18
4.417	6.09	35.18
4.417	6.06	35.18
4.417	6.09	35.18
4.417	6.08	35.18
4.417	6.06	35.18
4.417	6.10	35.18
4.417	6.08	35.18
4.417	6.07	35.18
4.417	6.08	35.18
4.417	6.07	35.18
4.417	6.09	35.18
4.417	6.08	35.18
4.417	6.07	35.18
4.417	6.11	35.18
4.417	6.08	35.18
4.417	6.09	35.18
4.417	6.10	35.18
4.417	6.08	35.18
4.417	6.10	35.18
4.417	6.09	35.17
4.417	6.08	35.17
4.417	6.11	35.17
4.417	6.08	35.17
4.417	6.08	35.17
4.417	6.10	35.17
4.417	6.08	35.17
4.417	6.08	35.17
4.417	6.08	35.17
4.417	6.09	35.17
4.417	6.08	35.17
4.417	6.07	35.17
4.417	6.07	35.17
4.417	6.06	35.17
4.417	6.05	35.17
4.417	6.14	35.17
4.417	6.10	35.17
4.417	6.08	35.17
4.417	6.10	35.17
4.417	6.08	35.17
4.408	6.07	35.17
4.393	6.09	35.17
4.374	6.08	35.17
4.358	6.09	35.17
4.339	6.09	35.17
4.316	6.07	35.17
4.301	6.11	35.17
4.298	6.09	35.17
4.296	6.07	35.17
4.291	6.10	35.17
4.284	6.08	35.17
4.277	6.09	35.17
4.273	6.10	35.17
4.267	6.08	35.17
4.258	6.11	35.17
4.246	6.10	35.17
4.232	6.09	35.16
4.223	6.12	35.16
4.216	6.08	35.16
4.207	6.09	35.16
4.196	6.11	35.16
4.186	6.09	35.16
4.177	6.13	35.16
4.166	6.10	35.16
4.158	6.08	35.16
4.151	6.12	35.16
4.140	6.10	35.16
4.124	6.09	35.16
4.107	6.10	35.16
4.093	6.09	35.16
4.082	6.11	35.16
4.073	6.11	35.16
4.062	6.10	35.16
4.047	6.14	35.16
4.034	6.14	35.16
4.022	6.17	35.16
4.009	6.21	35.16
4.002	6.20	35.16
4.002	6.22	35.16
4.003	6.22	35.16
4.005	6.20	35.16
3.999	6.24	35.16
3.985	6.24	35.16
3.969	6.25	35.16
3.960	6.28	35.16
3.959	6.27	35.15
3.956	6.28	35.15
3.946	6.30	35.15
3.934	6.29	35.15
3.924	6.32	35.15
3.914	6.32	35.15
3.901	6.33	35.15
3.890	6.37	35.15
3.877	6.36	35.15
3.864	6.39	35.15
3.853	6.40	35.15
3.845	6.40	35.15
3.838	6.43	35.15
3.829	6.44	35.15
3.814	6.46	35.15
3.800	6.49	35.15
3.790	6.50	35.15
3.780	6.53	35.15
3.768	6.55	35.15
3.756	6.56	35.15
3.747	6.59	35.15
3.745	6.60	35.15
3.743	6.60	35.15
3.737	6.62	35.15
3.729	6.63	35.15
3.717	6.66	35.15
3.709	6.67	35.15
3.706	6.67	35.15
3.703	6.68	35.15
3.695	6.68	35.15
3.686	6.69	35.15
3.679	6.70	35.15
3.670	6.71	35.14
3.659	6.72	35.14
3.648	6.75	35.14
3.639	6.75	35.14
3.631	6.77	35.14
3.621	6.79	35.14
3.611	6.81	35.14
3.601	6.83	35.14
3.593	6.84	35.14
3.587	6.86	35.14
3.579	6.87	35.14
3.570	6.89	35.14
3.561	6.92	35.14
3.552	6.94	35.14
3.542	6.96	35.14
3.532	6.99	35.14
3.524	7.01	35.14
3.521	7.03	35.14
3.518	7.03	35.14
3.514	7.05	35.14
3.506	7.07	35.14
3.498	7.08	35.14
3.491	7.09	35.14
3.488	7.09	35.14
3.483	7.10	35.14
3.473	7.11	35.14
3.464	7.13	35.14
3.456	7.13	35.14
3.449	7.15	35.14
3.442	7.15	35.14
3.433	7.17	35.13
3.425	7.19	35.13
3.418	7.20	35.13
3.410	7.23	35.13
3.400	7.25	35.13
3.390	7.26	35.13
3.381	7.30	35.13
3.374	7.31	35.13
3.366	7.33	35.13
3.359	7.36	35.13
3.353	7.38	35.13
3.347	7.39	35.13
3.342	7.41	35.13
3.336	7.42	35.13
3.331	7.45	35.13
3.329	7.45	35.13
3.326	7.46	35.13
3.324	7.47	35.13
3.320	7.48	35.13
3.314	7.50	35.13
3.306	7.51	35.13
3.302	7.52	35.13
3.300	7.54	35.13
3.296	7.53	35.13
3.290	7.55	35.13
3.284	7.56	35.13
3.277	7.57	35.13
3.271	7.58	35.13
3.265	7.59	35.13
3.260	7.60	35.13
3.254	7.61	35.13
3.248	7.61	35.13
3.242	7.64	35.13
3.237	7.65	35.12
3.231	7.66	35.12
3.225	7.68	35.12
3.217	7.70	35.12
3.210	7.72	35.12
3.207	7.74	35.12
3.203	7.75	35.12
3.198	7.76	35.12
3.191	7.80	35.12
3.185	7.81	35.12
3.178	7.84	35.12
3.171	7.85	35.12
3.164	7.88	35.12
3.157	7.91	35.12
3.152	7.92	35.12
3.152	7.92	35.12
3.152	7.94	35.12
3.152	7.93	35.12
3.147	7.95	35.12
3.136	7.98	35.12
3.124	8.01	35.12
3.118	8.02	35.12
3.116	8.02	35.12
3.111	8.02	35.12
3.105	8.04	35.12
3.101	8.04	35.12
3.097	8.05	35.12
3.092	8.06	35.12
3.086	8.07	35.12
3.080	8.08	35.11
3.075	8.09	35.11
3.070	8.11	35.11
3.065	8.14	35.11
3.057	8.15	35.11
3.050	8.17	35.11
3.045	8.20	35.11
3.043	8.20	35.11
3.038	8.24	35.11
3.033	8.25	35.11
3.029	8.26	35.11
3.023	8.29	35.11
3.017	8.30	35.11
3.012	8.33	35.11
3.008	8.35	35.11
3.003	8.35	35.11
3.000	8.38	35.11
2.998	8.39	35.11
2.995	8.40	35.11
2.989	8.42	35.11
2.981	8.44	35.11
2.972	8.46	35.11
2.966	8.48	35.11
2.961	8.49	35.11
2.957	8.51	35.11
2.953	8.50	35.11
2.951	8.51	35.11
2.947	8.53	35.11
2.943	8.52	35.11
2.939	8.54	35.11
2.934	8.56	35.11
2.931	8.56	35.11
2.931	8.58	35.11
2.929	8.59	35.11
2.922	8.61	35.10
2.914	8.64	35.10
2.904	8.66	35.10
2.897	8.69	35.10
2.893	8.70	35.10
2.889	8.72	35.10
2.884	8.73	35.10
2.880	8.73	35.10
2.876	8.75	35.10
2.869	8.79	35.10
2.863	8.81	35.10
2.858	8.84	35.10
2.855	8.87	35.10
2.854	8.86	35.10
2.854	8.88	35.10
2.853	8.88	35.10
2.850	8.88	35.10
2.843	8.90	35.10
2.835	8.92	35.10
2.829	8.94	35.10
2.826	8.96	35.10
2.822	8.96	35.10
2.818	8.96	35.10
2.813	8.97	35.10
2.808	8.98	35.10
2.802	9.00	35.10
2.798	9.01	35.10
2.794	9.02	35.10
2.790	9.04	35.10
2.786	9.05	35.10
2.781	9.08	35.10
2.776	9.10	35.10
2.771	9.11	35.10
2.765	9.13	35.10
2.759	9.16	35.10
2.755	9.18	35.10
2.751	9.20	35.10
2.747	9.21	35.10
2.743	9.23	35.10
2.741	9.27	35.10
2.737	9.27	35.10
2.733	9.31	35.09
2.728	9.32	35.09
2.725	9.33	35.09
2.724	9.34	35.09
2.721	9.34	35.09
2.711	9.38	35.09
2.699	9.41	35.09
2.690	9.42	35.09
2.683	9.45	35.09
2.676	9.46	35.09
2.671	9.48	35.09
2.666	9.51	35.09
2.660	9.51	35.09
2.654	9.53	35.09
2.648	9.56	35.09
2.644	9.57	35.09
2.638	9.61	35.09
2.634	9.63	35.09
2.631	9.64	35.09
2.628	9.67	35.09
2.624	9.68	35.09
2.621	9.71	35.09
2.618	9.75	35.09
2.614	9.75	35.09
2.610	9.79	35.09
2.606	9.80	35.09
2.604	9.81	35.09
2.602	9.82	35.09
2.599	9.83	35.09
2.593	9.84	35.09
2.590	9.86	35.09
2.587	9.86	35.09
2.582	9.88	35.09
2.578	9.89	35.09
2.574	9.90	35.09
2.570	9.92	35.09
2.567	9.92	35.09
2.563	9.93	35.09
2.561	9.95	35.09
2.558	9.95	35.09
2.554	9.96	35.09
2.551	9.98	35.09
2.548	9.98	35.09
2.546	9.99	35.09
2.545	10.02	35.09
2.543	10.03	35.09
2.538	10.05	35.09
2.533	10.04	35.09
2.529	10.08	35.09
2.525	10.11	35.09
2.520	10.14	35.09
2.515	10.16	35.09
2.511	10.18	35.09
2.508	10.19	35.09
2.506	10.23	35.09
2.504	10.23	35.09
2.501	10.25	35.09
2.497	10.27	35.09
2.493	10.27	35.09
2.489	10.30	35.09
2.485	10.32	35.09
2.482	10.33	35.09
2.479	10.34	35.09
2.474	10.35	35.09
2.470	10.36	35.09
2.466	10.39	35.09
2.461	10.40	35.09
2.457	10.41	35.09
2.453	10.43	35.09
2.448	10.44	35.09
2.444	10.47	35.09
2.439	10.48	35.09
2.435	10.50	35.09
2.432	10.50	35.09
2.430	10.49	35.09
2.426	10.54	35.09
2.423	10.57	35.09
2.419	10.59	35.09
2.415	10.62	35.09
2.411	10.63	35.09
2.406	10.67	35.09
2.400	10.71	35.09
2.395	10.72	35.09
2.390	10.75	35.09
2.386	10.78	35.09
2.382	10.79	35.09
2.378	10.81	35.09
2.374	10.81	35.09
2.371	10.83	35.09
2.366	10.84	35.09
2.361	10.84	35.09
2.356	10.87	35.09
2.351	10.90	35.09
2.345	10.93	35.09
2.339	10.96	35.09
2.334	10.98	35.09
2.332	11.01	35.09
2.330	11.03	35.09
2.327	11.04	35.09
2.322	11.07	35.09
2.318	11.11	35.09
2.314	11.13	35.09
2.308	11.18	35.09
2.302	11.20	35.09
2.300	11.21	35.09
2.300	11.24	35.09
2.299	11.22	35.09
2.294	11.26	35.09
2.289	11.29	35.09
2.286	11.28	35.09
2.282	11.31	35.09
2.277	11.33	35.09
2.273	11.32	35.09
2.269	11.36	35.09
2.264	11.37	35.09
2.258	11.39	35.09
2.254	11.43	35.09
2.250	11.43	35.09
2.247	11.46	35.09
2.245	11.49	35.09
2.243	11.50	35.09
2.242	11.52	35.09
2.240	11.52	35.09
2.237	11.55	35.09
2.235	11.57	35.09
2.232	11.58	35.09
2.228	11.61	35.09
2.223	11.65	35.09
2.217	11.68	35.09
2.212	11.71	35.09
2.209	11.72	35.09
2.208	11.73	35.09
2.206	11.74	35.09
2.204	11.74	35.09
2.200	11.75	35.09
2.195	11.78	35.09
2.189	11.79	35.09
2.183	11.82	35.09
2.177	11.85	35.09
2.171	11.89	35.09
2.166	11.94	35.09
2.160	11.96	35.09
2.154	12.02	35.09
2.147	12.08	35.09
2.139	12.12	35.09
2.133	12.17	35.09
2.131	12.18	35.09
2.130	12.19	35.09
2.129	12.21	35.09
2.126	12.21	35.09
2.123	12.24	35.09
2.120	12.25	35.09
2.116	12.25	35.09
2.111	12.27	35.09
2.107	12.28	35.08
2.104	12.29	35.09
2.102	12.32	35.09
2.102	12.31	35.09
2.100	12.34	35.08
2.097	12.37	35.08
2.093	12.38	35.08
2.089	12.43	35.08
2.085	12.46	35.08
2.082	12.48	35.08
2.077	12.52	35.08
2.073	12.56	35.08
2.067	12.60	35.08
2.063	12.63	35.08
2.060	12.64	35.08
2.058	12.67	35.08
2.056	12.68	35.08
2.053	12.69	35.08
2.051	12.71	35.08
2.048	12.72	35.08
2.044	12.74	35.08
2.041	12.75	35.08
2.037	12.77	35.08
2.034	12.79	35.08
2.031	12.80	35.08
2.029	12.82	35.08
2.026	12.83	35.08
2.023	12.81	35.08
2.020	12.86	35.08
2.018	12.89	35.08
2.015	12.90	35.08
2.013	12.94	35.08
2.010	12.98	35.08
2.006	13.01	35.08
2.002	13.05	35.08
1.998	13.08	35.08
1.994	13.10	35.08
1.992	13.13	35.08
1.990	13.12	35.08
1.988	13.14	35.08
1.987	13.16	35.08
1.985	13.14	35.08
1.983	13.17	35.08
1.979	13.18	35.08
1.975	13.20	35.08
1.971	13.22	35.08
1.968	13.23	35.08
1.966	13.25	35.08
1.964	13.28	35.08
1.963	13.28	35.08
1.961	13.30	35.08
1.960	13.31	35.08
1.958	13.33	35.08
1.957	13.36	35.08
1.956	13.35	35.08
1.954	13.38	35.08
1.952	13.40	35.08
1.951	13.39	35.08
1.950	13.42	35.08
1.948	13.44	35.08
1.946	13.45	35.08
1.944	13.48	35.08
1.941	13.50	35.08
1.938	13.53	35.08
1.936	13.55	35.08
1.934	13.55	35.08
1.933	13.57	35.08
1.932	13.58	35.08
1.930	13.57	35.08
1.929	13.59	35.08
1.927	13.60	35.08
1.926	13.61	35.08
1.924	13.63	35.08
1.923	13.60	35.08
1.922	13.63	35.08
1.921	13.64	35.08
1.919	13.64	35.08
1.918	13.65	35.08
1.917	13.65	35.08
1.916	13.65	35.08
1.915	13.67	35.08
1.913	13.67	35.08
1.911	13.70	35.08
1.909	13.72	35.08
1.908	13.70	35.08
1.907	13.72	35.08
1.905	13.74	35.08
1.903	13.74	35.08
1.902	13.76	35.08
1.902	13.75	35.08
1.902	13.76	35.08
1.900	13.78	35.08
1.898	13.80	35.08
1.896	13.83	35.08
1.895	13.84	35.08
1.893	13.84	35.08
1.891	13.89	35.08
1.889	13.88	35.08
1.886	13.91	35.08
1.884	13.95	35.08
1.881	13.96	35.08
1.876	14.00	35.08
1.872	14.04	35.08
1.870	14.04	35.08
1.869	14.06	35.08
1.867	14.06	35.08
1.864	14.09	35.08
1.863	14.11	35.08
1.861	14.09	35.08
1.859	14.11	35.07
1.858	14.13	35.07
1.856	14.12	35.07
1.854	14.14	35.07
1.852	14.13	35.07
1.851	14.16	35.07
1.848	14.19	35.07
1.845	14.20	35.07
1.843	14.21	35.07
1.841	14.23	35.07
1.841	14.22	35.07
1.840	14.25	35.07
1.839	14.27	35.07
1.837	14.28	35.07
1.836	14.32	35.07
1.835	14.31	35.07
1.834	14.33	35.07
1.832	14.36	35.07
1.831	14.39	35.07
1.829	14.41	35.07
1.827	14.43	35.07
1.825	14.45	35.07
1.823	14.46	35.07
1.821	14.49	35.07
1.819	14.51	35.07
1.815	14.50	35.07
1.813	14.49	35.07
1.812	14.54	35.07
1.810	14.56	35.07
1.809	14.56	35.07
1.807	14.59	35.07
1.804	14.59	35.07
1.801	14.61	35.07
1.799	14.62	35.07
1.797	14.62	35.07
1.795	14.63	35.07
1.793	14.65	35.07
1.791	14.66	35.07
1.789	14.67	35.07
1.788	14.68	35.07
1.787	14.70	35.07
1.787	14.73	35.07
1.785	14.73	35.07
1.783	14.76	35.07
1.782	14.77	35.07
1.780	14.79	35.07
1.778	14.82	35.07
1.776	14.83	35.07
1.775	14.86	35.07
1.772	14.90	35.07
1.770	14.92	35.07
1.768	14.95	35.07
1.767	14.98	35.06
1.764	15.00	35.06
1.762	15.03	35.06
1.760	15.04	35.06
1.758	15.05	35.06
1.757	15.08	35.06
1.755	15.08	35.06
1.752	15.09	35.06
1.749	15.10	35.06
1.746	15.11	35.06
1.745	15.12	35.06
1.743	15.13	35.06
1.741	15.15	35.06
1.737	15.18	35.06
1.733	15.21	35.06
1.731	15.24	35.06
1.729	15.27	35.06
1.726	15.32	35.06
1.724	15.36	35.06
1.722	15.40	35.06
1.720	15.43	35.06
1.718	15.46	35.06
1.717	15.48	35.06
1.716	15.50	35.06
1.714	15.54	35.06
1.711	15.55	35.06
1.710	15.56	35.06
1.708	15.57	35.06
1.707	15.57	35.06
1.705	15.58	35.06
1.704	15.58	35.06
1.702	15.59	35.06
1.699	15.60	35.06
1.697	15.61	35.06
1.696	15.61	35.06
1.694	15.62	35.06
1.693	15.63	35.06
1.691	15.65	35.06
1.689	15.66	35.06
1.688	15.68	35.06
1.688	15.70	35.06
1.688	15.72	35.06
1.687	15.74	35.06
1.685	15.77	35.06
1.684	15.79	35.05
1.682	15.81	35.05
1.680	15.84	35.05
1.679	15.87	35.05
1.677	15.89	35.05
1.675	15.92	35.05
1.672	15.96	35.05
1.669	16.00	35.05
1.667	16.02	35.05
1.665	16.04	35.05
1.664	16.05	35.05
1.662	16.06	35.05
1.661	16.07	35.05
1.660	16.08	35.05
1.658	16.09	35.05
1.656	16.10	35.05
1.654	16.11	35.05
1.652	16.12	35.05
1.651	16.14	35.05
1.648	16.15	35.05
1.645	16.18	35.05
1.643	16.20	35.05
1.642	16.22	35.05
1.642	16.23	35.05
1.640	16.25	35.05
1.638	16.28	35.05
1.637	16.31	35.05
1.635	16.33	35.05
1.633	16.35	35.05
1.631	16.38	35.05
1.630	16.40	35.05
1.628	16.43	35.05
1.625	16.46	35.05
1.622	16.49	35.05
1.620	16.52	35.05
1.618	16.53	35.05
1.618	16.53	35.05
1.616	16.54	35.05
1.615	16.55	35.05
1.614	16.56	35.05
1.612	16.57	35.05
1.609	16.59	35.05
1.605	16.62	35.05
1.602	16.64	35.05
1.600	16.67	35.05
1.598	16.68	35.05
1.598	16.70	35.05
1.597	16.72	35.05
1.595	16.74	35.05
1.594	16.76	35.05
1.593	16.79	35.05
1.591	16.80	35.05
1.590	16.82	35.05
1.589	16.85	35.05
1.587	16.87	35.05
1.585	16.91	35.05
1.583	16.93	35.05
1.582	16.95	35.05
1.581	16.97	35.05
1.580	16.97	35.05
1.578	16.99	35.05
1.577	17.00	35.05
1.575	17.00	35.05
1.574	17.02	35.05
1.573	17.03	35.05
1.572	17.04	35.05
1.571	17.05	35.05
1.569	17.05	35.05
1.568	17.06	35.05
1.566	17.08	35.05
1.564	17.09	35.05
1.562	17.12	35.05
1.561	17.13	35.05
1.560	17.14	35.05
1.559	17.16	35.05
1.557	17.19	35.05
1.556	17.20	35.05
1.555	17.23	35.05
1.553	17.26	35.05
1.551	17.29	35.05
1.548	17.32	35.05
1.546	17.35	35.05
1.543	17.39	35.05
1.542	17.41	35.05
1.541	17.42	35.05
1.540	17.43	35.05
1.539	17.44	35.05
1.536	17.47	35.05
1.534	17.49	35.05
1.533	17.50	35.05
1.531	17.51	35.05
1.529	17.52	35.05
1.527	17.53	35.05
1.525	17.55	35.05
1.524	17.56	35.05
1.522	17.59	35.05
1.522	17.60	35.05
1.521	17.61	35.05
1.520	17.63	35.05
1.519	17.64	35.05
1.518	17.66	35.05
1.517	17.68	35.05
1.516	17.70	35.05
1.514	17.72	35.05
1.513	17.74	35.05
1.511	17.76	35.05
1.510	17.79	35.05
1.508	17.82	35.05
1.506	17.85	35.05
1.504	17.89	35.05
1.503	17.90	35.05
1.502	17.91	35.05
1.502	17.92	35.05
1.500	17.93	35.05
1.499	17.95	35.05
1.497	17.96	35.05
1.494	17.98	35.05
1.492	18.00	35.05
1.490	18.01	35.05
1.488	18.03	35.05
1.487	18.05	35.05
1.486	18.05	35.05
1.485	18.07	35.05
1.484	18.09	35.05
1.481	18.13	35.05
1.479	18.16	35.05
1.478	18.18	35.05
1.477	18.20	35.05
1.476	18.22	35.05
1.474	18.25	35.05
1.471	18.29	35.05
1.469	18.33	35.05
1.467	18.36	35.05
1.466	18.37	35.05
1.466	18.38	35.05
1.465	18.39	35.05
1.463	18.41	35.05
1.461	18.43	35.05
1.460	18.44	35.05
1.459	18.44	35.05
1.458	18.45	35.05
1.457	18.47	35.05
1.456	18.48	35.05
1.455	18.48	35.05
1.454	18.49	35.05
1.453	18.49	35.05
1.452	18.51	35.05
1.452	18.52	35.05
1.450	18.53	35.05
1.449	18.55	35.05
1.448	18.56	35.05
1.447	18.59	35.05
1.446	18.61	35.05
1.445	18.63	35.05
1.443	18.67	35.05
1.441	18.70	35.05
1.439	18.72	35.05
1.437	18.77	35.05
1.435	18.80	35.05
1.434	18.82	35.05
1.433	18.84	35.05
1.433	18.84	35.05
1.432	18.86	35.05
1.429	18.89	35.05
1.428	18.90	35.05
1.427	18.91	35.05
1.425	18.92	35.05
1.424	18.93	35.05
1.423	18.95	35.05
1.422	18.96	35.05
1.420	18.97	35.05
1.419	18.98	35.05
1.418	19.00	35.05
1.416	19.02	35.05
1.415	19.03	35.05
1.414	19.05	35.05
1.412	19.08	35.05
1.411	19.11	35.05
1.410	19.13	35.05
1.408	19.17	35.05
1.406	19.19	35.05
1.404	19.23	35.05
1.403	19.26	35.05
1.401	19.28	35.05
1.401	19.30	35.05
1.400	19.32	35.05
1.398	19.34	35.05
1.396	19.37	35.05
1.394	19.38	35.05
1.393	19.39	35.05
1.392	19.40	35.05
1.391	19.41	35.05
1.390	19.42	35.05
1.389	19.43	35.05
1.388	19.44	35.05
1.387	19.46	35.05
1.386	19.46	35.05
1.385	19.48	35.05
1.384	19.50	35.05
1.383	19.51	35.05
1.383	19.53	35.05
1.382	19.55	35.05
1.381	19.56	35.05
1.380	19.58	35.05
1.379	19.62	35.05
1.377	19.65	35.05
1.376	19.67	35.05
1.374	19.69	35.05
1.373	19.72	35.05
1.372	19.74	35.05
1.370	19.76	35.05
1.370	19.77	35.05
1.370	19.78	35.05
1.368	19.80	35.05
1.366	19.83	35.05
1.366	19.84	35.05
1.365	19.85	35.05
1.363	19.86	35.05
1.362	19.87	35.05
1.361	19.88	35.05
1.359	19.89	35.05
1.358	19.90	35.05
1.357	19.91	35.05
1.356	19.92	35.05
1.355	19.95	35.05
1.353	19.98	35.05
1.351	20.00	35.05
1.350	20.04	35.05
1.350	20.05	35.05
1.349	20.07	35.05
1.348	20.10	35.05
1.346	20.12	35.05
1.345	20.16	35.05
1.343	20.20	35.05
1.341	20.23	35.05
1.340	20.25	35.05
1.340	20.26	35.05
1.339	20.27	35.05
1.339	20.28	35.05
1.338	20.30	35.05
1.336	20.32	35.05
1.335	20.34	35.05
1.334	20.34	35.05
1.333	20.35	35.05
1.332	20.36	35.05
1.330	20.38	35.05
1.329	20.39	35.05
1.328	20.40	35.05
1.327	20.41	35.05
1.326	20.41	35.05
1.325	20.42	35.05
1.325	20.44	35.05
1.323	20.46	35.05
1.322	20.50	35.05
1.321	20.52	35.05
1.321	20.53	35.05
1.320	20.54	35.05
1.319	20.57	35.05
1.318	20.58	35.05
1.317	20.60	35.05
1.316	20.63	35.05
1.314	20.66	35.05
1.312	20.70	35.05
1.310	20.73	35.05
1.309	20.75	35.05
1.308	20.77	35.05
1.307	20.79	35.05
1.306	20.80	35.05
1.306	20.81	35.05
1.305	20.81	35.05
1.304	20.82	35.05
1.303	20.83	35.05
1.303	20.84	35.05
1.302	20.85	35.05
1.301	20.85	35.05
1.300	20.87	35.05
1.299	20.88	35.05
1.299	20.88	35.05
1.298	20.90	35.05
1.296	20.92	35.05
1.295	20.95	35.05
1.295	20.96	35.05
1.295	20.96	35.05
1.294	20.99	35.05
1.292	21.03	35.05
1.290	21.06	35.05
1.288	21.10	35.05
1.286	21.14	35.05
1.285	21.17	35.05
1.284	21.21	35.05
1.283	21.22	35.05
1.282	21.24	35.05
1.280	21.27	35.05
1.279	21.28	35.05
1.278	21.29	35.05
1.276	21.31	35.05
1.275	21.31	35.05
1.274	21.33	35.05
1.273	21.34	35.05
1.271	21.35	35.05
1.270	21.37	35.05
1.270	21.39	35.05
1.269	21.40	35.05
1.268	21.42	35.05
1.267	21.45	35.05
1.266	21.47	35.05
1.266	21.48	35.05
1.265	21.50	35.05
1.264	21.53	35.05
1.263	21.55	35.05
1.261	21.58	35.05
1.260	21.62	35.05
1.259	21.64	35.05
1.257	21.67	35.05
1.256	21.70	35.05
1.255	21.71	35.05
1.254	21.74	35.05
1.253	21.76	35.05
1.252	21.77	35.05
1.252	21.77	35.05
1.251	21.78	35.05
1.250	21.79	35.05
1.249	21.80	35.05
1.248	21.81	35.05
1.247	21.83	35.05
1.246	21.84	35.05
1.246	21.85	35.05
1.246	21.85	35.05
1.247	21.85	35.05
1.247	21.85	35.05
1.247	21.85	35.05
1.247	21.85	35.05
1.247	21.85	35.05
1.245	21.87	35.05
1.243	21.90	35.05
1.242	21.92	35.05
1.241	21.94	35.05
1.240	21.98	35.05
1.239	21.99	35.05
1.238	22.01	35.05
1.238	22.03	35.05
1.237	22.04	35.05
1.236	22.07	35.05
1.236	22.08	35.05
1.235	22.09	35.05
1.234	22.13	35.05
1.233	22.14	35.05
1.233	22.14	35.05
1.231	22.18	35.05
1.230	22.24	35.05
1.229	22.27	35.05
1.228	22.30	35.05
1.227	22.34	35.05
1.224	22.37	35.05
1.222	22.41	35.05
1.222	22.43	35.05
1.220	22.49	35.05
1.219	22.53	35.05
1.217	22.55	35.05
1.215	22.57	35.05
1.214	22.58	35.05
1.213	22.59	35.05
1.212	22.60	35.05
1.211	22.60	35.05
1.210	22.61	35.05
1.210	22.61	35.05
1.208	22.62	35.05
1.207	22.64	35.05
1.206	22.64	35.05
1.205	22.64	35.05
1.205	22.65	35.05
1.204	22.65	35.05
1.203	22.67	35.05
1.201	22.70	35.05
1.200	22.70	35.04
1.198	22.74	35.04
1.198	22.74	35.04
1.197	22.76	35.04
1.195	22.80	35.04
1.194	22.80	35.04
1.193	22.85	35.04
1.192	22.88	35.04
1.191	22.89	35.04
1.191	22.91	35.04
1.191	22.92	35.04
1.190	22.93	35.04
1.190	22.97	35.04
1.189	22.98	35.04
1.188	22.99	35.04
1.188	23.00	35.04
1.187	23.03	35.04
1.185	23.08	35.04
1.183	23.10	35.04
1.182	23.19	35.04
1.181	23.30	35.04
1.179	23.31	35.04
1.179	23.36	35.04
1.178	23.39	35.04
1.177	23.38	35.04
1.176	23.46	35.04
1.175	23.52	35.04
1.175	23.51	35.04
1.175	23.53	35.04
1.174	23.54	35.04
1.173	23.56	35.04
1.172	23.59	35.04
1.172	23.55	35.04
1.171	23.58	35.04
1.170	23.58	35.04
1.169	23.58	35.04
1.169	23.59	35.04
1.168	23.58	35.04
1.167	23.59	35.04
1.166	23.59	35.04
1.166	23.57	35.04
1.165	23.59	35.04
1.163	23.59	35.04
1.162	23.59	35.04
1.161	23.59	35.04
1.160	23.59	35.04
1.159	23.59	35.04
1.159	23.59	35.04
1.158	23.58	35.04
1.157	23.59	35.04
1.157	23.59	35.04
1.157	23.59	35.04
1.156	23.59	35.04
1.155	23.58	35.04
1.154	23.59	35.04
1.153	23.59	35.04
1.153	23.58	35.04
1.152	23.59	35.04
1.151	23.59	35.04
1.150	23.58	35.04
1.149	23.59	35.04
1.149	23.58	35.04
1.149	23.57	35.04
1.148	23.59	35.04
1.147	23.59	35.04
1.147	23.59	35.04
1.146	23.59	35.04
1.146	23.58	35.04
1.145	23.59	35.04
1.143	23.59	35.04
1.143	23.59	35.04
1.142	23.59	35.04
1.142	23.57	35.04
1.142	23.59	35.04
1.142	23.59	35.04
1.142	23.57	35.04
1.142	23.59	35.04
1.142	23.59	35.04
1.142	23.58	35.04
1.142	23.59	35.04
1.142	23.59	35.04
1.142	23.59	35.04
1.142	23.59	35.04
1.142	23.57	35.04
1.142	23.59	35.04
1.142	23.59	35.04
1.142	23.59	35.04
1.142	23.59	35.04
1.142	23.59	35.04
1.142	23.59	35.04
1.142	23.59	35.04
1.142	23.59	35.04
1.142	23.59	35.04
1.142	23.59	35.04
1.142	23.58	35.04
1.142	23.59	35.04
1.142	23.59	35.04
1.142	23.59	35.04
1.142	23.59	35.04
1.142	23.59	35.04
1.142	23.59	35.04
1.143	23.59	35.04
1.143	23.59	35.04
1.142	23.59	35.04
1.143	23.59	35.04
1.143	23.59	35.04
1.143	23.59	35.04
1.143	23.59	35.04
1.143	23.59	35.04
1.143	23.59	35.04
1.143	23.59	35.04
1.143	23.59	35.04
1.143	23.59	35.04
1.143	23.59	35.04
1.143	23.59	35.04
1.143	23.59	35.04
1.143	23.59	35.04
1.143	23.59	35.04
1.143	23.59	35.04
1.143	23.59	35.04
1.143	23.59	35.04
1.143	23.59	35.04
1.143	23.59	35.04
