1.181	23.59	45.00
1.182	23.59	45.01
1.182	23.59	45.01
1.182	23.59	45.01
1.182	23.59	45.02
1.182	23.59	45.02
1.182	23.59	45.02
1.182	23.59	45.02
1.182	23.59	45.03
1.182	23.59	45.03
1.182	23.59	45.03
1.182	23.59	45.03
1.182	23.59	45.04
1.182	23.59	45.04
1.182	23.59	45.04
1.182	23.59	45.05
1.182	23.59	45.05
1.182	23.59	45.05
1.182	23.59	45.05
1.182	23.59	45.06
1.182	23.59	45.06
1.182	23.59	45.06
1.182	23.59	45.06
1.182	23.59	45.07
1.182	23.59	45.07
1.182	23.59	45.07
1.182	23.59	45.07
1.182	23.59	45.08
1.182	23.59	45.08
1.182	23.59	45.08
1.182	23.59	45.08
1.182	23.59	45.09
1.182	23.59	45.09
1.182	23.59	45.09
1.182	23.59	45.09
1.182	23.59	45.10
1.182	23.59	45.10
1.182	23.59	45.10
1.182	23.59	45.10
1.182	23.59	45.10
1.182	23.59	45.11
1.182	23.59	45.11
1.182	23.59	45.11
1.182	23.59	45.12
1.182	23.59	45.12
1.182	23.59	45.12
1.182	23.59	45.12
1.182	23.59	45.13
1.182	23.59	45.13
1.182	23.59	45.13
1.182	23.59	45.13
1.182	23.59	45.13
1.182	23.59	45.13
1.182	23.59	45.14
1.182	23.59	45.14
1.182	23.59	45.14
1.182	23.59	45.15
1.182	23.59	45.15
1.182	23.59	45.15
1.182	23.59	45.15
1.182	23.59	45.15
1.182	23.59	45.15
1.182	23.59	45.16
1.182	23.59	45.16
1.182	23.59	45.16
1.182	23.59	45.16
1.182	23.59	45.16
1.182	23.59	45.16
1.182	23.59	45.17
1.182	23.59	45.17
1.182	23.59	45.17
1.182	23.59	45.17
1.182	23.59	45.17
1.182	23.59	45.18
1.182	23.59	45.18
1.182	23.59	45.18
1.182	23.59	45.18
1.182	23.59	45.18
1.182	23.59	45.18
1.182	23.59	45.18
1.182	23.59	45.18
1.182	23.59	45.18
1.182	23.59	45.19
1.182	23.59	45.19
1.182	23.59	45.19
1.182	23.59	45.19
1.182	23.59	45.19
1.182	23.59	45.19
1.182	23.59	45.19
1.182	23.59	45.19
1.182	23.59	45.19
1.182	23.59	45.20
1.182	23.59	45.20
1.182	23.59	45.20
1.182	23.59	45.20
1.182	23.59	45.20
1.182	23.59	45.20
1.182	23.59	45.20
1.182	23.59	45.20
1.182	23.59	45.20
1.182	23.59	45.20
1.182	23.59	45.20
1.182	23.59	45.20
1.182	23.59	45.21
1.182	23.59	45.21
1.182	23.59	45.21
1.182	23.59	45.21
1.182	23.59	45.21
1.182	23.59	45.21
1.182	23.59	45.22
1.182	23.59	45.22
1.182	23.59	45.22
1.182	23.59	45.22
1.182	23.59	45.22
1.182	23.59	45.22
1.182	23.59	45.22
1.182	23.59	45.22
1.182	23.59	45.22
1.182	23.59	45.22
1.182	23.59	45.22
1.182	23.59	45.22
1.182	23.59	45.22
1.182	23.59	45.22
1.182	23.59	45.22
1.182	23.59	45.23
1.183	23.59	45.23
1.183	23.59	45.23
1.183	23.59	45.23
1.183	23.59	45.23
1.183	23.59	45.23
1.183	23.59	45.23
1.183	23.59	45.23
1.183	23.59	45.23
1.184	23.59	45.23
1.184	23.59	45.23
1.184	23.59	45.23
1.184	23.59	45.23
1.185	23.59	45.23
1.185	23.59	45.23
1.185	23.59	45.23
1.186	23.59	45.23
1.186	23.59	45.24
1.186	23.59	45.24
1.187	23.59	45.24
1.187	23.59	45.24
1.188	23.59	45.24
1.188	23.59	45.24
1.188	23.59	45.24
1.188	23.59	45.24
1.189	23.59	45.24
1.190	23.59	45.24
1.190	23.59	45.25
1.190	23.59	45.25
1.191	23.59	45.25
1.191	23.59	45.25
1.191	23.59	45.25
1.191	23.59	45.25
1.192	23.59	45.25
1.192	23.59	45.25
1.193	23.59	45.25
1.193	23.59	45.25
1.193	23.59	45.25
1.194	23.59	45.25
1.194	23.59	45.25
1.194	23.59	45.25
1.195	23.59	45.25
1.195	23.59	45.25
1.196	23.59	45.25
1.196	23.59	45.25
1.197	23.59	45.25
1.197	23.59	45.25
1.198	23.59	45.25
1.198	23.59	45.25
1.199	23.59	45.25
1.199	23.59	45.25
1.199	23.59	45.25
1.199	23.59	45.25
1.200	23.59	45.26
1.200	23.59	45.26
1.200	23.59	45.26
1.200	23.59	45.26
1.201	23.59	45.26
1.201	23.59	45.26
1.201	23.59	45.26
1.202	23.59	45.26
1.202	23.59	45.26
1.202	23.59	45.26
1.203	23.59	45.26
1.203	23.59	45.26
1.203	23.59	45.26
1.204	23.59	45.26
1.204	23.59	45.26
1.204	23.59	45.26
1.205	23.59	45.26
1.205	23.59	45.26
1.206	23.59	45.26
1.206	23.59	45.26
1.206	23.59	45.26
1.207	23.59	45.26
1.207	23.59	45.26
1.207	23.59	45.26
1.208	23.59	45.26
1.208	23.59	45.26
1.208	23.59	45.26
1.209	23.59	45.26
1.209	23.59	45.26
1.209	23.59	45.26
1.210	23.59	45.26
1.210	23.59	45.26
1.210	23.59	45.26
1.210	23.59	45.26
1.210	23.59	45.27
1.211	23.59	45.27
1.211	23.59	45.27
1.212	23.59	45.27
1.212	23.59	45.27
1.212	23.59	45.27
1.213	23.59	45.27
1.213	23.59	45.27
1.214	23.59	45.27
1.215	23.59	45.27
1.215	23.59	45.27
1.216	23.59	45.27
1.216	23.59	45.27
1.217	23.59	45.27
1.217	23.59	45.27
1.217	23.59	45.27
1.218	23.59	45.27
1.218	23.59	45.27
1.218	23.59	45.27
1.219	23.59	45.27
1.219	23.59	45.27
1.219	23.59	45.27
1.219	23.58	45.27
1.220	23.56	45.27
1.220	23.55	45.27
1.220	23.53	45.27
1.220	23.52	45.27
1.221	23.50	45.27
1.221	23.45	45.27
1.222	23.44	45.27
1.222	23.43	45.27
1.222	23.38	45.27
1.223	23.38	45.27
1.223	23.38	45.27
1.223	23.36	45.27
1.224	23.33	45.27
1.224	23.29	45.27
1.224	23.28	45.27
1.225	23.28	45.27
1.225	23.25	45.27
1.226	23.22	45.27
1.226	23.15	45.27
1.227	23.12	45.27
1.228	23.12	45.27
1.229	23.08	45.27
1.230	23.06	45.27
1.230	23.06	45.27
1.231	23.05	45.27
1.231	23.04	45.27
1.232	23.03	45.27
1.232	23.00	45.27
1.233	23.00	45.27
1.233	22.99	45.27
1.233	22.98	45.27
1.234	22.97	45.27
1.234	22.95	45.27
1.235	22.94	45.27
1.235	22.94	45.27
1.236	22.93	45.27
1.236	22.92	45.27
1.236	22.91	45.27
1.237	22.90	45.27
1.237	22.89	45.27
1.237	22.89	45.27
1.238	22.88	45.27
1.238	22.88	45.27
1.238	22.86	45.27
1.239	22.85	45.27
1.239	22.85	45.27
1.239	22.84	45.27
1.240	22.83	45.27
1.240	22.83	45.27
1.240	22.83	45.27
1.240	22.83	45.27
1.241	22.80	45.27
1.241	22.80	45.27
1.242	22.79	45.27
1.242	22.78	45.27
1.243	22.77	45.27
1.243	22.76	45.27
1.243	22.76	45.27
1.244	22.76	45.27
1.244	22.74	45.27
1.245	22.74	45.27
1.245	22.74	45.27
1.246	22.72	45.27
1.246	22.71	45.27
1.246	22.71	45.27
1.247	22.71	45.27
1.247	22.71	45.27
1.247	22.69	45.27
1.247	22.70	45.27
1.247	22.70	45.27
1.248	22.68	45.27
1.248	22.68	45.27
1.248	22.68	45.27
1.248	22.67	45.27
1.249	22.66	45.27
1.249	22.65	45.27
1.249	22.65	45.27
1.249	22.65	45.27
1.250	22.65	45.27
1.250	22.65	45.27
1.250	22.64	45.27
1.251	22.64	45.27
1.251	22.64	45.27
1.251	22.64	45.27
1.251	22.64	45.27
1.252	22.64	45.27
1.252	22.63	45.27
1.252	22.63	45.27
1.253	22.63	45.27
1.253	22.63	45.27
1.253	22.63	45.27
1.254	22.62	45.27
1.254	22.62	45.27
1.254	22.62	45.27
1.255	22.62	45.27
1.255	22.62	45.27
1.255	22.61	45.27
1.256	22.61	45.27
1.256	22.61	45.27
1.256	22.61	45.27
1.257	22.61	45.27
1.257	22.60	45.27
1.258	22.60	45.27
1.258	22.60	45.27
1.258	22.60	45.27
1.258	22.60	45.27
1.259	22.60	45.27
1.259	22.59	45.27
1.259	22.59	45.27
1.260	22.58	45.27
1.261	22.58	45.27
1.261	22.58	45.27
1.261	22.58	45.27
1.262	22.58	45.27
1.262	22.57	45.27
1.262	22.57	45.27
1.262	22.57	45.27
1.263	22.57	45.27
1.263	22.56	45.27
1.263	22.56	45.27
1.264	22.55	45.27
1.264	22.54	45.27
1.264	22.53	45.27
1.264	22.53	45.27
1.265	22.53	45.27
1.265	22.52	45.27
1.265	22.52	45.27
1.265	22.52	45.27
1.266	22.52	45.27
1.266	22.52	45.27
1.266	22.51	45.27
1.267	22.49	45.27
1.267	22.47	45.27
1.267	22.46	45.27
1.267	22.45	45.27
1.268	22.44	45.27
1.268	22.43	45.27
1.269	22.42	45.27
1.269	22.41	45.27
1.269	22.40	45.27
1.269	22.39	45.27
1.270	22.39	45.27
1.270	22.38	45.27
1.271	22.38	45.27
1.271	22.37	45.27
1.271	22.35	45.27
1.272	22.34	45.27
1.272	22.32	45.27
1.272	22.31	45.27
1.273	22.30	45.27
1.273	22.29	45.27
1.273	22.29	45.27
1.273	22.29	45.27
1.273	22.28	45.27
1.273	22.28	45.27
1.273	22.27	45.27
1.274	22.27	45.27
1.274	22.27	45.27
1.274	22.26	45.27
1.274	22.25	45.27
1.274	22.25	45.27
1.275	22.24	45.27
1.275	22.23	45.27
1.275	22.22	45.27
1.275	22.21	45.27
1.275	22.21	45.27
1.275	22.20	45.27
1.276	22.19	45.27
1.276	22.17	45.27
1.276	22.17	45.27
1.276	22.17	45.27
1.276	22.17	45.27
1.276	22.17	45.27
1.276	22.17	45.27
1.276	22.17	45.27
1.276	22.17	45.27
1.276	22.17	45.27
1.276	22.17	45.27
1.277	22.16	45.27
1.277	22.16	45.27
1.277	22.16	45.27
1.277	22.15	45.27
1.278	22.15	45.27
1.278	22.14	45.27
1.279	22.13	45.27
1.280	22.11	45.27
1.280	22.10	45.27
1.281	22.09	45.27
1.281	22.08	45.27
1.281	22.08	45.27
1.281	22.07	45.27
1.282	22.06	45.27
1.282	22.06	45.27
1.282	22.05	45.27
1.282	22.04	45.27
1.283	22.04	45.27
1.283	22.03	45.27
1.284	22.02	45.27
1.284	22.01	45.27
1.285	22.00	45.27
1.285	22.00	45.26
1.285	21.99	45.26
1.286	21.99	45.26
1.286	21.98	45.26
1.287	21.97	45.26
1.287	21.96	45.26
1.288	21.95	45.26
1.288	21.93	45.26
1.289	21.93	45.26
1.289	21.92	45.26
1.289	21.92	45.26
1.289	21.92	45.26
1.290	21.91	45.26
1.290	21.90	45.26
1.290	21.90	45.26
1.291	21.89	45.26
1.292	21.88	45.26
1.292	21.87	45.26
1.293	21.87	45.26
1.293	21.86	45.26
1.294	21.86	45.26
1.294	21.85	45.26
1.294	21.84	45.26
1.295	21.84	45.26
1.295	21.83	45.26
1.295	21.83	45.26
1.296	21.82	45.26
1.296	21.82	45.26
1.296	21.81	45.26
1.296	21.81	45.26
1.297	21.79	45.26
1.298	21.79	45.26
1.298	21.78	45.26
1.298	21.77	45.26
1.299	21.77	45.26
1.299	21.76	45.26
1.299	21.75	45.26
1.299	21.75	45.26
1.299	21.75	45.26
1.300	21.74	45.26
1.300	21.74	45.26
1.300	21.73	45.26
1.300	21.73	45.26
1.301	21.72	45.26
1.301	21.71	45.26
1.303	21.69	45.26
1.303	21.68	45.26
1.303	21.68	45.26
1.304	21.67	45.26
1.305	21.65	45.26
1.305	21.65	45.26
1.306	21.64	45.26
1.306	21.63	45.26
1.306	21.63	45.26
1.306	21.62	45.26
1.307	21.62	45.26
1.307	21.61	45.26
1.308	21.60	45.26
1.308	21.59	45.26
1.309	21.58	45.26
1.309	21.57	45.26
1.310	21.56	45.26
1.310	21.55	45.26
1.310	21.55	45.26
1.311	21.54	45.25
1.311	21.52	45.25
1.312	21.52	45.25
1.312	21.51	45.25
1.313	21.50	45.25
1.314	21.49	45.25
1.314	21.48	45.25
1.314	21.48	45.25
1.315	21.46	45.25
1.315	21.45	45.25
1.316	21.45	45.25
1.316	21.44	45.25
1.317	21.42	45.25
1.318	21.42	45.25
1.318	21.41	45.25
1.318	21.41	45.25
1.319	21.40	45.25
1.319	21.39	45.25
1.320	21.39	45.25
1.320	21.38	45.25
1.320	21.38	45.25
1.321	21.37	45.25
1.321	21.36	45.25
1.322	21.36	45.25
1.322	21.36	45.25
1.322	21.35	45.25
1.323	21.35	45.25
1.323	21.34	45.25
1.323	21.33	45.25
1.324	21.33	45.25
1.325	21.32	45.25
1.325	21.31	45.25
1.326	21.29	45.25
1.327	21.27	45.25
1.328	21.26	45.25
1.329	21.24	45.25
1.330	21.23	45.25
1.330	21.23	45.25
1.330	21.22	45.25
1.332	21.20	45.25
1.333	21.18	45.25
1.333	21.17	45.25
1.334	21.16	45.25
1.335	21.14	45.25
1.336	21.13	45.25
1.336	21.13	45.25
1.337	21.11	45.25
1.337	21.10	45.25
1.338	21.10	45.24
1.338	21.08	45.25
1.339	21.07	45.24
1.339	21.05	45.24
1.340	21.04	45.24
1.341	21.04	45.24
1.341	21.03	45.24
1.341	21.02	45.24
1.341	21.02	45.24
1.341	21.01	45.24
1.342	21.01	45.24
1.342	21.00	45.24
1.342	21.00	45.24
1.343	20.99	45.24
1.343	20.98	45.24
1.344	20.98	45.24
1.344	20.97	45.24
1.345	20.96	45.24
1.345	20.95	45.24
1.345	20.95	45.24
1.346	20.94	45.24
1.346	20.93	45.24
1.346	20.93	45.24
1.347	20.93	45.23
1.347	20.92	45.23
1.348	20.91	45.23
1.348	20.91	45.23
1.349	20.91	45.23
1.349	20.90	45.23
1.350	20.89	45.23
1.350	20.89	45.23
1.350	20.89	45.23
1.351	20.88	45.23
1.351	20.87	45.23
1.352	20.86	45.23
1.352	20.85	45.23
1.353	20.84	45.23
1.353	20.84	45.23
1.354	20.82	45.23
1.355	20.81	45.23
1.356	20.80	45.23
1.356	20.79	45.23
1.357	20.78	45.23
1.357	20.77	45.23
1.358	20.76	45.23
1.359	20.75	45.23
1.360	20.73	45.23
1.361	20.71	45.23
1.362	20.70	45.23
1.363	20.68	45.23
1.363	20.68	45.23
1.364	20.67	45.23
1.365	20.65	45.23
1.365	20.64	45.23
1.366	20.62	45.23
1.367	20.61	45.23
1.367	20.60	45.23
1.368	20.59	45.23
1.369	20.58	45.23
1.369	20.57	45.23
1.369	20.56	45.23
1.370	20.56	45.22
1.370	20.55	45.22
1.371	20.54	45.22
1.372	20.53	45.22
1.373	20.51	45.22
1.374	20.50	45.22
1.374	20.49	45.22
1.375	20.48	45.22
1.376	20.46	45.22
1.377	20.45	45.22
1.377	20.45	45.22
1.378	20.44	45.22
1.378	20.43	45.22
1.378	20.43	45.22
1.379	20.42	45.22
1.379	20.42	45.22
1.380	20.42	45.22
1.380	20.41	45.22
1.381	20.40	45.22
1.381	20.39	45.22
1.382	20.39	45.22
1.383	20.38	45.22
1.383	20.37	45.22
1.384	20.36	45.22
1.384	20.35	45.22
1.384	20.35	45.22
1.385	20.34	45.22
1.385	20.33	45.22
1.386	20.32	45.22
1.387	20.31	45.22
1.387	20.31	45.22
1.387	20.30	45.22
1.388	20.29	45.22
1.390	20.27	45.22
1.390	20.26	45.22
1.391	20.24	45.22
1.392	20.23	45.22
1.394	20.21	45.22
1.395	20.19	45.21
1.395	20.18	45.21
1.396	20.17	45.21
1.396	20.16	45.21
1.397	20.14	45.21
1.398	20.14	45.21
1.398	20.13	45.21
1.399	20.11	45.21
1.399	20.11	45.21
1.400	20.10	45.21
1.400	20.10	45.21
1.401	20.09	45.21
1.401	20.08	45.21
1.402	20.07	45.21
1.402	20.06	45.21
1.403	20.04	45.21
1.404	20.03	45.21
1.405	20.02	45.21
1.405	20.01	45.21
1.406	20.00	45.21
1.407	19.99	45.20
1.407	19.98	45.20
1.408	19.97	45.20
1.409	19.96	45.20
1.409	19.95	45.20
1.409	19.94	45.20
1.410	19.94	45.20
1.410	19.94	45.20
1.410	19.93	45.20
1.411	19.93	45.20
1.411	19.93	45.20
1.412	19.92	45.20
1.412	19.91	45.20
1.413	19.91	45.20
1.413	19.90	45.20
1.414	19.89	45.20
1.414	19.89	45.20
1.415	19.88	45.20
1.416	19.87	45.20
1.416	19.86	45.20
1.417	19.85	45.20
1.417	19.84	45.20
1.417	19.84	45.20
1.418	19.83	45.20
1.419	19.82	45.20
1.420	19.80	45.20
1.421	19.79	45.20
1.422	19.77	45.20
1.423	19.76	45.20
1.424	19.75	45.20
1.425	19.73	45.20
1.426	19.72	45.20
1.427	19.70	45.20
1.428	19.68	45.20
1.429	19.66	45.20
1.430	19.65	45.20
1.431	19.64	45.20
1.431	19.63	45.20
1.432	19.62	45.20
1.432	19.61	45.20
1.433	19.60	45.20
1.433	19.60	45.20
1.434	19.59	45.20
1.434	19.58	45.20
1.435	19.57	45.19
1.436	19.56	45.19
1.436	19.54	45.19
1.437	19.53	45.19
1.438	19.51	45.19
1.439	19.51	45.19
1.439	19.50	45.19
1.440	19.49	45.19
1.440	19.49	45.19
1.441	19.48	45.19
1.442	19.47	45.19
1.442	19.46	45.19
1.443	19.45	45.19
1.444	19.45	45.19
1.444	19.44	45.19
1.445	19.43	45.19
1.446	19.42	45.19
1.446	19.41	45.19
1.447	19.40	45.19
1.448	19.39	45.19
1.449	19.38	45.19
1.450	19.37	45.19
1.451	19.36	45.19
1.451	19.34	45.19
1.452	19.33	45.19
1.453	19.31	45.19
1.455	19.29	45.19
1.455	19.29	45.19
1.456	19.28	45.19
1.457	19.27	45.19
1.458	19.26	45.19
1.459	19.23	45.19
1.460	19.22	45.18
1.460	19.20	45.18
1.461	19.19	45.18
1.462	19.18	45.18
1.463	19.16	45.18
1.464	19.15	45.18
1.464	19.15	45.18
1.465	19.14	45.18
1.465	19.13	45.18
1.467	19.12	45.18
1.467	19.11	45.18
1.468	19.09	45.18
1.469	19.08	45.18
1.469	19.08	45.18
1.469	19.07	45.18
1.470	19.07	45.18
1.470	19.06	45.18
1.470	19.06	45.18
1.470	19.05	45.18
1.471	19.05	45.18
1.472	19.03	45.18
1.472	19.03	45.18
1.473	19.03	45.18
1.473	19.02	45.18
1.473	19.02	45.18
1.474	19.01	45.18
1.475	19.00	45.18
1.475	18.99	45.18
1.476	18.99	45.18
1.476	18.99	45.18
1.477	18.98	45.17
1.477	18.97	45.17
1.478	18.96	45.17
1.479	18.96	45.17
1.479	18.95	45.17
1.480	18.94	45.17
1.480	18.92	45.17
1.481	18.92	45.17
1.481	18.92	45.17
1.482	18.91	45.17
1.482	18.91	45.17
1.483	18.90	45.17
1.483	18.89	45.17
1.484	18.89	45.16
1.484	18.88	45.16
1.484	18.88	45.16
1.485	18.87	45.16
1.486	18.86	45.16
1.487	18.85	45.16
1.487	18.84	45.16
1.487	18.84	45.16
1.487	18.84	45.16
1.487	18.84	45.16
1.487	18.84	45.16
1.488	18.83	45.16
1.490	18.80	45.16
1.491	18.79	45.16
1.492	18.78	45.16
1.493	18.76	45.16
1.493	18.75	45.16
1.494	18.74	45.16
1.494	18.74	45.16
1.494	18.74	45.16
1.494	18.73	45.16
1.494	18.73	45.15
1.494	18.73	45.15
1.494	18.72	45.15
1.495	18.71	45.15
1.496	18.70	45.15
1.496	18.69	45.15
1.497	18.69	45.15
1.498	18.67	45.15
1.499	18.66	45.15
1.499	18.65	45.15
1.501	18.64	45.15
1.501	18.63	45.15
1.501	18.62	45.15
1.502	18.61	45.15
1.502	18.61	45.15
1.503	18.59	45.15
1.504	18.58	45.15
1.504	18.58	45.15
1.505	18.57	45.15
1.505	18.57	45.15
1.506	18.56	45.15
1.507	18.54	45.15
1.509	18.54	45.14
1.509	18.52	45.14
1.510	18.52	45.14
1.510	18.51	45.14
1.511	18.51	45.14
1.511	18.50	45.14
1.512	18.49	45.14
1.513	18.48	45.14
1.514	18.47	45.14
1.515	18.46	45.14
1.516	18.45	45.14
1.517	18.44	45.13
1.518	18.42	45.13
1.519	18.41	45.13
1.520	18.40	45.13
1.520	18.39	45.13
1.521	18.38	45.13
1.522	18.38	45.13
1.523	18.36	45.13
1.525	18.34	45.13
1.527	18.31	45.13
1.528	18.30	45.13
1.529	18.29	45.13
1.530	18.28	45.13
1.530	18.27	45.13
1.531	18.26	45.13
1.532	18.25	45.13
1.533	18.24	45.13
1.534	18.22	45.13
1.534	18.21	45.13
1.535	18.20	45.13
1.536	18.18	45.13
1.538	18.17	45.13
1.540	18.14	45.13
1.541	18.12	45.13
1.543	18.10	45.12
1.545	18.08	45.12
1.546	18.06	45.12
1.547	18.06	45.12
1.547	18.05	45.12
1.548	18.05	45.12
1.548	18.04	45.12
1.548	18.04	45.12
1.549	18.03	45.12
1.550	18.02	45.12
1.550	18.02	45.12
1.550	18.02	45.12
1.551	18.00	45.12
1.553	17.99	45.12
1.554	17.98	45.12
1.555	17.97	45.12
1.556	17.96	45.12
1.556	17.94	45.12
1.557	17.94	45.12
1.557	17.93	45.12
1.558	17.92	45.12
1.560	17.90	45.12
1.561	17.88	45.12
1.563	17.87	45.12
1.563	17.86	45.12
1.564	17.85	45.12
1.565	17.83	45.12
1.566	17.82	45.12
1.568	17.80	45.12
1.569	17.79	45.12
1.571	17.77	45.12
1.572	17.75	45.11
1.573	17.73	45.11
1.575	17.71	45.11
1.576	17.69	45.11
1.578	17.67	45.11
1.580	17.65	45.11
1.581	17.64	45.11
1.582	17.62	45.11
1.583	17.61	45.11
1.583	17.61	45.11
1.584	17.60	45.11
1.584	17.59	45.11
1.585	17.58	45.11
1.586	17.57	45.11
1.587	17.56	45.11
1.589	17.55	45.11
1.590	17.53	45.11
1.592	17.52	45.11
1.593	17.51	45.11
1.594	17.50	45.11
1.594	17.48	45.11
1.595	17.47	45.11
1.596	17.47	45.11
1.597	17.46	45.10
1.597	17.45	45.10
1.598	17.44	45.10
1.599	17.42	45.10
1.602	17.40	45.10
1.604	17.38	45.10
1.606	17.36	45.10
1.606	17.35	45.10
1.607	17.34	45.10
1.608	17.33	45.10
1.608	17.33	45.10
1.608	17.32	45.10
1.608	17.32	45.10
1.609	17.32	45.10
1.608	17.31	45.10
1.608	17.32	45.10
1.608	17.31	45.10
1.609	17.31	45.10
1.610	17.30	45.10
1.610	17.29	45.10
1.611	17.28	45.10
1.612	17.28	45.10
1.612	17.27	45.10
1.613	17.26	45.10
1.614	17.25	45.10
1.614	17.24	45.10
1.615	17.23	45.10
1.616	17.21	45.10
1.617	17.21	45.10
1.617	17.20	45.10
1.618	17.19	45.10
1.620	17.17	45.10
1.621	17.16	45.10
1.622	17.15	45.10
1.624	17.13	45.10
1.625	17.12	45.10
1.626	17.11	45.09
1.627	17.10	45.09
1.628	17.10	45.09
1.629	17.09	45.09
1.630	17.08	45.09
1.631	17.07	45.09
1.632	17.06	45.09
1.632	17.05	45.09
1.633	17.05	45.09
1.634	17.04	45.09
1.635	17.03	45.09
1.636	17.02	45.09
1.636	17.01	45.09
1.637	17.00	45.09
1.637	16.99	45.09
1.638	16.99	45.09
1.639	16.97	45.09
1.640	16.97	45.09
1.640	16.96	45.09
1.640	16.96	45.09
1.640	16.96	45.09
1.641	16.95	45.09
1.641	16.95	45.09
1.642	16.94	45.09
1.643	16.93	45.09
1.644	16.92	45.09
1.646	16.91	45.09
1.647	16.89	45.09
1.648	16.88	45.09
1.649	16.87	45.09
1.649	16.86	45.09
1.650	16.85	45.09
1.651	16.83	45.09
1.652	16.82	45.09
1.653	16.81	45.08
1.654	16.80	45.08
1.655	16.79	45.08
1.655	16.79	45.08
1.656	16.78	45.08
1.656	16.76	45.08
1.658	16.75	45.08
1.659	16.74	45.08
1.660	16.73	45.08
1.661	16.72	45.08
1.661	16.71	45.08
1.662	16.70	45.08
1.663	16.69	45.08
1.664	16.68	45.08
1.666	16.67	45.08
1.667	16.66	45.08
1.668	16.65	45.08
1.669	16.64	45.08
1.669	16.64	45.07
1.670	16.63	45.08
1.670	16.63	45.07
1.671	16.62	45.07
1.672	16.61	45.07
1.673	16.60	45.07
1.673	16.60	45.07
1.674	16.59	45.07
1.675	16.59	45.07
1.676	16.57	45.07
1.678	16.56	45.07
1.680	16.54	45.07
1.682	16.52	45.07
1.683	16.50	45.07
1.685	16.48	45.07
1.687	16.46	45.07
1.689	16.45	45.07
1.691	16.42	45.07
1.693	16.40	45.07
1.695	16.37	45.07
1.697	16.35	45.07
1.699	16.34	45.07
1.700	16.33	45.07
1.701	16.31	45.07
1.703	16.29	45.07
1.704	16.28	45.07
1.706	16.25	45.07
1.707	16.24	45.07
1.708	16.23	45.07
1.708	16.22	45.07
1.710	16.20	45.07
1.712	16.19	45.07
1.714	16.17	45.07
1.717	16.16	45.07
1.719	16.14	45.07
1.721	16.12	45.07
1.723	16.11	45.06
1.723	16.10	45.06
1.723	16.10	45.06
1.723	16.09	45.06
1.724	16.09	45.06
1.724	16.08	45.06
1.724	16.08	45.06
1.725	16.07	45.06
1.726	16.06	45.06
1.727	16.06	45.06
1.727	16.05	45.06
1.728	16.04	45.06
1.731	16.02	45.06
1.732	16.00	45.06
1.733	15.99	45.06
1.734	15.98	45.06
1.735	15.96	45.06
1.737	15.95	45.06
1.737	15.94	45.06
1.738	15.93	45.06
1.739	15.92	45.06
1.740	15.91	45.06
1.741	15.90	45.06
1.742	15.88	45.06
1.744	15.86	45.06
1.745	15.84	45.06
1.747	15.83	45.06
1.748	15.81	45.06
1.749	15.80	45.06
1.749	15.79	45.06
1.750	15.78	45.06
1.750	15.77	45.06
1.751	15.76	45.06
1.751	15.76	45.06
1.751	15.75	45.06
1.751	15.75	45.06
1.752	15.74	45.06
1.753	15.73	45.06
1.753	15.72	45.06
1.753	15.72	45.06
1.754	15.69	45.06
1.755	15.69	45.06
1.756	15.68	45.06
1.757	15.67	45.06
1.759	15.66	45.06
1.761	15.65	45.06
1.763	15.64	45.06
1.764	15.63	45.06
1.765	15.63	45.06
1.766	15.62	45.06
1.767	15.62	45.06
1.769	15.61	45.06
1.771	15.59	45.06
1.772	15.59	45.06
1.774	15.58	45.06
1.777	15.56	45.06
1.779	15.56	45.06
1.780	15.53	45.06
1.781	15.52	45.06
1.781	15.49	45.06
1.783	15.48	45.06
1.784	15.47	45.06
1.786	15.45	45.06
1.787	15.44	45.06
1.788	15.42	45.06
1.789	15.40	45.06
1.790	15.39	45.06
1.791	15.38	45.06
1.792	15.36	45.06
1.793	15.35	45.06
1.793	15.34	45.06
1.794	15.33	45.06
1.796	15.32	45.06
1.797	15.31	45.06
1.798	15.29	45.06
1.799	15.28	45.06
1.800	15.27	45.06
1.801	15.27	45.06
1.802	15.26	45.06
1.803	15.26	45.06
1.804	15.24	45.06
1.806	15.22	45.06
1.807	15.22	45.06
1.808	15.20	45.06
1.809	15.20	45.06
1.811	15.20	45.06
1.812	15.18	45.06
1.813	15.18	45.06
1.814	15.17	45.06
1.814	15.16	45.06
1.815	15.16	45.06
1.817	15.16	45.06
1.818	15.15	45.06
1.820	15.14	45.06
1.821	15.13	45.06
1.822	15.13	45.06
1.823	15.12	45.06
1.824	15.11	45.06
1.825	15.10	45.06
1.826	15.10	45.06
1.827	15.09	45.06
1.829	15.08	45.06
1.830	15.05	45.06
1.833	15.03	45.06
1.834	15.01	45.06
1.836	14.98	45.06
1.838	14.97	45.06
1.841	14.93	45.06
1.842	14.93	45.06
1.843	14.92	45.06
1.845	14.90	45.06
1.847	14.88	45.06
1.848	14.87	45.06
1.850	14.84	45.06
1.851	14.84	45.06
1.853	14.83	45.06
1.854	14.81	45.06
1.854	14.81	45.06
1.855	14.79	45.06
1.857	14.79	45.06
1.858	14.78	45.06
1.859	14.76	45.06
1.860	14.76	45.06
1.860	14.75	45.06
1.861	14.74	45.06
1.863	14.73	45.06
1.864	14.72	45.06
1.865	14.72	45.06
1.866	14.72	45.06
1.867	14.70	45.06
1.869	14.69	45.06
1.871	14.69	45.06
1.872	14.68	45.06
1.874	14.67	45.06
1.875	14.65	45.06
1.877	14.64	45.06
1.879	14.64	45.06
1.880	14.62	45.06
1.881	14.62	45.06
1.883	14.61	45.06
1.884	14.59	45.06
1.886	14.59	45.06
1.887	14.57	45.06
1.889	14.55	45.06
1.891	14.54	45.06
1.892	14.51	45.06
1.894	14.51	45.06
1.895	14.50	45.06
1.895	14.49	45.06
1.897	14.49	45.06
1.898	14.48	45.06
1.900	14.46	45.06
1.901	14.46	45.06
1.902	14.43	45.06
1.904	14.42	45.06
1.906	14.41	45.06
1.908	14.39	45.06
1.909	14.38	45.06
1.910	14.37	45.06
1.911	14.36	45.06
1.912	14.35	45.06
1.913	14.34	45.06
1.914	14.34	45.06
1.914	14.33	45.06
1.915	14.32	45.06
1.916	14.31	45.06
1.917	14.28	45.06
1.918	14.28	45.06
1.919	14.28	45.06
1.919	14.26	45.06
1.920	14.27	45.06
1.921	14.27	45.06
1.922	14.25	45.06
1.923	14.25	45.06
1.924	14.24	45.06
1.925	14.24	45.06
1.926	14.23	45.06
1.928	14.21	45.06
1.930	14.21	45.06
1.931	14.20	45.06
1.932	14.19	45.06
1.932	14.19	45.06
1.932	14.19	45.06
1.935	14.16	45.06
1.937	14.15	45.06
1.939	14.14	45.06
1.940	14.14	45.06
1.941	14.13	45.06
1.941	14.13	45.06
1.941	14.12	45.06
1.942	14.12	45.06
1.943	14.10	45.06
1.945	14.10	45.06
1.945	14.08	45.06
1.946	14.08	45.06
1.948	14.07	45.06
1.951	14.05	45.06
1.951	14.05	45.06
1.952	14.05	45.06
1.953	14.02	45.06
1.955	14.01	45.06
1.957	13.99	45.06
1.958	13.98	45.06
1.959	13.98	45.06
1.960	13.97	45.06
1.960	13.97	45.06
1.960	13.97	45.06
1.961	13.95	45.06
1.961	13.96	45.06
1.961	13.96	45.06
1.961	13.95	45.06
1.962	13.94	45.06
1.963	13.92	45.06
1.964	13.92	45.06
1.964	13.93	45.06
1.965	13.92	45.06
1.965	13.92	45.06
1.967	13.91	45.06
1.968	13.90	45.06
1.969	13.89	45.06
1.970	13.86	45.06
1.972	13.86	45.06
1.973	13.85	45.06
1.975	13.83	45.06
1.976	13.83	45.06
1.977	13.83	45.06
1.979	13.81	45.06
1.982	13.80	45.06
1.984	13.78	45.06
1.985	13.78	45.06
1.986	13.78	45.06
1.987	13.75	45.06
1.988	13.76	45.06
1.989	13.75	45.06
1.990	13.73	45.06
1.991	13.73	45.06
1.993	13.74	45.06
1.994	13.72	45.06
1.995	13.72	45.06
1.997	13.71	45.06
1.999	13.70	45.06
2.000	13.69	45.06
2.001	13.67	45.06
2.001	13.64	45.06
2.001	13.63	45.06
2.002	13.62	45.06
2.003	13.62	45.06
2.004	13.60	45.06
2.006	13.59	45.06
2.008	13.59	45.06
2.009	13.58	45.06
2.010	13.57	45.06
2.012	13.55	45.06
2.012	13.55	45.06
2.014	13.54	45.06
2.016	13.52	45.06
2.019	13.50	45.06
2.021	13.49	45.06
2.023	13.47	45.06
2.024	13.47	45.06
2.026	13.46	45.06
2.028	13.44	45.06
2.031	13.42	45.06
2.033	13.39	45.06
2.035	13.39	45.06
2.037	13.38	45.06
2.038	13.37	45.06
2.039	13.36	45.06
2.041	13.36	45.06
2.042	13.34	45.06
2.043	13.33	45.06
2.044	13.33	45.06
2.045	13.32	45.06
2.046	13.30	45.06
2.047	13.27	45.06
2.049	13.28	45.06
2.049	13.29	45.06
2.050	13.27	45.06
2.052	13.28	45.06
2.054	13.26	45.06
2.056	13.25	45.06
2.057	13.25	45.06
2.058	13.23	45.06
2.059	13.22	45.06
2.060	13.23	45.06
2.061	13.21	45.06
2.062	13.21	45.06
2.063	13.20	45.06
2.064	13.19	45.06
2.065	13.19	45.06
2.066	13.17	45.05
2.067	13.17	45.06
2.067	13.18	45.05
2.067	13.16	45.06
2.068	13.17	45.06
2.069	13.16	45.05
2.069	13.15	45.05
2.069	13.16	45.05
2.070	13.14	45.05
2.072	13.14	45.05
2.073	13.14	45.05
2.074	13.13	45.05
2.074	13.13	45.05
2.074	13.13	45.05
2.077	13.09	45.05
2.078	13.09	45.05
2.079	13.08	45.05
2.080	13.07	45.05
2.083	13.06	45.05
2.085	13.03	45.05
2.088	13.03	45.05
2.090	13.01	45.05
2.091	12.99	45.05
2.091	13.00	45.05
2.091	12.99	45.05
2.091	12.99	45.05
2.091	13.00	45.05
2.092	12.98	45.05
2.092	12.98	45.05
2.094	12.96	45.05
2.096	12.94	45.05
2.097	12.95	45.05
2.098	12.93	45.05
2.099	12.93	45.05
2.102	12.93	45.05
2.105	12.90	45.05
2.108	12.87	45.05
2.112	12.85	45.05
2.114	12.83	45.05
2.116	12.83	45.05
2.118	12.82	45.05
2.120	12.81	45.05
2.122	12.80	45.05
2.124	12.79	45.05
2.125	12.78	45.05
2.127	12.78	45.05
2.129	12.76	45.05
2.131	12.75	45.05
2.133	12.73	45.05
2.134	12.72	45.05
2.136	12.72	45.05
2.138	12.69	45.04
2.139	12.69	45.04
2.142	12.69	45.04
2.145	12.65	45.04
2.148	12.64	45.04
2.150	12.63	45.04
2.152	12.61	45.04
2.154	12.61	45.04
2.155	12.58	45.04
2.157	12.58	45.04
2.158	12.58	45.04
2.159	12.55	45.04
2.161	12.56	45.04
2.162	12.54	45.04
2.163	12.52	45.03
2.164	12.53	45.03
2.166	12.51	45.03
2.167	12.50	45.03
2.168	12.50	45.03
2.170	12.48	45.03
2.170	12.47	45.03
2.171	12.47	45.03
2.172	12.46	45.03
2.173	12.46	45.03
2.174	12.46	45.03
2.177	12.44	45.03
2.177	12.45	45.03
2.178	12.42	45.03
2.179	12.42	45.03
2.181	12.40	45.03
2.183	12.39	45.03
2.183	12.40	45.03
2.183	12.40	45.03
2.184	12.39	45.03
2.186	12.38	45.03
2.188	12.37	45.03
2.189	12.37	45.03
2.190	12.37	45.03
2.192	12.35	45.03
2.195	12.33	45.03
2.198	12.30	45.03
2.200	12.30	45.03
2.201	12.31	45.03
2.202	12.29	45.03
2.204	12.29	45.03
2.206	12.29	45.03
2.207	12.26	45.03
2.209	12.26	45.03
2.210	12.25	45.03
2.212	12.22	45.03
2.213	12.23	45.03
2.215	12.21	45.03
2.217	12.20	45.02
2.220	12.19	45.02
2.222	12.17	45.02
2.224	12.16	45.02
2.226	12.15	45.02
2.228	12.13	45.02
2.230	12.13	45.02
2.231	12.13	45.02
2.232	12.11	45.02
2.234	12.11	45.02
2.235	12.07	45.02
2.237	12.07	45.02
2.239	12.08	45.02
2.240	12.05	45.02
2.241	12.06	45.02
2.242	12.04	45.02
2.243	12.03	45.02
2.244	12.03	45.02
2.246	12.01	45.02
2.247	12.01	45.02
2.248	12.00	45.02
2.249	11.99	45.02
2.250	11.99	45.02
2.252	11.98	45.02
2.254	11.96	45.02
2.256	11.96	45.02
2.258	11.94	45.02
2.260	11.93	45.02
2.261	11.93	45.02
2.262	11.91	45.02
2.263	11.92	45.02
2.264	11.91	45.02
2.264	11.90	45.02
2.264	11.91	45.02
2.265	11.89	45.02
2.266	11.89	45.02
2.267	11.89	45.02
2.268	11.87	45.02
2.269	11.88	45.02
2.269	11.87	45.02
2.270	11.86	45.02
2.271	11.87	45.02
2.272	11.85	45.02
2.274	11.85	45.02
2.276	11.85	45.02
2.278	11.83	45.01
2.281	11.82	45.01
2.283	11.81	45.01
2.285	11.80	45.01
2.286	11.80	45.01
2.288	11.78	45.01
2.290	11.78	45.01
2.291	11.77	45.01
2.292	11.75	45.01
2.292	11.76	45.01
2.293	11.76	45.01
2.294	11.74	45.01
2.295	11.74	45.01
2.296	11.74	45.01
2.297	11.73	45.01
2.298	11.73	45.01
2.299	11.72	45.01
2.300	11.73	45.01
2.301	11.72	45.01
2.304	11.68	45.01
2.307	11.69	45.00
2.310	11.66	45.00
2.312	11.66	45.00
2.313	11.65	45.00
2.314	11.63	45.00
2.315	11.62	45.00
2.317	11.62	45.00
2.319	11.60	45.00
2.321	11.60	45.00
2.322	11.59	45.00
2.324	11.58	45.00
2.326	11.57	45.00
2.329	11.53	45.00
2.333	11.52	45.00
2.335	11.52	45.00
2.336	11.51	45.00
2.336	11.51	45.00
2.336	11.51	45.00
2.337	11.50	45.00
2.338	11.50	45.00
2.338	11.50	45.00
2.340	11.49	45.00
2.341	11.49	45.00
2.343	11.48	45.00
2.345	11.46	45.00
2.347	11.46	45.00
2.350	11.45	45.00
2.351	11.45	45.00
2.352	11.44	45.00
2.355	11.42	45.00
2.358	11.39	45.00
2.362	11.37	45.00
2.365	11.37	45.00
2.369	11.37	45.00
2.373	11.35	45.00
2.375	11.34	45.00
2.378	11.31	45.00
2.379	11.31	45.00
2.381	11.31	45.00
2.382	11.29	45.00
2.383	11.28	45.00
2.385	11.28	45.00
2.388	11.26	45.00
2.390	11.25	45.00
2.392	11.24	45.00
2.393	11.23	45.00
2.393	11.24	45.00
2.395	11.22	45.00
2.397	11.20	45.00
2.401	11.20	45.00
2.405	11.16	45.00
2.407	11.15	45.00
2.409	11.13	45.00
2.411	11.12	45.00
2.412	11.12	45.00
2.413	11.11	45.00
2.413	11.11	45.00
2.414	11.11	45.00
2.414	11.10	45.00
2.416	11.11	45.00
2.417	11.10	45.00
2.418	11.09	45.00
2.419	11.08	45.00
2.420	11.07	45.00
2.422	11.07	45.00
2.424	11.06	45.00
2.426	11.04	45.00
2.429	11.03	45.00
2.432	11.02	45.00
2.434	11.00	45.00
2.437	10.98	45.00
2.440	10.97	45.00
2.441	10.96	45.00
2.442	10.96	45.00
2.443	10.95	45.00
2.443	10.95	45.00
2.443	10.95	45.00
2.443	10.95	45.00
2.444	10.94	45.00
2.446	10.93	45.00
2.447	10.93	45.01
2.449	10.93	45.01
2.452	10.91	45.01
2.453	10.92	45.01
2.456	10.91	45.01
2.459	10.89	45.01
2.460	10.89	45.01
2.460	10.89	45.01
2.460	10.89	45.01
2.460	10.89	45.01
2.459	10.89	45.01
2.459	10.89	45.01
2.459	10.89	45.01
2.459	10.88	45.01
2.460	10.88	45.01
2.462	10.87	45.01
2.464	10.86	45.01
2.467	10.85	45.02
2.471	10.83	45.02
2.472	10.82	45.02
2.473	10.82	45.02
2.475	10.79	45.02
2.477	10.79	45.02
2.479	10.79	45.02
2.482	10.77	45.02
2.483	10.77	45.02
2.484	10.76	45.02
2.485	10.76	45.02
2.486	10.76	45.02
2.486	10.75	45.02
2.487	10.74	45.02
2.488	10.74	45.02
2.488	10.74	45.02
2.487	10.74	45.02
2.488	10.74	45.02
2.490	10.73	45.02
2.492	10.72	45.02
2.496	10.69	45.02
2.501	10.68	45.02
2.505	10.66	45.02
2.508	10.64	45.02
2.511	10.63	45.02
2.513	10.62	45.02
2.515	10.61	45.02
2.515	10.62	45.03
2.515	10.60	45.02
2.516	10.60	45.03
2.518	10.60	45.03
2.518	10.58	45.03
2.519	10.59	45.03
2.520	10.59	45.03
2.520	10.59	45.03
2.520	10.58	45.03
2.521	10.58	45.03
2.522	10.57	45.03
2.523	10.57	45.03
2.524	10.57	45.03
2.526	10.55	45.03
2.527	10.53	45.03
2.530	10.52	45.03
2.536	10.51	45.03
2.543	10.47	45.03
2.546	10.47	45.03
2.548	10.47	45.03
2.549	10.46	45.03
2.551	10.44	45.03
2.553	10.45	45.03
2.555	10.43	45.03
2.557	10.43	45.03
2.559	10.43	45.03
2.561	10.41	45.03
2.564	10.41	45.03
2.566	10.39	45.03
2.567	10.39	45.03
2.570	10.39	45.03
2.572	10.37	45.03
2.575	10.37	45.03
2.577	10.35	45.03
2.577	10.34	45.03
2.579	10.34	45.03
2.581	10.32	45.03
2.584	10.31	45.03
2.587	10.30	45.03
2.589	10.28	45.03
2.590	10.29	45.03
2.592	10.28	45.03
2.595	10.26	45.03
2.597	10.25	45.04
2.599	10.24	45.04
2.601	10.24	45.04
2.603	10.23	45.04
2.606	10.20	45.04
2.608	10.20	45.04
2.611	10.20	45.04
2.613	10.18	45.04
2.616	10.17	45.04
2.617	10.15	45.04
2.618	10.15	45.04
2.619	10.15	45.04
2.621	10.13	45.04
2.624	10.12	45.04
2.626	10.10	45.04
2.629	10.09	45.04
2.631	10.09	45.04
2.633	10.08	45.04
2.635	10.08	45.04
2.637	10.08	45.04
2.639	10.07	45.04
2.641	10.06	45.04
2.643	10.05	45.04
2.643	10.04	45.04
2.643	10.05	45.04
2.644	10.03	45.04
2.646	10.02	45.04
2.648	10.02	45.04
2.650	10.01	45.04
2.652	10.00	45.04
2.654	10.00	45.04
2.658	9.99	45.04
2.661	9.99	45.04
2.662	9.97	45.04
2.664	9.97	45.04
2.666	9.97	45.04
2.667	9.96	45.04
2.669	9.96	45.04
2.671	9.96	45.04
2.673	9.93	45.04
2.675	9.94	45.04
2.677	9.93	45.04
2.679	9.92	45.04
2.681	9.92	45.04
2.682	9.90	45.04
2.683	9.90	45.04
2.683	9.90	45.04
2.685	9.89	45.03
2.686	9.89	45.03
2.689	9.87	45.03
2.693	9.85	45.03
2.697	9.83	45.03
2.702	9.82	45.03
2.706	9.80	45.03
2.709	9.79	45.03
2.711	9.78	45.03
2.714	9.77	45.03
2.717	9.75	45.03
2.721	9.74	45.03
2.723	9.74	45.03
2.725	9.73	45.03
2.726	9.71	45.03
2.728	9.71	45.03
2.731	9.69	45.03
2.734	9.67	45.03
2.736	9.66	45.03
2.738	9.65	45.03
2.739	9.65	45.03
2.739	9.64	45.03
2.740	9.65	45.03
2.741	9.65	45.03
2.743	9.65	45.03
2.745	9.64	45.03
2.748	9.63	45.03
2.752	9.61	45.03
2.754	9.59	45.03
2.756	9.59	45.03
2.760	9.58	45.03
2.763	9.56	45.03
2.765	9.54	45.03
2.767	9.54	45.03
2.768	9.55	45.03
2.770	9.54	45.03
2.771	9.54	45.03
2.774	9.53	45.03
2.775	9.53	45.03
2.777	9.53	45.03
2.780	9.51	45.03
2.781	9.51	45.03
2.783	9.51	45.03
2.785	9.50	45.03
2.788	9.49	45.03
2.791	9.48	45.03
2.794	9.47	45.03
2.797	9.47	45.03
2.800	9.45	45.03
2.803	9.44	45.03
2.806	9.44	45.03
2.809	9.41	45.03
2.812	9.41	45.03
2.816	9.38	45.03
2.820	9.36	45.03
2.825	9.34	45.03
2.828	9.34	45.03
2.830	9.33	45.03
2.833	9.32	45.03
2.837	9.31	45.03
2.839	9.31	45.03
2.842	9.28	45.03
2.844	9.27	45.03
2.846	9.26	45.03
2.847	9.26	45.03
2.848	9.26	45.03
2.849	9.26	45.03
2.850	9.24	45.03
2.851	9.24	45.03
2.853	9.24	45.03
2.855	9.23	45.03
2.856	9.22	45.03
2.858	9.22	45.03
2.859	9.21	45.03
2.860	9.21	45.03
2.861	9.20	45.03
2.862	9.20	45.03
2.863	9.20	45.03
2.864	9.19	45.03
2.866	9.18	45.03
2.867	9.18	45.03
2.868	9.17	45.03
2.869	9.18	45.03
2.869	9.17	45.03
2.870	9.17	45.03
2.871	9.17	45.03
2.871	9.16	45.03
2.872	9.16	45.03
2.873	9.15	45.03
2.874	9.15	45.03
2.876	9.15	45.03
2.878	9.14	45.03
2.879	9.13	45.03
2.882	9.13	45.03
2.885	9.11	45.03
2.888	9.10	45.03
2.890	9.10	45.03
2.892	9.10	45.03
2.894	9.09	45.03
2.896	9.08	45.03
2.897	9.08	45.03
2.899	9.08	45.03
2.902	9.06	45.03
2.906	9.05	45.03
2.909	9.05	45.03
2.911	9.03	45.03
2.913	9.03	45.03
2.914	9.02	45.03
2.916	9.02	45.03
2.918	9.02	45.03
2.919	9.01	45.03
2.920	9.01	45.03
2.922	9.01	45.03
2.924	8.99	45.03
2.926	8.99	45.03
2.928	8.99	45.03
2.929	8.98	45.03
2.932	8.97	45.03
2.936	8.95	45.03
2.940	8.94	45.03
2.942	8.93	45.03
2.944	8.93	45.03
2.945	8.94	45.03
2.946	8.93	45.03
2.946	8.91	45.03
2.947	8.92	45.03
2.950	8.90	45.03
2.953	8.89	45.03
2.956	8.90	45.03
2.959	8.88	45.03
2.961	8.88	45.03
2.965	8.86	45.03
2.971	8.84	45.03
2.975	8.82	45.03
2.978	8.82	45.03
2.981	8.81	45.03
2.984	8.79	45.03
2.987	8.79	45.03
2.990	8.77	45.03
2.994	8.75	45.03
2.998	8.74	45.03
3.000	8.73	45.03
3.004	8.71	45.03
3.007	8.71	45.03
3.008	8.72	45.03
3.010	8.69	45.03
3.014	8.68	45.02
3.017	8.68	45.02
3.018	8.66	45.02
3.021	8.67	45.02
3.027	8.64	45.02
3.032	8.64	45.02
3.036	8.64	45.02
3.038	8.61	45.02
3.040	8.61	45.02
3.042	8.61	45.02
3.045	8.60	45.02
3.046	8.60	45.02
3.048	8.59	45.02
3.050	8.59	45.02
3.053	8.59	45.02
3.056	8.56	45.02
3.058	8.56	45.02
3.060	8.56	45.02
3.063	8.54	45.02
3.067	8.54	45.02
3.069	8.53	45.02
3.072	8.52	45.02
3.074	8.52	45.02
3.076	8.51	45.02
3.079	8.50	45.02
3.082	8.49	45.02
3.085	8.48	45.02
3.088	8.47	45.02
3.091	8.45	45.02
3.095	8.44	45.02
3.098	8.44	45.02
3.100	8.42	45.02
3.103	8.41	45.02
3.109	8.39	45.02
3.115	8.37	45.02
3.119	8.37	45.02
3.121	8.36	45.02
3.124	8.34	45.02
3.126	8.34	45.01
3.128	8.33	45.01
3.132	8.32	45.01
3.136	8.31	45.01
3.139	8.29	45.01
3.142	8.28	45.01
3.145	8.28	45.01
3.148	8.27	45.01
3.151	8.26	45.01
3.154	8.25	45.01
3.157	8.24	45.01
3.161	8.23	45.01
3.165	8.21	45.01
3.169	8.20	45.01
3.172	8.19	45.01
3.175	8.18	45.01
3.178	8.18	45.01
3.180	8.16	45.00
3.184	8.16	45.00
3.188	8.15	45.00
3.190	8.13	45.00
3.190	8.14	45.00
3.191	8.14	45.00
3.193	8.12	45.00
3.196	8.12	45.00
3.197	8.11	45.00
3.199	8.11	45.00
3.202	8.11	45.00
3.206	8.10	45.00
3.207	8.10	45.00
3.209	8.10	45.00
3.213	8.08	45.00
3.217	8.08	45.00
3.219	8.07	45.00
3.221	8.07	45.00
3.221	8.07	45.00
3.222	8.06	45.00
3.222	8.07	45.00
3.224	8.06	45.00
3.226	8.05	45.00
3.228	8.05	45.00
3.231	8.04	45.00
3.234	8.03	45.00
3.238	8.02	45.00
3.241	8.01	45.00
3.245	8.00	45.00
3.248	7.99	45.00
3.252	7.98	44.99
3.255	7.97	44.99
3.257	7.96	44.99
3.261	7.95	44.99
3.264	7.94	44.99
3.267	7.93	44.99
3.271	7.92	44.99
3.276	7.91	44.99
3.282	7.90	44.99
3.287	7.88	44.99
3.292	7.87	44.99
3.295	7.85	44.99
3.299	7.84	44.99
3.301	7.83	44.99
3.304	7.83	44.99
3.308	7.80	44.99
3.311	7.80	44.99
3.313	7.80	44.99
3.315	7.80	44.99
3.319	7.79	44.99
3.323	7.78	44.99
3.326	7.76	44.99
3.328	7.75	44.99
3.330	7.76	44.99
3.333	7.74	44.99
3.334	7.74	44.99
3.335	7.74	44.99
3.339	7.72	44.99
3.344	7.72	44.99
3.348	7.71	44.99
3.349	7.71	44.99
3.351	7.70	44.99
3.354	7.69	44.99
3.355	7.69	44.99
3.357	7.68	44.99
3.362	7.66	44.99
3.366	7.66	44.99
3.370	7.65	44.98
3.375	7.64	44.98
3.380	7.64	44.98
3.384	7.62	44.98
3.388	7.61	44.98
3.392	7.61	44.98
3.395	7.60	44.98
3.397	7.59	44.98
3.399	7.60	44.98
3.401	7.58	44.98
3.403	7.59	44.98
3.407	7.57	44.98
3.411	7.56	44.98
3.415	7.56	44.98
3.419	7.54	44.98
3.423	7.53	44.98
3.428	7.52	44.98
3.433	7.50	44.98
3.439	7.49	44.98
3.448	7.46	44.98
3.456	7.45	44.98
3.460	7.44	44.98
3.463	7.42	44.98
3.466	7.41	44.98
3.472	7.41	44.98
3.476	7.40	44.98
3.480	7.38	44.98
3.482	7.37	44.98
3.485	7.37	44.98
3.490	7.36	44.98
3.496	7.34	44.98
3.500	7.32	44.98
3.505	7.32	44.98
3.509	7.31	44.98
3.515	7.30	44.98
3.521	7.28	44.98
3.527	7.27	44.98
3.533	7.26	44.98
3.539	7.25	44.98
3.543	7.24	44.98
3.547	7.23	44.98
3.551	7.22	44.98
3.554	7.21	44.98
3.559	7.21	44.98
3.563	7.20	44.98
3.566	7.20	44.98
3.570	7.19	44.98
3.573	7.18	44.98
3.575	7.19	44.98
3.578	7.18	44.98
3.580	7.17	44.98
3.582	7.17	44.98
3.585	7.17	44.98
3.590	7.16	44.98
3.593	7.15	44.98
3.594	7.15	44.98
3.595	7.15	44.98
3.597	7.14	44.98
3.599	7.13	44.98
3.601	7.13	44.98
3.603	7.12	44.98
3.606	7.12	44.98
3.610	7.10	44.98
3.614	7.09	44.98
3.618	7.09	44.98
3.620	7.08	44.98
3.623	7.07	44.98
3.628	7.07	44.98
3.635	7.05	44.98
3.642	7.04	44.98
3.649	7.02	44.98
3.657	7.00	44.98
3.667	6.98	44.98
3.676	6.96	44.98
3.684	6.94	44.98
3.688	6.93	44.99
3.692	6.92	44.99
3.697	6.91	44.99
3.701	6.90	44.99
3.707	6.89	44.99
3.713	6.88	44.99
3.719	6.86	44.99
3.725	6.86	44.99
3.731	6.84	44.99
3.739	6.83	44.99
3.749	6.82	44.99
3.760	6.80	44.99
3.765	6.78	44.99
3.767	6.78	44.99
3.770	6.78	44.99
3.774	6.77	44.99
3.779	6.76	44.99
3.786	6.75	44.99
3.791	6.74	44.99
3.799	6.74	44.99
3.808	6.73	44.99
3.814	6.71	44.99
3.818	6.71	44.99
3.821	6.69	44.99
3.825	6.69	44.99
3.830	6.69	44.99
3.835	6.67	44.99
3.841	6.66	44.99
3.847	6.65	44.99
3.853	6.64	44.99
3.861	6.63	44.99
3.868	6.60	45.00
3.875	6.58	45.00
3.884	6.57	45.00
3.890	6.55	45.00
3.892	6.56	45.00
3.893	6.54	45.00
3.897	6.54	45.00
3.905	6.53	45.00
3.914	6.51	45.00
3.920	6.51	45.00
3.926	6.50	45.00
3.931	6.48	45.00
3.935	6.48	45.00
3.941	6.46	45.00
3.946	6.45	45.00
3.951	6.45	45.00
3.954	6.43	45.00
3.964	6.43	45.00
3.974	6.41	45.00
3.980	6.39	45.00
3.984	6.40	45.00
3.989	6.39	45.00
3.994	6.38	45.00
3.999	6.38	45.00
4.002	6.36	45.00
4.007	6.36	45.00
4.011	6.35	45.01
4.015	6.34	45.01
4.019	6.34	45.01
4.021	6.34	45.01
4.024	6.33	45.01
4.028	6.34	45.01
4.033	6.32	45.01
4.037	6.31	45.01
4.041	6.32	45.01
4.046	6.30	45.01
4.051	6.31	45.01
4.055	6.30	45.01
4.058	6.29	45.01
4.063	6.29	45.01
4.067	6.28	45.01
4.070	6.28	45.02
4.074	6.29	45.02
4.078	6.26	45.02
4.084	6.26	45.02
4.092	6.24	45.02
4.103	6.21	45.02
4.112	6.22	45.02
4.119	6.20	45.02
4.123	6.19	45.02
4.127	6.19	45.02
4.130	6.17	45.02
4.136	6.17	45.02
4.145	6.16	45.02
4.153	6.13	45.02
4.161	6.14	45.02
4.169	6.11	45.02
4.177	6.09	45.02
4.184	6.09	45.02
4.192	6.05	45.02
4.200	6.06	45.02
4.206	6.06	45.02
4.211	6.04	45.02
4.215	6.05	45.02
4.218	6.05	45.02
4.222	6.04	45.02
4.228	6.06	45.02
4.235	6.03	45.02
4.240	6.04	45.02
4.247	6.05	45.02
4.255	6.03	45.02
4.263	6.05	45.02
4.266	6.05	45.02
4.272	6.04	45.02
4.288	6.05	45.03
4.296	6.04	45.03
4.301	6.04	45.03
4.305	6.06	45.03
4.309	6.04	45.03
4.314	6.03	45.03
4.318	6.04	45.03
4.323	6.03	45.03
4.331	6.02	45.03
4.339	6.04	45.03
4.345	6.03	45.03
4.349	6.03	45.03
4.354	6.03	45.03
4.358	6.06	45.03
4.363	6.05	45.03
4.368	6.03	45.03
4.375	6.05	45.03
4.383	6.03	45.03
4.392	6.03	45.03
4.405	6.05	45.03
4.415	6.02	45.03
4.417	6.03	45.03
4.417	6.04	45.03
4.417	6.02	45.03
4.417	6.04	45.03
4.417	6.03	45.03
4.417	6.03	45.03
4.417	6.05	45.03
4.417	6.03	45.03
4.417	6.02	45.03
4.417	6.04	45.03
4.417	6.02	45.03
4.417	6.04	45.03
4.417	6.03	45.03
4.417	6.02	45.03
4.417	6.04	45.03
4.417	6.03	45.03
4.417	6.03	45.03
4.417	6.04	45.03
4.417	6.02	45.03
4.417	6.04	45.03
4.417	6.03	45.03
4.417	6.02	45.03
4.417	6.04	45.03
4.417	6.02	45.03
4.417	6.03	45.03
4.417	6.04	45.03
4.417	6.03	45.03
4.417	6.04	45.03
4.417	6.03	45.03
4.417	6.02	45.03
4.417	6.04	45.03
4.417	6.02	45.03
4.417	6.03	45.03
4.417	6.04	45.03
4.417	6.03	45.03
4.417	6.03	45.03
4.417	6.03	45.03
4.417	6.02	45.03
4.417	6.04	45.03
4.417	6.03	45.03
4.417	6.02	45.03
4.417	6.04	45.03
4.417	6.03	45.03
4.417	6.03	45.03
4.417	6.04	45.03
4.417	6.02	45.03
4.417	6.04	45.03
4.417	6.03	45.03
4.417	6.03	45.03
4.417	6.05	45.03
4.417	6.03	45.03
4.417	6.03	45.03
4.417	6.04	45.03
4.417	6.02	45.03
4.417	6.04	45.03
4.417	6.03	45.03
4.417	6.03	45.03
4.417	6.04	45.03
4.417	6.03	45.03
4.417	6.03	45.03
4.417	6.04	45.03
4.417	6.03	45.03
4.417	6.04	45.03
4.417	6.04	45.03
4.417	6.03	45.03
4.417	6.04	45.03
4.417	6.03	45.03
4.417	6.03	45.03
4.417	6.04	45.03
4.417	6.02	45.03
4.417	6.04	45.03
4.417	6.04	45.03
4.417	6.03	45.03
4.417	6.04	45.03
4.417	6.03	45.03
4.417	6.03	45.03
4.417	6.04	45.03
4.417	6.03	45.03
4.417	6.04	45.03
4.417	6.03	45.03
4.417	6.02	45.03
4.417	6.05	45.03
4.417	6.03	45.03
4.417	6.02	45.03
4.417	6.05	45.03
4.417	6.03	45.03
4.417	6.03	45.03
4.417	6.03	45.03
4.417	6.02	45.03
4.417	6.04	45.03
4.417	6.03	45.03
4.417	6.02	45.03
4.417	6.02	45.03
4.417	6.02	45.03
4.417	6.02	45.03
4.417	6.02	45.03
4.417	6.02	45.03
4.417	6.02	45.03
4.417	6.02	45.03
4.417	6.03	45.03
4.417	6.06	45.03
4.417	6.03	45.03
4.417	6.03	45.03
4.417	6.04	45.03
4.417	6.02	45.03
4.417	6.04	45.03
4.417	6.04	45.03
4.417	6.03	45.03
4.417	6.04	45.03
4.417	6.02	45.03
4.417	6.03	45.02
4.417	6.03	45.02
4.417	6.02	45.02
4.417	6.03	45.02
4.417	6.03	45.02
4.417	6.02	45.02
4.417	6.04	45.02
4.417	6.03	45.02
4.417	6.03	45.02
4.417	6.04	45.02
4.417	6.02	45.02
4.417	6.04	45.02
4.417	6.03	45.02
4.417	6.02	45.02
4.417	6.04	45.02
4.417	6.03	45.02
4.417	6.03	45.02
4.417	6.04	45.02
4.417	6.02	45.02
4.417	6.03	45.02
4.417	6.03	45.02
4.417	6.02	45.02
4.417	6.04	45.02
4.417	6.02	45.02
4.417	6.03	45.02
4.417	6.04	45.02
4.417	6.03	45.01
4.417	6.03	45.01
4.417	6.03	45.01
4.417	6.02	45.01
4.417	6.04	45.01
4.413	6.03	45.01
4.405	6.03	45.01
4.396	6.04	45.01
4.386	6.03	45.01
4.378	6.03	45.01
4.370	6.04	45.01
4.356	6.03	45.01
4.341	6.04	45.01
4.330	6.04	45.01
4.319	6.03	45.00
4.311	6.05	45.00
4.304	6.04	45.00
4.293	6.04	45.00
4.273	6.06	45.00
4.256	6.03	45.00
4.252	6.05	45.00
4.251	6.04	45.00
4.252	6.04	45.00
4.253	6.06	45.00
4.253	6.04	45.00
4.245	6.04	45.00
4.235	6.05	45.00
4.229	6.04	45.00
4.225	6.05	45.00
4.220	6.04	45.00
4.214	6.03	45.00
4.208	6.05	45.00
4.204	6.04	45.00
4.201	6.05	45.00
4.196	6.06	45.00
4.190	6.04	45.00
4.183	6.05	45.00
4.175	6.05	45.00
4.168	6.04	45.00
4.162	6.07	45.00
4.157	6.06	45.00
4.156	6.05	45.00
4.155	6.07	45.00
4.153	6.06	45.00
4.150	6.08	44.99
4.146	6.10	44.99
4.140	6.10	44.99
4.138	6.12	44.99
4.137	6.11	44.99
4.128	6.13	44.99
4.118	6.16	44.99
4.112	6.15	44.99
4.109	6.16	44.99
4.104	6.17	44.99
4.095	6.17	44.99
4.085	6.20	44.99
4.078	6.21	44.99
4.073	6.21	44.99
4.071	6.22	44.99
4.068	6.21	44.99
4.060	6.22	44.99
4.049	6.24	44.99
4.038	6.25	44.99
4.025	6.27	44.99
4.015	6.27	44.99
4.001	6.30	44.99
3.990	6.31	44.99
3.981	6.33	44.99
3.972	6.34	44.99
3.969	6.35	44.99
3.964	6.36	44.99
3.955	6.40	44.99
3.944	6.40	44.99
3.933	6.41	44.99
3.926	6.43	44.99
3.921	6.43	44.99
3.918	6.44	44.99
3.913	6.45	44.99
3.907	6.46	44.99
3.901	6.48	44.99
3.897	6.49	44.99
3.896	6.49	44.99
3.893	6.50	44.99
3.889	6.50	44.99
3.884	6.51	44.99
3.878	6.53	44.99
3.872	6.52	44.99
3.863	6.54	44.98
3.855	6.57	44.98
3.843	6.57	44.98
3.828	6.62	44.98
3.815	6.63	44.98
3.799	6.65	44.98
3.784	6.67	44.98
3.775	6.68	44.98
3.772	6.69	44.98
3.769	6.71	44.98
3.762	6.70	44.98
3.756	6.72	44.98
3.751	6.73	44.98
3.746	6.73	44.98
3.743	6.75	44.98
3.741	6.74	44.98
3.740	6.75	44.98
3.741	6.76	44.98
3.741	6.75	44.98
3.741	6.76	44.98
3.740	6.76	44.98
3.736	6.77	44.98
3.728	6.79	44.98
3.721	6.80	44.98
3.713	6.82	44.98
3.708	6.82	44.98
3.703	6.82	44.97
3.698	6.84	44.97
3.693	6.85	44.97
3.688	6.86	44.97
3.681	6.87	44.97
3.675	6.88	44.97
3.671	6.89	44.97
3.667	6.90	44.97
3.662	6.91	44.97
3.656	6.93	44.97
3.650	6.93	44.97
3.642	6.95	44.97
3.632	6.98	44.97
3.625	6.97	44.97
3.622	6.99	44.97
3.615	6.99	44.97
3.608	7.01	44.97
3.607	7.01	44.97
3.605	7.02	44.97
3.600	7.02	44.97
3.594	7.04	44.97
3.589	7.05	44.97
3.584	7.07	44.97
3.581	7.07	44.97
3.578	7.07	44.97
3.574	7.08	44.97
3.572	7.08	44.97
3.570	7.08	44.97
3.568	7.10	44.97
3.565	7.09	44.97
3.562	7.11	44.97
3.557	7.12	44.97
3.554	7.12	44.97
3.555	7.13	44.97
3.555	7.13	44.97
3.556	7.12	44.97
3.556	7.13	44.97
3.557	7.12	44.97
3.553	7.14	44.97
3.548	7.14	44.97
3.545	7.15	44.97
3.542	7.16	44.97
3.541	7.15	44.97
3.540	7.15	44.97
3.540	7.16	44.97
3.539	7.16	44.97
3.538	7.16	44.97
3.537	7.18	44.97
3.536	7.18	44.97
3.535	7.18	44.96
3.528	7.19	44.96
3.524	7.19	44.96
3.523	7.20	44.96
3.521	7.20	44.96
3.516	7.21	44.96
3.513	7.22	44.96
3.510	7.23	44.96
3.507	7.24	44.96
3.506	7.25	44.96
3.504	7.25	44.96
3.502	7.26	44.96
3.500	7.27	44.96
3.498	7.27	44.96
3.496	7.27	44.96
3.493	7.27	44.96
3.490	7.28	44.96
3.487	7.28	44.96
3.484	7.29	44.96
3.483	7.30	44.96
3.481	7.27	44.96
3.477	7.29	44.96
3.473	7.31	44.96
3.469	7.32	44.96
3.466	7.33	44.96
3.464	7.32	44.96
3.461	7.32	44.96
3.459	7.33	44.96
3.458	7.33	44.96
3.457	7.35	44.96
3.456	7.34	44.96
3.455	7.36	44.96
3.454	7.39	44.96
3.452	7.37	44.96
3.452	7.36	44.96
3.450	7.38	44.96
3.448	7.37	44.96
3.446	7.37	44.96
3.445	7.38	44.96
3.445	7.37	44.96
3.443	7.38	44.96
3.441	7.38	44.96
3.440	7.38	44.96
3.439	7.39	44.96
3.436	7.39	44.96
3.435	7.39	44.96
3.434	7.40	44.96
3.432	7.40	44.96
3.430	7.41	44.96
3.428	7.42	44.96
3.426	7.42	44.96
3.425	7.42	44.96
3.424	7.41	44.96
3.422	7.40	44.96
3.420	7.42	44.96
3.419	7.41	44.96
3.418	7.41	44.96
3.417	7.42	44.96
3.415	7.42	44.96
3.413	7.43	44.96
3.411	7.43	44.95
3.409	7.44	44.95
3.406	7.45	44.95
3.403	7.45	44.95
3.401	7.47	44.95
3.397	7.47	44.95
3.393	7.46	44.95
3.389	7.48	44.95
3.385	7.48	44.95
3.382	7.49	44.95
3.380	7.50	44.95
3.378	7.49	44.95
3.376	7.50	44.95
3.374	7.50	44.95
3.372	7.51	44.95
3.370	7.51	44.95
3.368	7.51	44.95
3.365	7.52	44.95
3.362	7.54	44.95
3.359	7.54	44.95
3.358	7.55	44.95
3.356	7.56	44.95
3.352	7.59	44.95
3.347	7.60	44.95
3.346	7.59	44.95
3.346	7.58	44.95
3.345	7.60	44.95
3.341	7.62	44.95
3.341	7.64	44.95
3.341	7.64	44.95
3.335	7.65	44.95
3.331	7.66	44.95
3.330	7.66	44.95
3.328	7.66	44.95
3.323	7.66	44.95
3.319	7.66	44.95
3.315	7.65	44.95
3.313	7.66	44.95
3.311	7.66	44.95
3.308	7.67	44.95
3.306	7.67	44.95
3.304	7.68	44.95
3.303	7.69	44.95
3.302	7.70	44.95
3.300	7.71	44.95
3.298	7.71	44.95
3.297	7.72	44.95
3.296	7.73	44.95
3.295	7.72	44.95
3.295	7.72	44.95
3.295	7.73	44.95
3.295	7.72	44.95
3.295	7.73	44.95
3.295	7.74	44.95
3.294	7.73	44.95
3.293	7.75	44.95
3.290	7.76	44.95
3.288	7.76	44.95
3.286	7.77	44.95
3.283	7.78	44.95
3.282	7.78	44.95
3.281	7.78	44.95
3.279	7.79	44.95
3.278	7.78	44.95
3.276	7.78	44.95
3.275	7.78	44.95
3.273	7.80	44.95
3.272	7.79	44.95
3.270	7.81	44.95
3.267	7.82	44.95
3.266	7.81	44.95
3.264	7.82	44.95
3.264	7.82	44.95
3.261	7.82	44.95
3.258	7.84	44.94
3.257	7.84	44.94
3.256	7.86	44.95
3.254	7.87	44.94
3.253	7.87	44.94
3.253	7.87	44.94
3.252	7.87	44.94
3.251	7.88	44.94
3.248	7.88	44.94
3.245	7.88	44.94
3.243	7.90	44.94
3.242	7.90	44.94
3.240	7.90	44.94
3.237	7.91	44.94
3.232	7.92	44.94
3.227	7.92	44.94
3.223	7.94	44.94
3.219	7.94	44.94
3.217	7.94	44.94
3.215	7.96	44.94
3.213	7.95	44.94
3.211	7.96	44.94
3.209	7.97	44.94
3.208	7.96	44.94
3.207	7.97	44.94
3.207	7.97	44.94
3.206	7.97	44.94
3.205	7.98	44.94
3.203	7.98	44.94
3.201	7.98	44.94
3.200	8.00	44.94
3.199	7.99	44.94
3.198	8.00	44.94
3.197	8.00	44.94
3.197	8.00	44.94
3.195	8.01	44.94
3.194	8.01	44.94
3.193	8.01	44.94
3.192	8.01	44.94
3.192	8.01	44.94
3.191	8.01	44.94
3.189	8.02	44.94
3.186	8.03	44.94
3.185	8.04	44.94
3.183	8.03	44.94
3.181	8.04	44.94
3.179	8.05	44.94
3.178	8.04	44.94
3.176	8.05	44.94
3.174	8.06	44.94
3.172	8.06	44.93
3.171	8.06	44.94
3.167	8.07	44.93
3.162	8.08	44.94
3.158	8.09	44.93
3.157	8.09	44.93
3.155	8.10	44.93
3.153	8.10	44.93
3.151	8.10	44.93
3.149	8.11	44.93
3.147	8.12	44.93
3.145	8.12	44.93
3.144	8.13	44.93
3.143	8.13	44.93
3.142	8.15	44.93
3.141	8.17	44.93
3.140	8.16	44.93
3.139	8.17	44.93
3.137	8.17	44.93
3.135	8.18	44.93
3.134	8.20	44.93
3.132	8.20	44.93
3.131	8.21	44.93
3.130	8.21	44.93
3.129	8.21	44.93
3.128	8.22	44.93
3.126	8.23	44.93
3.125	8.23	44.93
3.124	8.24	44.93
3.122	8.24	44.93
3.121	8.24	44.93
3.119	8.26	44.93
3.117	8.24	44.93
3.115	8.26	44.93
3.113	8.26	44.93
3.111	8.26	44.93
3.108	8.27	44.93
3.107	8.29	44.93
3.106	8.30	44.93
3.105	8.32	44.93
3.104	8.33	44.93
3.101	8.30	44.93
3.101	8.32	44.93
3.100	8.31	44.93
3.099	8.33	44.93
3.097	8.32	44.93
3.096	8.35	44.93
3.095	8.36	44.93
3.094	8.33	44.93
3.093	8.32	44.93
3.092	8.34	44.93
3.089	8.35	44.93
3.087	8.35	44.93
3.086	8.35	44.93
3.086	8.34	44.93
3.085	8.35	44.93
3.082	8.36	44.93
3.079	8.36	44.93
3.078	8.36	44.93
3.078	8.35	44.93
3.078	8.36	44.93
3.076	8.36	44.93
3.071	8.37	44.92
3.066	8.39	44.92
3.061	8.39	44.92
3.056	8.41	44.92
3.053	8.43	44.92
3.051	8.43	44.92
3.049	8.44	44.92
3.046	8.46	44.92
3.042	8.46	44.92
3.038	8.47	44.92
3.035	8.48	44.92
3.033	8.49	44.92
3.030	8.50	44.92
3.027	8.49	44.92
3.023	8.51	44.92
3.019	8.53	44.92
3.014	8.54	44.92
3.009	8.55	44.92
3.003	8.55	44.92
3.000	8.56	44.92
2.997	8.58	44.92
2.994	8.59	44.92
2.990	8.60	44.92
2.988	8.62	44.92
2.986	8.61	44.92
2.984	8.63	44.92
2.981	8.63	44.92
2.977	8.64	44.92
2.973	8.67	44.92
2.969	8.67	44.92
2.966	8.68	44.92
2.963	8.69	44.92
2.960	8.70	44.92
2.958	8.71	44.92
2.956	8.71	44.92
2.953	8.73	44.92
2.953	8.74	44.92
2.950	8.75	44.92
2.942	8.82	44.92
2.936	8.86	44.92
2.932	8.86	44.92
2.928	8.88	44.92
2.924	8.87	44.92
2.917	8.90	44.92
2.910	8.94	44.92
2.904	8.94	44.92
2.901	8.94	44.92
2.900	8.95	44.92
2.898	8.95	44.92
2.898	8.95	44.92
2.898	8.96	44.92
2.897	8.96	44.92
2.896	8.95	44.92
2.894	8.96	44.92
2.891	8.97	44.92
2.889	8.98	44.92
2.889	8.98	44.92
2.889	9.00	44.92
2.885	9.00	44.91
2.881	9.01	44.91
2.878	9.02	44.91
2.877	9.02	44.91
2.877	9.05	44.91
2.877	9.05	44.91
2.871	9.03	44.91
2.862	9.07	44.91
2.857	9.13	44.91
2.855	9.13	44.91
2.853	9.14	44.91
2.847	9.15	44.91
2.841	9.18	44.91
2.835	9.17	44.91
2.831	9.11	44.91
2.827	9.17	44.91
2.826	9.18	44.91
2.825	9.16	44.91
2.822	9.19	44.91
2.819	9.20	44.91
2.815	9.14	44.91
2.810	9.18	44.90
2.809	9.17	44.90
2.808	9.18	44.90
2.805	9.20	44.90
2.801	9.19	44.90
2.795	9.25	44.90
2.790	9.28	44.90
2.788	9.28	44.90
2.785	9.29	44.90
2.782	9.31	44.90
2.778	9.33	44.90
2.774	9.35	44.90
2.769	9.36	44.90
2.767	9.37	44.90
2.765	9.34	44.90
2.760	9.36	44.90
2.755	9.40	44.90
2.750	9.40	44.90
2.747	9.42	44.90
2.744	9.45	44.90
2.740	9.45	44.90
2.735	9.48	44.90
2.728	9.52	44.90
2.721	9.53	44.90
2.714	9.55	44.90
2.710	9.57	44.90
2.707	9.59	44.90
2.705	9.61	44.90
2.703	9.60	44.90
2.701	9.63	44.90
2.699	9.64	44.90
2.697	9.63	44.90
2.695	9.65	44.90
2.693	9.65	44.90
2.691	9.67	44.90
2.688	9.69	44.90
2.688	9.68	44.90
2.686	9.69	44.90
2.682	9.72	44.90
2.679	9.72	44.90
2.679	9.74	44.90
2.679	9.73	44.90
2.679	9.72	44.90
2.679	9.73	44.90
2.676	9.74	44.90
2.668	9.77	44.90
2.663	9.80	44.90
2.659	9.80	44.90
2.656	9.82	44.90
2.653	9.83	44.90
2.651	9.83	44.90
2.650	9.84	44.90
2.647	9.84	44.90
2.644	9.84	44.90
2.643	9.86	44.90
2.641	9.86	44.90
2.639	9.87	44.90
2.638	9.89	44.90
2.638	9.87	44.90
2.638	9.89	44.90
2.639	9.89	44.90
2.639	9.89	44.90
2.640	9.90	44.90
2.640	9.88	44.90
2.638	9.90	44.90
2.635	9.91	44.90
2.632	9.91	44.90
2.631	9.92	44.90
2.628	9.93	44.90
2.619	9.97	44.90
2.612	9.99	44.90
2.608	9.99	44.90
2.607	10.00	44.90
2.607	10.02	44.90
2.607	10.00	44.90
2.608	10.01	44.90
2.608	10.02	44.90
2.608	10.02	44.90
2.605	10.06	44.90
2.596	10.09	44.90
2.590	10.12	44.90
2.586	10.16	44.90
2.581	10.14	44.90
2.577	10.19	44.90
2.573	10.21	44.90
2.570	10.22	44.90
2.567	10.25	44.90
2.564	10.26	44.90
2.560	10.28	44.90
2.557	10.29	44.90
2.555	10.29	44.90
2.555	10.31	44.90
2.555	10.32	44.90
2.553	10.31	44.90
2.549	10.32	44.90
2.547	10.32	44.90
2.545	10.34	44.90
2.544	10.36	44.90
2.542	10.35	44.90
2.540	10.37	44.90
2.538	10.38	44.90
2.536	10.38	44.90
2.535	10.39	44.90
2.533	10.39	44.90
2.531	10.39	44.90
2.528	10.41	44.90
2.526	10.40	44.90
2.524	10.42	44.90
2.523	10.43	44.90
2.521	10.42	44.90
2.520	10.44	44.90
2.518	10.45	44.91
2.516	10.45	44.91
2.515	10.46	44.91
2.513	10.47	44.91
2.513	10.46	44.91
2.513	10.53	44.91
2.511	10.47	44.91
2.507	10.48	44.91
2.506	10.52	44.91
2.503	10.52	44.91
2.499	10.52	44.91
2.496	10.49	44.91
2.492	10.54	44.91
2.489	10.58	44.91
2.486	10.58	44.91
2.482	10.61	44.91
2.479	10.63	44.91
2.475	10.63	44.91
2.473	10.66	44.91
2.470	10.66	44.91
2.467	10.67	44.91
2.463	10.69	44.91
2.461	10.68	44.91
2.460	10.70	44.91
2.458	10.71	44.91
2.457	10.70	44.91
2.455	10.72	44.91
2.451	10.72	44.91
2.448	10.73	44.91
2.445	10.76	44.91
2.444	10.72	44.91
2.442	10.76	44.91
2.440	10.78	44.91
2.439	10.77	44.91
2.438	10.78	44.91
2.437	10.78	44.91
2.434	10.79	44.91
2.432	10.81	44.91
2.430	10.80	44.91
2.430	10.81	44.92
2.428	10.83	44.91
2.426	10.82	44.92
2.422	10.83	44.91
2.419	10.85	44.92
2.417	10.86	44.92
2.417	10.88	44.92
2.417	10.87	44.92
2.417	10.88	44.92
2.415	10.90	44.92
2.410	10.90	44.92
2.407	10.92	44.92
2.406	10.94	44.92
2.402	10.95	44.92
2.399	10.97	44.92
2.396	10.97	44.92
2.394	10.99	44.92
2.392	11.02	44.92
2.391	11.00	44.92
2.389	11.02	44.92
2.387	11.04	44.92
2.384	11.05	44.92
2.380	11.09	44.92
2.375	11.10	44.92
2.370	11.12	44.92
2.365	11.15	44.92
2.361	11.16	44.92
2.359	11.18	44.92
2.356	11.21	44.92
2.353	11.21	44.92
2.351	11.24	44.92
2.349	11.24	44.92
2.348	11.25	44.92
2.347	11.28	44.92
2.345	11.27	44.92
2.343	11.29	44.92
2.341	11.30	44.92
2.340	11.29	44.92
2.339	11.32	44.92
2.337	11.33	44.92
2.336	11.32	44.92
2.334	11.35	44.92
2.332	11.35	44.92
2.331	11.35	44.92
2.329	11.37	44.92
2.327	11.36	44.92
2.325	11.39	44.92
2.323	11.40	44.92
2.320	11.40	44.92
2.315	11.43	44.92
2.314	11.43	44.92
2.312	11.45	44.92
2.309	11.49	44.92
2.307	11.46	44.92
2.304	11.50	44.92
2.302	11.53	44.92
2.301	11.52	44.91
2.299	11.53	44.91
2.298	11.53	44.91
2.298	11.54	44.91
2.297	11.56	44.91
2.297	11.55	44.91
2.295	11.56	44.91
2.294	11.59	44.91
2.292	11.57	44.91
2.290	11.60	44.91
2.289	11.60	44.91
2.287	11.60	44.91
2.284	11.64	44.91
2.280	11.63	44.91
2.279	11.66	44.91
2.278	11.68	44.91
2.278	11.68	44.91
2.276	11.70	44.91
2.270	11.72	44.91
2.267	11.73	44.91
2.264	11.74	44.91
2.262	11.76	44.91
2.261	11.75	44.91
2.260	11.73	44.91
2.259	11.71	44.90
2.257	11.76	44.90
2.255	11.78	44.90
2.253	11.78	44.90
2.252	11.80	44.90
2.252	11.79	44.90
2.251	11.79	44.90
2.249	11.82	44.90
2.247	11.81	44.90
2.244	11.83	44.90
2.241	11.85	44.90
2.239	11.84	44.90
2.239	11.86	44.90
2.238	11.87	44.90
2.231	11.91	44.90
2.226	11.95	44.90
2.223	11.95	44.90
2.222	11.97	44.90
2.222	11.98	44.90
2.222	11.96	44.90
2.221	11.99	44.90
2.220	11.99	44.90
2.218	11.99	44.90
2.214	12.02	44.90
2.211	12.02	44.90
2.207	12.05	44.90
2.206	12.08	44.90
2.205	12.07	44.90
2.203	12.10	44.90
2.199	12.12	44.89
2.196	12.13	44.89
2.192	12.16	44.89
2.188	12.18	44.89
2.185	12.20	44.89
2.184	12.23	44.89
2.182	12.21	44.89
2.180	12.23	44.89
2.178	12.26	44.89
2.175	12.25	44.89
2.172	12.27	44.89
2.169	12.28	44.89
2.167	12.28	44.89
2.164	12.32	44.89
2.164	12.29	44.89
2.164	12.31	44.89
2.164	12.33	44.89
2.164	12.32	44.89
2.161	12.34	44.89
2.154	12.36	44.89
2.152	12.39	44.89
2.151	12.42	44.89
2.150	12.40	44.89
2.148	12.42	44.89
2.146	12.45	44.88
2.145	12.43	44.88
2.143	12.46	44.88
2.141	12.47	44.88
2.140	12.47	44.88
2.137	12.50	44.88
2.135	12.50	44.88
2.132	12.52	44.88
2.130	12.56	44.88
2.127	12.55	44.88
2.125	12.58	44.87
2.123	12.60	44.87
2.120	12.59	44.87
2.116	12.63	44.87
2.113	12.64	44.87
2.109	12.67	44.87
2.106	12.69	44.87
2.104	12.68	44.87
2.102	12.71	44.87
2.102	12.73	44.87
2.099	12.72	44.87
2.097	12.75	44.87
2.094	12.75	44.87
2.093	12.76	44.87
2.093	12.78	44.87
2.091	12.77	44.87
2.090	12.79	44.87
2.089	12.81	44.87
2.087	12.81	44.87
2.085	12.84	44.87
2.084	12.84	44.87
2.082	12.83	44.87
2.080	12.86	44.87
2.078	12.87	44.87
2.075	12.91	44.87
2.072	12.94	44.87
2.068	12.93	44.86
2.065	12.96	44.86
2.063	12.98	44.86
2.060	12.99	44.86
2.058	13.03	44.86
2.057	13.02	44.86
2.054	13.04	44.86
2.050	13.09	44.86
2.046	13.10	44.86
2.045	13.12	44.86
2.044	13.14	44.86
2.044	13.15	44.86
2.043	13.16	44.86
2.042	13.15	44.86
2.040	13.17	44.86
2.037	13.19	44.86
2.033	13.20	44.86
2.031	13.20	44.86
2.031	13.17	44.86
2.031	13.16	44.86
2.031	13.20	44.86
2.030	13.20	44.86
2.029	13.20	44.86
2.027	13.24	44.86
2.024	13.26	44.86
2.021	13.26	44.86
2.017	13.32	44.86
2.016	13.29	44.86
2.015	13.32	44.85
2.014	13.32	44.85
2.012	13.34	44.85
2.012	13.35	44.85
2.010	13.34	44.85
2.008	13.38	44.85
2.007	13.37	44.85
2.007	13.38	44.85
2.006	13.37	44.85
2.005	13.40	44.85
2.003	13.40	44.85
2.002	13.42	44.85
2.000	13.43	44.85
1.999	13.43	44.85
1.998	13.46	44.85
1.997	13.45	44.85
1.997	13.47	44.85
1.995	13.49	44.85
1.992	13.50	44.85
1.987	13.55	44.85
1.984	13.56	44.85
1.982	13.57	44.85
1.980	13.59	44.85
1.978	13.58	44.85
1.977	13.60	44.85
1.976	13.61	44.85
1.975	13.60	44.85
1.973	13.61	44.85
1.972	13.63	44.85
1.971	13.63	44.85
1.969	13.67	44.85
1.968	13.65	44.85
1.967	13.67	44.85
1.966	13.69	44.85
1.964	13.68	44.85
1.963	13.69	44.85
1.962	13.70	44.85
1.961	13.71	44.85
1.959	13.73	44.85
1.956	13.75	44.85
1.953	13.77	44.85
1.952	13.79	44.85
1.951	13.78	44.85
1.950	13.80	44.85
1.949	13.80	44.85
1.949	13.80	44.85
1.948	13.83	44.85
1.947	13.83	44.85
1.945	13.84	44.85
1.943	13.87	44.85
1.942	13.85	44.85
1.942	13.87	44.85
1.941	13.89	44.85
1.940	13.88	44.85
1.939	13.90	44.85
1.937	13.92	44.85
1.937	13.92	44.85
1.935	13.95	44.85
1.933	13.94	44.85
1.932	13.96	44.85
1.930	13.98	44.85
1.928	13.98	44.85
1.926	14.00	44.85
1.923	14.02	44.85
1.921	14.02	44.85
1.919	14.06	44.85
1.917	14.05	44.85
1.916	14.07	44.85
1.915	14.09	44.85
1.913	14.07	44.85
1.911	14.10	44.85
1.910	14.10	44.85
1.910	14.11	44.85
1.909	14.13	44.85
1.909	14.11	44.85
1.908	14.12	44.85
1.907	14.14	44.85
1.906	14.13	44.85
1.904	14.16	44.85
1.903	14.18	44.85
1.903	14.16	44.85
1.901	14.18	44.85
1.898	14.20	44.85
1.897	14.21	44.85
1.896	14.23	44.85
1.893	14.23	44.85
1.891	14.25	44.85
1.890	14.28	44.85
1.890	14.26	44.85
1.888	14.30	44.85
1.888	14.32	44.85
1.887	14.33	44.85
1.886	14.34	44.85
1.884	14.35	44.85
1.882	14.37	44.85
1.881	14.38	44.85
1.880	14.39	44.85
1.878	14.38	44.85
1.877	14.34	44.85
1.875	14.39	44.85
1.873	14.43	44.85
1.871	14.44	44.85
1.869	14.46	44.85
1.869	14.48	44.85
1.869	14.45	44.85
1.867	14.48	44.85
1.865	14.51	44.85
1.863	14.50	44.85
1.861	14.54	44.85
1.859	14.54	44.85
1.857	14.56	44.85
1.856	14.59	44.85
1.854	14.57	44.85
1.853	14.60	44.85
1.852	14.61	44.85
1.851	14.61	44.85
1.851	14.63	44.85
1.850	14.63	44.85
1.848	14.62	44.85
1.846	14.66	44.85
1.844	14.65	44.85
1.844	14.66	44.85
1.845	14.67	44.85
1.844	14.66	44.85
1.844	14.67	44.85
1.844	14.67	44.85
1.844	14.67	44.85
1.843	14.68	44.85
1.842	14.68	44.85
1.839	14.71	44.85
1.837	14.73	44.84
1.834	14.74	44.84
1.832	14.78	44.84
1.830	14.79	44.84
1.829	14.80	44.84
1.828	14.83	44.84
1.827	14.82	44.84
1.825	14.85	44.84
1.823	14.89	44.84
1.820	14.89	44.84
1.815	14.97	44.84
1.811	15.00	44.84
1.808	15.02	44.84
1.807	15.04	44.84
1.805	15.05	44.84
1.804	15.06	44.84
1.803	15.09	44.84
1.802	15.08	44.84
1.801	15.09	44.84
1.800	15.11	44.84
1.798	15.12	44.84
1.797	15.13	44.84
1.796	15.14	44.84
1.794	15.15	44.84
1.791	15.18	44.83
1.789	15.19	44.83
1.787	15.21	44.83
1.785	15.23	44.83
1.783	15.23	44.83
1.781	15.26	44.83
1.780	15.28	44.83
1.778	15.29	44.83
1.776	15.33	44.83
1.776	15.33	44.83
1.775	15.35	44.83
1.775	15.36	44.83
1.774	15.36	44.83
1.774	15.37	44.83
1.773	15.39	44.83
1.771	15.40	44.83
1.768	15.44	44.83
1.763	15.52	44.83
1.760	15.55	44.83
1.757	15.57	44.83
1.755	15.57	44.83
1.753	15.59	44.83
1.752	15.60	44.83
1.751	15.60	44.83
1.749	15.61	44.83
1.746	15.63	44.83
1.743	15.65	44.83
1.739	15.71	44.83
1.737	15.74	44.83
1.735	15.76	44.83
1.734	15.79	44.83
1.733	15.80	44.83
1.731	15.82	44.83
1.730	15.85	44.83
1.728	15.86	44.83
1.727	15.88	44.83
1.725	15.89	44.83
1.724	15.91	44.83
1.723	15.93	44.83
1.723	15.93	44.82
1.722	15.95	44.82
1.720	15.97	44.82
1.719	15.98	44.82
1.717	16.01	44.82
1.715	16.03	44.82
1.714	16.04	44.82
1.713	16.05	44.82
1.712	16.06	44.82
1.711	16.08	44.82
1.709	16.09	44.82
1.707	16.10	44.82
1.705	16.12	44.82
1.704	16.12	44.82
1.702	16.14	44.82
1.699	16.16	44.82
1.698	16.17	44.82
1.696	16.18	44.82
1.695	16.20	44.82
1.694	16.21	44.82
1.693	16.23	44.82
1.692	16.24	44.82
1.691	16.26	44.82
1.689	16.28	44.82
1.687	16.30	44.82
1.686	16.31	44.82
1.685	16.32	44.82
1.684	16.33	44.82
1.683	16.34	44.82
1.682	16.35	44.82
1.681	16.37	44.82
1.680	16.39	44.82
1.679	16.40	44.82
1.679	16.40	44.82
1.678	16.41	44.82
1.677	16.42	44.82
1.676	16.44	44.82
1.675	16.45	44.82
1.673	16.47	44.82
1.669	16.51	44.82
1.666	16.53	44.82
1.664	16.55	44.82
1.663	16.56	44.82
1.662	16.57	44.82
1.660	16.58	44.82
1.658	16.60	44.82
1.657	16.61	44.82
1.655	16.63	44.82
1.653	16.64	44.82
1.651	16.66	44.82
1.649	16.69	44.82
1.648	16.70	44.82
1.647	16.71	44.82
1.646	16.73	44.82
1.645	16.73	44.82
1.645	16.75	44.82
1.644	16.76	44.82
1.643	16.77	44.82
1.642	16.79	44.82
1.641	16.79	44.82
1.640	16.81	44.82
1.639	16.83	44.82
1.638	16.83	44.82
1.637	16.85	44.82
1.637	16.86	44.82
1.636	16.86	44.82
1.636	16.87	44.82
1.635	16.88	44.82
1.634	16.89	44.82
1.633	16.91	44.82
1.632	16.91	44.82
1.631	16.94	44.82
1.628	16.96	44.82
1.627	16.97	44.82
1.626	16.99	44.82
1.624	17.00	44.82
1.623	17.02	44.82
1.621	17.03	44.82
1.621	17.03	44.82
1.620	17.04	44.82
1.619	17.05	44.82
1.618	17.05	44.82
1.618	17.06	44.82
1.617	17.07	44.82
1.617	17.07	44.82
1.616	17.07	44.82
1.615	17.08	44.82
1.614	17.09	44.82
1.613	17.11	44.82
1.612	17.11	44.82
1.611	17.13	44.82
1.608	17.16	44.82
1.607	17.17	44.82
1.606	17.19	44.82
1.604	17.21	44.82
1.602	17.24	44.82
1.601	17.26	44.82
1.599	17.27	44.82
1.596	17.30	44.82
1.594	17.33	44.82
1.592	17.35	44.82
1.589	17.40	44.82
1.586	17.43	44.82
1.584	17.45	44.82
1.582	17.48	44.82
1.579	17.50	44.82
1.577	17.51	44.82
1.576	17.53	44.82
1.575	17.53	44.82
1.575	17.54	44.82
1.575	17.54	44.82
1.575	17.54	44.82
1.574	17.55	44.82
1.574	17.56	44.82
1.573	17.57	44.82
1.571	17.58	44.82
1.570	17.60	44.82
1.569	17.61	44.82
1.568	17.63	44.82
1.567	17.65	44.82
1.565	17.66	44.82
1.564	17.67	44.82
1.562	17.69	44.82
1.561	17.72	44.82
1.560	17.74	44.82
1.559	17.75	44.82
1.558	17.76	44.82
1.557	17.76	44.82
1.557	17.78	44.82
1.556	17.78	44.82
1.556	17.79	44.82
1.555	17.81	44.82
1.554	17.83	44.82
1.552	17.85	44.82
1.551	17.88	44.82
1.549	17.89	44.82
1.547	17.92	44.82
1.546	17.93	44.82
1.545	17.94	44.82
1.543	17.96	44.82
1.542	17.98	44.82
1.540	17.99	44.82
1.538	18.01	44.82
1.537	18.01	44.82
1.537	18.02	44.82
1.536	18.02	44.82
1.535	18.03	44.82
1.534	18.05	44.82
1.532	18.07	44.82
1.531	18.08	44.82
1.530	18.10	44.82
1.529	18.11	44.82
1.527	18.14	44.82
1.526	18.16	44.82
1.525	18.17	44.82
1.525	18.18	44.82
1.524	18.19	44.82
1.522	18.21	44.82
1.520	18.24	44.82
1.519	18.25	44.82
1.518	18.27	44.82
1.517	18.29	44.82
1.516	18.30	44.82
1.515	18.32	44.82
1.515	18.32	44.82
1.515	18.32	44.82
1.515	18.33	44.82
1.515	18.33	44.82
1.515	18.33	44.82
1.514	18.35	44.82
1.513	18.36	44.82
1.511	18.38	44.82
1.510	18.39	44.82
1.509	18.40	44.82
1.507	18.42	44.82
1.506	18.43	44.82
1.504	18.45	44.82
1.503	18.47	44.82
1.502	18.47	44.82
1.501	18.48	44.82
1.500	18.49	44.82
1.499	18.50	44.82
1.497	18.53	44.82
1.497	18.53	44.82
1.497	18.53	44.82
1.496	18.55	44.82
1.494	18.56	44.82
1.493	18.59	44.82
1.492	18.61	44.82
1.491	18.62	44.82
1.490	18.64	44.82
1.489	18.65	44.82
1.488	18.66	44.82
1.488	18.68	44.82
1.487	18.68	44.82
1.486	18.70	44.82
1.484	18.73	44.82
1.483	18.74	44.82
1.482	18.76	44.82
1.481	18.79	44.82
1.479	18.80	44.82
1.478	18.83	44.82
1.476	18.85	44.82
1.475	18.86	44.82
1.474	18.88	44.82
1.473	18.89	44.82
1.471	18.92	44.82
1.468	18.94	44.82
1.467	18.95	44.82
1.466	18.96	44.82
1.466	18.97	44.82
1.465	18.98	44.82
1.465	18.99	44.82
1.464	18.99	44.82
1.463	19.00	44.82
1.462	19.02	44.82
1.461	19.02	44.82
1.461	19.03	44.82
1.460	19.05	44.82
1.459	19.06	44.82
1.457	19.09	44.82
1.456	19.11	44.82
1.455	19.14	44.82
1.453	19.16	44.82
1.452	19.18	44.82
1.451	19.19	44.82
1.450	19.22	44.82
1.448	19.24	44.81
1.448	19.25	44.81
1.447	19.24	44.81
1.446	19.26	44.81
1.444	19.30	44.81
1.441	19.34	44.81
1.440	19.36	44.81
1.440	19.37	44.81
1.439	19.37	44.81
1.438	19.39	44.81
1.437	19.40	44.81
1.436	19.41	44.81
1.435	19.43	44.81
1.434	19.43	44.81
1.432	19.45	44.81
1.430	19.47	44.81
1.430	19.47	44.81
1.429	19.48	44.81
1.430	19.49	44.81
1.430	19.49	44.81
1.429	19.50	44.81
1.428	19.51	44.81
1.428	19.52	44.81
1.426	19.55	44.81
1.424	19.57	44.81
1.423	19.60	44.80
1.422	19.62	44.80
1.421	19.63	44.80
1.420	19.65	44.80
1.420	19.66	44.80
1.419	19.67	44.80
1.418	19.69	44.80
1.417	19.70	44.80
1.416	19.71	44.80
1.415	19.73	44.80
1.415	19.73	44.80
1.414	19.76	44.80
1.412	19.79	44.80
1.409	19.82	44.80
1.408	19.84	44.80
1.407	19.85	44.80
1.407	19.86	44.80
1.406	19.87	44.80
1.405	19.88	44.80
1.405	19.89	44.80
1.404	19.89	44.80
1.403	19.90	44.80
1.402	19.92	44.80
1.400	19.93	44.80
1.399	19.95	44.80
1.397	19.97	44.80
1.397	19.98	44.80
1.396	20.00	44.80
1.394	20.04	44.80
1.392	20.06	44.80
1.391	20.09	44.80
1.389	20.11	44.80
1.388	20.13	44.80
1.387	20.15	44.80
1.386	20.15	44.80
1.386	20.17	44.80
1.386	20.17	44.79
1.386	20.17	44.79
1.386	20.18	44.79
1.386	20.18	44.79
1.385	20.20	44.79
1.385	20.21	44.79
1.384	20.21	44.79
1.383	20.23	44.79
1.383	20.25	44.79
1.382	20.26	44.79
1.381	20.28	44.79
1.379	20.30	44.79
1.378	20.32	44.79
1.377	20.34	44.79
1.376	20.35	44.79
1.375	20.36	44.79
1.374	20.38	44.79
1.373	20.38	44.79
1.372	20.40	44.79
1.371	20.40	44.79
1.370	20.40	44.79
1.369	20.41	44.79
1.368	20.43	44.79
1.367	20.44	44.79
1.366	20.47	44.78
1.365	20.49	44.78
1.364	20.51	44.78
1.362	20.53	44.78
1.361	20.55	44.78
1.360	20.58	44.78
1.359	20.58	44.78
1.359	20.59	44.78
1.358	20.61	44.78
1.358	20.61	44.78
1.358	20.62	44.78
1.357	20.63	44.78
1.357	20.64	44.78
1.356	20.65	44.77
1.356	20.66	44.77
1.355	20.67	44.77
1.354	20.70	44.77
1.353	20.71	44.77
1.352	20.73	44.77
1.351	20.75	44.77
1.350	20.77	44.77
1.348	20.79	44.77
1.347	20.81	44.77
1.346	20.83	44.77
1.345	20.85	44.77
1.343	20.85	44.77
1.342	20.87	44.77
1.341	20.88	44.77
1.340	20.89	44.77
1.339	20.91	44.77
1.338	20.92	44.77
1.336	20.96	44.77
1.333	21.01	44.77
1.331	21.04	44.77
1.329	21.08	44.77
1.328	21.11	44.77
1.327	21.11	44.77
1.327	21.12	44.77
1.327	21.14	44.77
1.327	21.14	44.76
1.327	21.15	44.76
1.326	21.16	44.76
1.326	21.16	44.76
1.325	21.19	44.76
1.323	21.21	44.76
1.322	21.24	44.76
1.321	21.26	44.76
1.321	21.26	44.76
1.320	21.28	44.76
1.320	21.29	44.76
1.319	21.29	44.76
1.318	21.31	44.76
1.318	21.31	44.76
1.317	21.32	44.76
1.317	21.33	44.76
1.316	21.34	44.76
1.315	21.35	44.76
1.315	21.35	44.76
1.314	21.36	44.76
1.313	21.38	44.76
1.311	21.39	44.76
1.311	21.40	44.76
1.311	21.41	44.76
1.310	21.42	44.75
1.309	21.44	44.75
1.308	21.47	44.75
1.306	21.48	44.75
1.305	21.51	44.75
1.304	21.53	44.75
1.303	21.54	44.75
1.303	21.55	44.75
1.303	21.55	44.75
1.303	21.56	44.75
1.302	21.58	44.75
1.301	21.59	44.75
1.301	21.60	44.75
1.300	21.62	44.75
1.299	21.63	44.75
1.298	21.65	44.75
1.298	21.65	44.75
1.297	21.67	44.75
1.296	21.70	44.75
1.295	21.72	44.75
1.294	21.74	44.75
1.293	21.76	44.75
1.292	21.77	44.75
1.291	21.79	44.75
1.290	21.81	44.75
1.290	21.81	44.75
1.289	21.82	44.75
1.288	21.83	44.75
1.287	21.84	44.75
1.286	21.86	44.75
1.286	21.86	44.75
1.286	21.87	44.74
1.285	21.87	44.74
1.285	21.88	44.74
1.284	21.90	44.74
1.283	21.91	44.74
1.282	21.93	44.74
1.281	21.97	44.74
1.279	21.98	44.74
1.278	22.01	44.74
1.276	22.05	44.74
1.275	22.07	44.74
1.273	22.10	44.74
1.273	22.12	44.74
1.272	22.14	44.74
1.271	22.16	44.74
1.270	22.17	44.74
1.270	22.17	44.73
1.270	22.19	44.73
1.269	22.23	44.73
1.267	22.28	44.73
1.266	22.33	44.73
1.265	22.36	44.73
1.263	22.40	44.73
1.261	22.43	44.73
1.259	22.50	44.73
1.258	22.51	44.73
1.257	22.54	44.73
1.257	22.54	44.73
1.256	22.55	44.73
1.255	22.56	44.73
1.254	22.57	44.73
1.253	22.58	44.73
1.252	22.59	44.73
1.251	22.59	44.73
1.251	22.60	44.73
1.250	22.60	44.73
1.250	22.60	44.73
1.249	22.61	44.73
1.249	22.61	44.73
1.248	22.60	44.73
1.247	22.61	44.73
1.246	22.63	44.73
1.245	22.63	44.73
1.244	22.64	44.73
1.243	22.64	44.73
1.243	22.64	44.73
1.242	22.65	44.73
1.241	22.66	44.73
1.241	22.67	44.73
1.240	22.70	44.73
1.239	22.69	44.73
1.238	22.71	44.73
1.237	22.72	44.73
1.237	22.72	44.73
1.236	22.73	44.72
1.235	22.74	44.72
1.234	22.77	44.72
1.232	22.83	44.72
1.231	22.83	44.72
1.231	22.84	44.72
1.230	22.88	44.72
1.229	22.86	44.72
1.229	22.91	44.72
1.229	22.91	44.72
1.229	22.91	44.72
1.228	22.94	44.72
1.228	22.94	44.72
1.227	22.95	44.72
1.227	22.97	44.72
1.227	22.95	44.72
1.227	22.97	44.72
1.226	22.99	44.72
1.226	22.98	44.72
1.225	23.01	44.72
1.224	23.03	44.72
1.224	23.05	44.72
1.223	23.08	44.72
1.222	23.08	44.72
1.220	23.12	44.72
1.219	23.21	44.72
1.218	23.23	44.72
1.216	23.34	44.72
1.215	23.36	44.72
1.214	23.42	44.72
1.212	23.52	44.72
1.210	23.51	44.72
1.210	23.54	44.72
1.209	23.55	44.72
1.208	23.53	44.72
1.208	23.55	44.72
1.207	23.55	44.72
1.206	23.53	44.72
1.205	23.56	44.72
1.204	23.54	44.72
1.204	23.53	44.72
1.203	23.56	44.72
1.203	23.54	44.72
1.203	23.54	44.72
1.203	23.56	44.72
1.202	23.53	44.72
1.201	23.55	44.72
1.200	23.55	44.72
1.199	23.54	44.72
1.198	23.56	44.72
1.197	23.55	44.72
1.196	23.55	44.72
1.196	23.56	44.72
1.195	23.53	44.72
1.194	23.55	44.72
1.193	23.55	44.72
1.193	23.53	44.72
1.193	23.56	44.72
1.192	23.54	44.72
1.191	23.54	44.72
1.190	23.57	44.72
1.189	23.54	44.72
1.189	23.55	44.72
1.188	23.56	44.72
1.188	23.54	44.72
1.187	23.57	44.71
1.187	23.55	44.71
1.186	23.55	44.71
1.186	23.57	44.71
1.185	23.54	44.71
1.184	23.56	44.71
1.184	23.56	44.71
1.183	23.54	44.71
1.183	23.57	44.71
1.182	23.55	44.71
1.182	23.55	44.71
1.181	23.57	44.71
1.181	23.54	44.71
1.180	23.56	44.71
1.180	23.56	44.71
1.180	23.54	44.71
1.180	23.56	44.71
1.180	23.56	44.71
1.180	23.55	44.71
1.180	23.56	44.71
1.180	23.57	44.71
1.180	23.56	44.71
1.180	23.57	44.71
1.180	23.57	44.71
1.180	23.57	44.71
1.180	23.58	44.71
1.180	23.58	44.71
1.180	23.58	44.71
1.180	23.52	44.71
1.180	23.54	44.71
1.180	23.57	44.71
1.180	23.54	44.71
1.180	23.56	44.71
1.180	23.56	44.71
1.180	23.55	44.71
1.180	23.56	44.71
1.180	23.56	44.71
1.180	23.54	44.71
1.180	23.57	44.71
1.180	23.53	44.71
1.180	23.55	44.71
1.180	23.57	44.71
1.180	23.53	44.71
1.180	23.57	44.71
1.180	23.55	44.71
1.180	23.54	44.71
1.180	23.56	44.71
1.180	23.55	44.71
1.180	23.54	44.71
1.180	23.56	44.71
1.180	23.54	44.71
1.180	23.56	44.71
1.180	23.55	44.71
1.180	23.54	44.71
1.180	23.55	44.71
1.180	23.55	44.71
1.180	23.54	44.71
1.180	23.56	44.71
1.180	23.54	44.71
1.180	23.55	44.71
1.180	23.56	44.71
1.180	23.53	44.71
1.180	23.55	44.71
1.180	23.55	44.71
1.180	23.53	44.71
1.180	23.56	44.71
1.180	23.54	44.71
1.180	23.55	44.71
1.180	23.55	44.71
1.180	23.55	44.71
1.180	23.55	44.71
1.180	23.55	44.71
1.180	23.54	44.71
1.180	23.55	44.71
1.180	23.53	44.71
1.180	23.54	44.71
1.180	23.56	44.71
1.180	23.54	44.71
1.180	23.56	44.71
1.180	23.56	44.71
1.180	23.54	44.71
1.180	23.56	44.71
1.180	23.54	44.71
1.180	23.54	44.71
1.180	23.56	44.71
1.180	23.54	44.71
