1.075	23.59	15.01
1.075	23.59	15.01
1.075	23.59	15.01
1.075	23.59	15.01
1.075	23.59	15.02
1.075	23.59	15.02
1.075	23.59	15.02
1.075	23.59	15.03
1.075	23.59	15.03
1.075	23.59	15.03
1.075	23.59	15.04
1.075	23.59	15.04
1.075	23.59	15.04
1.075	23.59	15.04
1.075	23.59	15.05
1.075	23.59	15.05
1.075	23.59	15.05
1.075	23.59	15.06
1.075	23.59	15.06
1.075	23.59	15.06
1.075	23.59	15.06
1.075	23.59	15.07
1.075	23.59	15.07
1.075	23.59	15.07
1.075	23.59	15.08
1.075	23.59	15.08
1.075	23.59	15.08
1.075	23.59	15.08
1.075	23.59	15.08
1.075	23.59	15.09
1.075	23.59	15.09
1.075	23.59	15.09
1.075	23.59	15.10
1.075	23.59	15.10
1.075	23.59	15.10
1.075	23.59	15.10
1.075	23.59	15.11
1.075	23.59	15.11
1.075	23.59	15.11
1.076	23.59	15.11
1.075	23.59	15.11
1.076	23.59	15.12
1.076	23.59	15.12
1.076	23.59	15.12
1.076	23.59	15.12
1.076	23.59	15.13
1.076	23.59	15.13
1.076	23.59	15.13
1.076	23.59	15.13
1.076	23.59	15.13
1.076	23.59	15.14
1.076	23.59	15.14
1.076	23.59	15.14
1.076	23.59	15.14
1.076	23.59	15.14
1.076	23.59	15.15
1.076	23.59	15.15
1.076	23.59	15.15
1.076	23.59	15.15
1.076	23.59	15.15
1.076	23.59	15.15
1.076	23.59	15.15
1.076	23.59	15.16
1.076	23.59	15.16
1.076	23.59	15.16
1.076	23.59	15.16
1.076	23.59	15.16
1.076	23.59	15.16
1.076	23.59	15.17
1.076	23.59	15.17
1.076	23.59	15.17
1.076	23.59	15.17
1.076	23.59	15.17
1.076	23.59	15.17
1.076	23.59	15.17
1.076	23.59	15.18
1.076	23.59	15.18
1.076	23.59	15.18
1.076	23.59	15.18
1.076	23.59	15.18
1.076	23.59	15.18
1.076	23.59	15.18
1.076	23.59	15.18
1.076	23.59	15.18
1.076	23.59	15.18
1.076	23.59	15.19
1.076	23.59	15.19
1.076	23.59	15.19
1.076	23.59	15.19
1.076	23.59	15.19
1.076	23.59	15.19
1.076	23.59	15.19
1.076	23.59	15.20
1.076	23.59	15.20
1.076	23.59	15.20
1.076	23.59	15.20
1.076	23.59	15.20
1.076	23.59	15.20
1.076	23.59	15.20
1.076	23.59	15.20
1.076	23.59	15.20
1.076	23.59	15.21
1.076	23.59	15.21
1.076	23.59	15.21
1.076	23.59	15.21
1.076	23.59	15.21
1.076	23.59	15.21
1.076	23.59	15.21
1.076	23.59	15.21
1.076	23.59	15.21
1.076	23.59	15.22
1.076	23.59	15.22
1.076	23.59	15.22
1.076	23.59	15.22
1.077	23.59	15.22
1.077	23.59	15.22
1.078	23.59	15.22
1.078	23.59	15.22
1.078	23.59	15.22
1.079	23.59	15.22
1.079	23.59	15.22
1.079	23.59	15.22
1.079	23.59	15.22
1.080	23.59	15.22
1.080	23.59	15.22
1.080	23.59	15.22
1.081	23.59	15.22
1.082	23.59	15.22
1.082	23.59	15.23
1.083	23.59	15.23
1.083	23.59	15.23
1.083	23.59	15.23
1.084	23.59	15.23
1.084	23.59	15.23
1.084	23.59	15.23
1.084	23.59	15.23
1.084	23.59	15.23
1.085	23.59	15.23
1.086	23.59	15.23
1.086	23.58	15.23
1.087	23.59	15.24
1.088	23.59	15.24
1.088	23.59	15.24
1.089	23.59	15.24
1.089	23.59	15.24
1.090	23.59	15.24
1.090	23.59	15.24
1.091	23.59	15.24
1.092	23.59	15.24
1.092	23.59	15.24
1.093	23.59	15.24
1.093	23.59	15.24
1.093	23.59	15.24
1.093	23.59	15.24
1.094	23.59	15.25
1.094	23.59	15.25
1.095	23.59	15.25
1.095	23.59	15.25
1.096	23.59	15.25
1.096	23.59	15.25
1.097	23.59	15.25
1.097	23.59	15.25
1.098	23.59	15.25
1.098	23.59	15.25
1.099	23.59	15.25
1.099	23.59	15.25
1.100	23.59	15.25
1.100	23.59	15.25
1.101	23.59	15.25
1.101	23.59	15.26
1.102	23.59	15.26
1.102	23.59	15.26
1.103	23.59	15.26
1.103	23.59	15.26
1.103	23.59	15.26
1.103	23.59	15.26
1.104	23.59	15.26
1.104	23.59	15.26
1.105	23.59	15.26
1.105	23.59	15.26
1.106	23.59	15.26
1.107	23.59	15.26
1.107	23.59	15.27
1.108	23.59	15.27
1.108	23.59	15.27
1.109	23.58	15.27
1.109	23.58	15.27
1.110	23.55	15.27
1.111	23.54	15.27
1.111	23.52	15.27
1.112	23.45	15.27
1.112	23.44	15.27
1.113	23.41	15.27
1.113	23.37	15.27
1.114	23.38	15.27
1.114	23.35	15.27
1.115	23.33	15.27
1.116	23.25	15.27
1.116	23.20	15.28
1.117	23.20	15.28
1.117	23.18	15.28
1.117	23.12	15.28
1.118	23.12	15.28
1.118	23.10	15.28
1.119	23.09	15.28
1.120	23.08	15.28
1.120	23.05	15.28
1.121	23.04	15.28
1.122	23.03	15.28
1.122	22.99	15.28
1.123	22.98	15.28
1.123	22.97	15.28
1.124	22.96	15.28
1.124	22.96	15.28
1.125	22.92	15.28
1.125	22.92	15.28
1.126	22.92	15.28
1.126	22.89	15.28
1.126	22.89	15.29
1.127	22.88	15.29
1.127	22.87	15.29
1.127	22.88	15.29
1.127	22.87	15.29
1.128	22.84	15.29
1.129	22.83	15.29
1.130	22.80	15.29
1.131	22.78	15.29
1.131	22.77	15.29
1.132	22.75	15.29
1.132	22.76	15.29
1.132	22.74	15.29
1.133	22.74	15.29
1.134	22.74	15.29
1.134	22.70	15.29
1.135	22.70	15.29
1.136	22.69	15.29
1.137	22.67	15.29
1.138	22.66	15.29
1.139	22.64	15.29
1.139	22.64	15.29
1.139	22.64	15.29
1.139	22.64	15.29
1.140	22.64	15.29
1.141	22.63	15.29
1.142	22.63	15.29
1.142	22.62	15.29
1.143	22.62	15.29
1.144	22.61	15.29
1.144	22.61	15.29
1.145	22.61	15.29
1.146	22.60	15.29
1.146	22.60	15.29
1.147	22.59	15.29
1.147	22.59	15.29
1.149	22.58	15.29
1.150	22.57	15.29
1.152	22.56	15.29
1.153	22.54	15.29
1.153	22.52	15.29
1.154	22.51	15.29
1.154	22.51	15.29
1.155	22.50	15.29
1.155	22.46	15.29
1.156	22.44	15.29
1.156	22.44	15.29
1.156	22.43	15.29
1.156	22.42	15.29
1.156	22.41	15.29
1.157	22.39	15.29
1.157	22.38	15.29
1.157	22.38	15.29
1.158	22.37	15.29
1.158	22.36	15.30
1.158	22.35	15.30
1.158	22.34	15.30
1.159	22.33	15.30
1.159	22.32	15.30
1.159	22.31	15.30
1.159	22.30	15.30
1.160	22.28	15.30
1.160	22.27	15.30
1.161	22.25	15.30
1.161	22.24	15.30
1.161	22.24	15.30
1.162	22.21	15.30
1.163	22.18	15.30
1.163	22.16	15.30
1.165	22.14	15.30
1.165	22.13	15.30
1.166	22.12	15.30
1.167	22.10	15.30
1.167	22.08	15.30
1.168	22.07	15.30
1.169	22.06	15.30
1.169	22.04	15.30
1.170	22.03	15.30
1.170	22.02	15.30
1.171	22.01	15.30
1.171	22.00	15.30
1.171	21.99	15.30
1.172	21.98	15.30
1.173	21.97	15.30
1.173	21.95	15.30
1.174	21.93	15.30
1.175	21.91	15.30
1.176	21.90	15.30
1.177	21.89	15.30
1.177	21.88	15.30
1.177	21.87	15.30
1.178	21.86	15.30
1.178	21.86	15.30
1.178	21.86	15.30
1.179	21.85	15.30
1.179	21.84	15.30
1.179	21.83	15.30
1.180	21.83	15.30
1.181	21.82	15.30
1.181	21.81	15.30
1.182	21.80	15.30
1.182	21.79	15.30
1.183	21.78	15.30
1.183	21.78	15.30
1.184	21.77	15.30
1.184	21.76	15.30
1.184	21.76	15.30
1.185	21.74	15.30
1.185	21.73	15.30
1.186	21.72	15.30
1.186	21.72	15.30
1.186	21.71	15.30
1.187	21.70	15.30
1.188	21.68	15.30
1.189	21.66	15.30
1.190	21.64	15.30
1.191	21.63	15.30
1.192	21.61	15.30
1.193	21.59	15.30
1.194	21.57	15.30
1.195	21.54	15.30
1.196	21.52	15.30
1.197	21.50	15.30
1.199	21.47	15.30
1.200	21.44	15.30
1.201	21.43	15.30
1.201	21.42	15.30
1.201	21.42	15.30
1.201	21.41	15.30
1.202	21.40	15.31
1.203	21.38	15.31
1.204	21.36	15.30
1.206	21.35	15.31
1.207	21.33	15.31
1.208	21.31	15.31
1.209	21.29	15.31
1.211	21.27	15.31
1.211	21.25	15.31
1.212	21.25	15.31
1.212	21.24	15.31
1.212	21.23	15.31
1.213	21.22	15.31
1.215	21.19	15.31
1.215	21.18	15.31
1.216	21.16	15.31
1.217	21.15	15.31
1.218	21.13	15.31
1.219	21.10	15.31
1.220	21.09	15.31
1.221	21.07	15.31
1.221	21.04	15.31
1.222	21.03	15.31
1.222	21.02	15.31
1.222	21.01	15.31
1.223	21.01	15.31
1.224	21.00	15.31
1.224	20.99	15.31
1.224	20.98	15.31
1.224	20.97	15.31
1.225	20.97	15.31
1.225	20.96	15.31
1.226	20.94	15.31
1.227	20.93	15.31
1.228	20.91	15.31
1.229	20.90	15.31
1.231	20.88	15.31
1.232	20.87	15.31
1.233	20.86	15.31
1.234	20.83	15.31
1.236	20.81	15.31
1.236	20.79	15.31
1.237	20.77	15.31
1.237	20.76	15.31
1.238	20.76	15.31
1.238	20.75	15.31
1.239	20.74	15.31
1.239	20.74	15.31
1.239	20.73	15.31
1.240	20.72	15.31
1.241	20.70	15.31
1.242	20.68	15.31
1.243	20.67	15.31
1.244	20.65	15.31
1.246	20.62	15.31
1.247	20.60	15.31
1.248	20.58	15.31
1.249	20.56	15.31
1.249	20.55	15.31
1.250	20.53	15.31
1.251	20.52	15.31
1.252	20.49	15.31
1.254	20.47	15.31
1.255	20.45	15.31
1.256	20.42	15.31
1.258	20.41	15.31
1.258	20.40	15.31
1.260	20.38	15.31
1.261	20.37	15.31
1.262	20.35	15.31
1.264	20.33	15.31
1.265	20.32	15.31
1.266	20.29	15.31
1.266	20.28	15.31
1.267	20.27	15.31
1.268	20.25	15.31
1.269	20.23	15.31
1.270	20.22	15.31
1.271	20.21	15.31
1.271	20.19	15.31
1.272	20.17	15.31
1.273	20.16	15.31
1.274	20.15	15.31
1.274	20.12	15.31
1.275	20.12	15.31
1.275	20.11	15.32
1.275	20.10	15.32
1.276	20.10	15.32
1.277	20.09	15.32
1.278	20.07	15.32
1.279	20.05	15.32
1.280	20.03	15.32
1.280	20.02	15.32
1.281	20.01	15.31
1.282	19.98	15.32
1.283	19.97	15.32
1.285	19.95	15.32
1.285	19.93	15.32
1.286	19.93	15.32
1.287	19.91	15.32
1.288	19.90	15.32
1.289	19.89	15.32
1.289	19.88	15.32
1.289	19.88	15.32
1.289	19.88	15.32
1.290	19.87	15.32
1.290	19.86	15.32
1.291	19.85	15.32
1.292	19.84	15.32
1.292	19.84	15.32
1.292	19.82	15.32
1.293	19.82	15.32
1.293	19.82	15.32
1.293	19.80	15.32
1.294	19.80	15.32
1.294	19.79	15.32
1.295	19.78	15.32
1.295	19.78	15.32
1.295	19.77	15.32
1.297	19.76	15.32
1.298	19.74	15.32
1.300	19.71	15.32
1.302	19.68	15.32
1.303	19.66	15.32
1.304	19.63	15.32
1.305	19.62	15.32
1.306	19.60	15.32
1.307	19.58	15.32
1.308	19.57	15.32
1.308	19.56	15.32
1.308	19.56	15.32
1.309	19.56	15.32
1.309	19.55	15.32
1.310	19.52	15.32
1.313	19.48	15.32
1.315	19.45	15.32
1.316	19.44	15.32
1.317	19.42	15.32
1.319	19.42	15.32
1.319	19.40	15.32
1.320	19.39	15.32
1.321	19.37	15.32
1.322	19.37	15.32
1.322	19.36	15.32
1.323	19.35	15.32
1.324	19.33	15.32
1.325	19.32	15.32
1.325	19.31	15.32
1.326	19.29	15.32
1.328	19.27	15.32
1.330	19.24	15.32
1.331	19.22	15.32
1.333	19.18	15.32
1.335	19.15	15.32
1.337	19.12	15.32
1.338	19.11	15.32
1.339	19.09	15.32
1.339	19.09	15.32
1.339	19.08	15.32
1.339	19.08	15.32
1.339	19.08	15.32
1.339	19.07	15.32
1.339	19.07	15.32
1.340	19.06	15.32
1.341	19.04	15.32
1.342	19.03	15.32
1.343	19.01	15.32
1.344	19.00	15.32
1.345	18.99	15.32
1.346	18.97	15.32
1.347	18.95	15.32
1.348	18.95	15.32
1.349	18.93	15.32
1.350	18.92	15.32
1.352	18.91	15.32
1.352	18.89	15.32
1.353	18.89	15.32
1.354	18.87	15.32
1.355	18.85	15.32
1.357	18.83	15.32
1.358	18.81	15.32
1.359	18.80	15.32
1.360	18.78	15.32
1.362	18.76	15.32
1.362	18.75	15.32
1.363	18.73	15.32
1.364	18.71	15.31
1.365	18.70	15.31
1.366	18.68	15.31
1.366	18.66	15.31
1.367	18.66	15.31
1.368	18.64	15.31
1.368	18.63	15.31
1.368	18.63	15.31
1.369	18.62	15.31
1.369	18.62	15.31
1.370	18.61	15.31
1.370	18.60	15.31
1.372	18.58	15.31
1.372	18.56	15.31
1.373	18.55	15.31
1.374	18.55	15.31
1.376	18.51	15.31
1.378	18.50	15.31
1.379	18.48	15.31
1.380	18.47	15.31
1.381	18.46	15.31
1.383	18.43	15.31
1.385	18.42	15.31
1.386	18.40	15.31
1.387	18.38	15.31
1.388	18.38	15.31
1.388	18.38	15.31
1.388	18.37	15.31
1.388	18.37	15.31
1.389	18.34	15.31
1.391	18.33	15.31
1.391	18.33	15.31
1.391	18.31	15.31
1.391	18.32	15.31
1.391	18.31	15.31
1.393	18.30	15.31
1.394	18.28	15.31
1.396	18.26	15.31
1.397	18.23	15.31
1.399	18.21	15.31
1.400	18.19	15.31
1.401	18.18	15.31
1.402	18.17	15.31
1.404	18.14	15.31
1.405	18.13	15.31
1.406	18.11	15.31
1.408	18.08	15.31
1.410	18.06	15.31
1.411	18.03	15.31
1.413	18.02	15.31
1.415	18.00	15.31
1.416	17.99	15.31
1.418	17.97	15.31
1.419	17.95	15.31
1.420	17.94	15.31
1.421	17.93	15.31
1.421	17.92	15.31
1.422	17.91	15.31
1.422	17.91	15.31
1.423	17.88	15.31
1.424	17.89	15.31
1.424	17.88	15.31
1.426	17.86	15.31
1.427	17.84	15.31
1.429	17.81	15.31
1.430	17.82	15.31
1.431	17.79	15.31
1.432	17.76	15.31
1.433	17.76	15.31
1.434	17.74	15.31
1.436	17.71	15.31
1.438	17.68	15.31
1.439	17.64	15.31
1.441	17.64	15.31
1.442	17.62	15.31
1.444	17.59	15.31
1.446	17.57	15.31
1.448	17.55	15.31
1.449	17.53	15.31
1.450	17.52	15.31
1.452	17.50	15.31
1.453	17.49	15.31
1.454	17.48	15.31
1.455	17.46	15.31
1.456	17.45	15.31
1.458	17.44	15.31
1.458	17.43	15.31
1.459	17.42	15.31
1.459	17.42	15.31
1.459	17.41	15.31
1.459	17.41	15.31
1.461	17.39	15.31
1.464	17.36	15.31
1.466	17.34	15.31
1.467	17.32	15.31
1.469	17.31	15.31
1.470	17.30	15.31
1.471	17.26	15.31
1.472	17.26	15.31
1.474	17.25	15.31
1.475	17.22	15.31
1.477	17.18	15.31
1.478	17.17	15.31
1.479	17.17	15.31
1.479	17.16	15.31
1.479	17.14	15.31
1.483	17.12	15.31
1.485	17.09	15.31
1.487	17.07	15.31
1.488	17.07	15.31
1.489	17.05	15.31
1.490	17.04	15.31
1.490	17.04	15.31
1.490	17.03	15.31
1.491	17.03	15.31
1.492	17.02	15.31
1.493	16.99	15.31
1.495	16.99	15.31
1.496	16.97	15.31
1.497	16.95	15.31
1.497	16.95	15.31
1.497	16.95	15.31
1.497	16.95	15.31
1.497	16.94	15.31
1.497	16.94	15.31
1.497	16.94	15.31
1.497	16.93	15.31
1.497	16.93	15.31
1.498	16.92	15.31
1.499	16.91	15.31
1.500	16.90	15.31
1.503	16.88	15.31
1.504	16.86	15.31
1.506	16.84	15.31
1.508	16.81	15.31
1.510	16.78	15.31
1.512	16.77	15.31
1.513	16.74	15.31
1.515	16.73	15.31
1.516	16.72	15.31
1.516	16.70	15.31
1.516	16.70	15.31
1.517	16.69	15.31
1.518	16.68	15.31
1.519	16.68	15.31
1.520	16.64	15.31
1.522	16.63	15.31
1.523	16.63	15.31
1.524	16.61	15.31
1.526	16.60	15.31
1.528	16.58	15.31
1.530	16.56	15.31
1.532	16.55	15.31
1.533	16.54	15.31
1.533	16.53	15.31
1.533	16.54	15.31
1.533	16.52	15.31
1.533	16.53	15.31
1.533	16.52	15.31
1.533	16.52	15.31
1.533	16.52	15.31
1.533	16.52	15.31
1.533	16.52	15.31
1.533	16.52	15.31
1.533	16.51	15.31
1.533	16.52	15.31
1.532	16.52	15.31
1.532	16.51	15.31
1.532	16.52	15.31
1.532	16.52	15.31
1.532	16.51	15.31
1.532	16.52	15.31
1.533	16.51	15.31
1.535	16.49	15.31
1.537	16.48	15.31
1.539	16.46	15.31
1.540	16.44	15.31
1.541	16.44	15.31
1.542	16.42	15.31
1.544	16.41	15.31
1.545	16.37	15.31
1.547	16.36	15.31
1.550	16.33	15.31
1.552	16.30	15.31
1.554	16.29	15.31
1.554	16.29	15.31
1.555	16.27	15.31
1.555	16.26	15.31
1.557	16.25	15.31
1.558	16.22	15.31
1.561	16.21	15.31
1.562	16.18	15.31
1.564	16.16	15.31
1.566	16.15	15.31
1.569	16.12	15.31
1.570	16.12	15.31
1.573	16.10	15.31
1.575	16.08	15.31
1.576	16.07	15.31
1.576	16.06	15.31
1.577	16.06	15.31
1.578	16.05	15.31
1.579	16.03	15.31
1.580	16.02	15.31
1.581	16.00	15.31
1.583	15.98	15.31
1.584	15.97	15.31
1.584	15.96	15.31
1.585	15.95	15.31
1.586	15.94	15.31
1.587	15.93	15.31
1.588	15.91	15.31
1.590	15.89	15.31
1.593	15.86	15.31
1.595	15.83	15.31
1.596	15.81	15.31
1.597	15.80	15.31
1.598	15.80	15.31
1.599	15.77	15.31
1.599	15.77	15.31
1.600	15.75	15.31
1.602	15.73	15.31
1.604	15.69	15.31
1.607	15.65	15.31
1.610	15.63	15.31
1.612	15.61	15.31
1.613	15.59	15.31
1.615	15.60	15.31
1.616	15.59	15.31
1.617	15.58	15.31
1.618	15.58	15.31
1.619	15.58	15.31
1.620	15.56	15.31
1.620	15.57	15.31
1.620	15.56	15.31
1.622	15.54	15.31
1.623	15.53	15.31
1.625	15.49	15.31
1.626	15.48	15.31
1.627	15.47	15.31
1.629	15.43	15.31
1.630	15.42	15.31
1.631	15.40	15.31
1.632	15.38	15.31
1.634	15.37	15.31
1.636	15.33	15.31
1.638	15.30	15.31
1.640	15.29	15.31
1.641	15.25	15.31
1.642	15.24	15.31
1.643	15.23	15.31
1.644	15.21	15.31
1.645	15.21	15.31
1.645	15.22	15.31
1.646	15.18	15.31
1.646	15.21	15.31
1.647	15.22	15.31
1.648	15.22	15.31
1.649	15.21	15.31
1.651	15.19	15.31
1.651	15.13	15.31
1.652	15.11	15.31
1.654	15.12	15.31
1.655	15.11	15.31
1.656	15.06	15.31
1.657	15.11	15.31
1.658	15.13	15.31
1.659	15.11	15.31
1.660	15.11	15.31
1.661	15.08	15.31
1.662	15.04	15.31
1.664	15.02	15.31
1.664	15.03	15.31
1.665	15.09	15.31
1.666	15.04	15.31
1.668	15.03	15.31
1.669	15.02	15.31
1.670	14.94	15.31
1.671	14.93	15.31
1.672	14.93	15.31
1.672	14.92	15.31
1.672	14.92	15.31
1.673	14.94	15.31
1.673	14.98	15.31
1.673	14.99	15.31
1.674	14.99	15.31
1.675	14.98	15.31
1.675	14.93	15.31
1.676	14.80	15.31
1.676	14.81	15.31
1.677	14.92	15.31
1.678	14.82	15.31
1.679	14.84	15.31
1.680	14.81	15.31
1.680	14.86	15.31
1.681	14.84	15.31
1.682	14.79	15.31
1.683	14.82	15.31
1.684	14.80	15.31
1.686	14.76	15.31
1.686	14.79	15.31
1.687	14.78	15.31
1.687	14.72	15.31
1.688	14.75	15.31
1.688	14.69	15.31
1.689	14.76	15.31
1.689	14.76	15.31
1.689	14.71	15.31
1.689	14.73	15.31
1.689	14.68	15.31
1.689	14.70	15.31
1.689	14.75	15.31
1.689	14.66	15.31
1.689	14.75	15.31
1.689	14.68	15.31
1.689	14.77	15.31
1.689	14.73	15.31
1.689	14.71	15.31
1.689	14.72	15.31
1.690	14.71	15.31
1.693	14.68	15.31
1.694	14.64	15.31
1.694	14.71	15.31
1.695	14.68	15.31
1.696	14.70	15.31
1.696	14.67	15.31
1.697	14.60	15.31
1.698	14.60	15.31
1.698	14.61	15.31
1.700	14.64	15.31
1.701	14.67	15.31
1.702	14.64	15.31
1.703	14.61	15.31
1.704	14.55	15.31
1.705	14.62	15.31
1.706	14.60	15.31
1.707	14.59	15.31
1.707	14.60	15.31
1.708	14.60	15.31
1.709	14.59	15.31
1.709	14.58	15.31
1.710	14.58	15.31
1.711	14.55	15.31
1.712	14.50	15.31
1.712	14.50	15.31
1.713	14.49	15.31
1.714	14.52	15.31
1.715	14.51	15.31
1.716	14.50	15.31
1.716	14.46	15.31
1.716	14.44	15.31
1.717	14.49	15.31
1.718	14.49	15.31
1.718	14.41	15.31
1.719	14.40	15.31
1.719	14.43	15.31
1.720	14.39	15.31
1.720	14.48	15.31
1.720	14.46	15.31
1.720	14.42	15.31
1.721	14.49	15.31
1.722	14.40	15.31
1.723	14.44	15.31
1.724	14.45	15.31
1.725	14.36	15.31
1.725	14.39	15.31
1.725	14.37	15.31
1.725	14.43	15.31
1.726	14.43	15.31
1.727	14.37	15.30
1.728	14.34	15.30
1.729	14.41	15.31
1.730	14.38	15.31
1.731	14.39	15.30
1.732	14.39	15.30
1.733	14.36	15.30
1.733	14.36	15.30
1.734	14.33	15.30
1.735	14.36	15.30
1.737	14.35	15.30
1.738	14.32	15.30
1.739	14.30	15.30
1.739	14.22	15.30
1.740	14.20	15.30
1.742	14.19	15.30
1.742	14.21	15.30
1.743	14.26	15.30
1.743	14.23	15.30
1.744	14.21	15.30
1.744	14.25	15.30
1.744	14.22	15.30
1.746	14.24	15.30
1.747	14.25	15.30
1.749	14.21	15.30
1.749	14.20	15.30
1.749	14.20	15.30
1.749	14.11	15.30
1.749	14.16	15.30
1.749	14.19	15.30
1.749	14.16	15.30
1.749	14.16	15.30
1.750	14.18	15.30
1.751	14.14	15.30
1.752	14.16	15.30
1.753	14.13	15.30
1.754	14.15	15.30
1.755	14.13	15.30
1.756	14.10	15.30
1.756	14.11	15.30
1.757	14.12	15.30
1.758	14.07	15.30
1.760	14.08	15.30
1.761	14.07	15.30
1.762	14.08	15.30
1.763	14.07	15.30
1.763	14.04	15.30
1.764	14.04	15.30
1.765	14.06	15.30
1.765	14.03	15.30
1.766	14.06	15.30
1.767	14.02	15.30
1.768	14.02	15.30
1.769	14.02	15.30
1.770	14.01	15.30
1.770	13.99	15.30
1.770	14.00	15.30
1.770	13.99	15.30
1.769	14.01	15.30
1.769	14.02	15.30
1.769	14.00	15.30
1.769	14.00	15.30
1.769	13.99	15.30
1.769	14.01	15.30
1.769	14.02	15.30
1.770	13.98	15.30
1.770	14.00	15.30
1.771	14.00	15.30
1.772	13.97	15.30
1.773	13.98	15.30
1.775	13.98	15.30
1.777	13.96	15.30
1.778	13.97	15.30
1.779	13.93	15.30
1.780	13.93	15.30
1.781	13.94	15.30
1.781	13.91	15.30
1.782	13.93	15.30
1.783	13.93	15.30
1.783	13.88	15.30
1.784	13.91	15.30
1.784	13.89	15.30
1.785	13.89	15.30
1.786	13.90	15.30
1.787	13.87	15.30
1.788	13.85	15.30
1.789	13.87	15.30
1.790	13.84	15.30
1.791	13.82	15.30
1.792	13.81	15.30
1.793	13.83	15.30
1.794	13.84	15.30
1.795	13.78	15.30
1.796	13.79	15.30
1.797	13.80	15.30
1.798	13.76	15.30
1.799	13.76	15.30
1.800	13.76	15.30
1.803	13.74	15.30
1.803	13.75	15.30
1.804	13.74	15.30
1.805	13.73	15.30
1.805	13.75	15.30
1.806	13.71	15.30
1.806	13.72	15.30
1.806	13.72	15.30
1.806	13.71	15.30
1.805	13.72	15.30
1.805	13.70	15.30
1.805	13.71	15.30
1.805	13.74	15.30
1.805	13.69	15.30
1.806	13.69	15.30
1.809	13.68	15.30
1.810	13.67	15.30
1.812	13.68	15.30
1.813	13.65	15.30
1.814	13.65	15.30
1.816	13.66	15.30
1.817	13.60	15.30
1.818	13.62	15.30
1.820	13.60	15.30
1.821	13.59	15.30
1.822	13.60	15.30
1.824	13.56	15.30
1.825	13.57	15.30
1.826	13.58	15.30
1.827	13.57	15.30
1.828	13.57	15.30
1.829	13.56	15.30
1.829	13.55	15.30
1.829	13.56	15.30
1.830	13.52	15.30
1.830	13.57	15.30
1.830	13.52	15.30
1.829	13.50	15.30
1.829	13.49	15.30
1.829	13.56	15.30
1.829	13.48	15.30
1.829	13.54	15.30
1.829	13.53	15.30
1.829	13.55	15.30
1.829	13.51	15.30
1.828	13.56	15.30
1.828	13.52	15.30
1.829	13.55	15.30
1.830	13.51	15.30
1.830	13.51	15.30
1.831	13.52	15.30
1.832	13.50	15.30
1.834	13.50	15.30
1.835	13.48	15.30
1.836	13.48	15.30
1.837	13.47	15.30
1.838	13.45	15.30
1.838	13.46	15.30
1.838	13.47	15.30
1.840	13.43	15.30
1.841	13.45	15.30
1.843	13.41	15.30
1.844	13.40	15.30
1.846	13.43	15.30
1.846	13.37	15.30
1.847	13.44	15.30
1.848	13.41	15.30
1.849	13.33	15.30
1.850	13.37	15.30
1.851	13.36	15.30
1.852	13.34	15.30
1.852	13.31	15.30
1.851	13.34	15.30
1.851	13.37	15.30
1.851	13.34	15.30
1.851	13.27	15.30
1.851	13.32	15.30
1.854	13.30	15.30
1.856	13.30	15.30
1.856	13.28	15.30
1.856	13.28	15.30
1.856	13.31	15.30
1.856	13.35	15.30
1.856	13.37	15.30
1.856	13.34	15.30
1.856	13.30	15.30
1.855	13.28	15.30
1.855	13.31	15.30
1.855	13.33	15.29
1.855	13.35	15.29
1.855	13.36	15.29
1.855	13.36	15.29
1.855	13.35	15.29
1.855	13.36	15.29
1.856	13.28	15.29
1.857	13.31	15.29
1.857	13.34	15.29
1.858	13.28	15.29
1.860	13.25	15.29
1.862	13.24	15.29
1.864	13.27	15.29
1.866	13.27	15.29
1.867	13.25	15.29
1.868	13.26	15.29
1.869	13.26	15.29
1.870	13.24	15.29
1.871	13.14	15.29
1.871	13.27	15.29
1.872	13.13	15.29
1.874	13.26	15.29
1.876	13.10	15.29
1.878	13.21	15.29
1.880	13.10	15.29
1.882	13.13	15.29
1.884	13.07	15.29
1.886	13.18	15.29
1.887	13.12	15.29
1.889	13.06	15.29
1.890	13.07	15.29
1.891	13.13	15.29
1.892	13.10	15.29
1.893	12.97	15.29
1.894	13.06	15.29
1.895	13.03	15.29
1.896	12.98	15.29
1.898	13.00	15.29
1.900	12.99	15.29
1.902	12.98	15.29
1.902	12.97	15.29
1.903	12.91	15.29
1.905	12.92	15.29
1.907	12.92	15.29
1.909	12.90	15.29
1.910	12.91	15.29
1.911	12.94	15.29
1.914	12.88	15.29
1.916	12.91	15.29
1.918	12.87	15.29
1.919	12.89	15.29
1.922	12.83	15.29
1.924	12.86	15.29
1.927	12.81	15.29
1.928	12.83	15.29
1.929	12.78	15.29
1.930	12.78	15.29
1.932	12.68	15.29
1.935	12.76	15.29
1.938	12.76	15.29
1.941	12.72	15.29
1.943	12.74	15.29
1.946	12.70	15.29
1.948	12.59	15.29
1.950	12.71	15.29
1.952	12.64	15.29
1.953	12.64	15.29
1.953	12.68	15.29
1.954	12.62	15.29
1.957	12.58	15.29
1.959	12.57	15.29
1.960	12.54	15.29
1.963	12.59	15.29
1.966	12.58	15.29
1.969	12.49	15.29
1.972	12.48	15.29
1.974	12.47	15.29
1.976	12.46	15.29
1.977	12.45	15.29
1.977	12.41	15.29
1.978	12.42	15.29
1.980	12.42	15.29
1.983	12.46	15.29
1.985	12.46	15.29
1.986	12.40	15.29
1.986	12.37	15.29
1.986	12.37	15.29
1.987	12.36	15.29
1.987	12.45	15.29
1.987	12.40	15.29
1.989	12.40	15.29
1.990	12.38	15.29
1.991	12.37	15.29
1.991	12.33	15.29
1.994	12.33	15.29
1.995	12.30	15.29
1.996	12.29	15.29
1.998	12.28	15.29
2.000	12.31	15.29
2.003	12.31	15.29
2.006	12.28	15.29
2.008	12.23	15.29
2.010	12.22	15.29
2.012	12.25	15.29
2.012	12.21	15.29
2.014	12.23	15.29
2.015	12.24	15.29
2.017	12.23	15.29
2.019	12.19	15.29
2.021	12.20	15.29
2.024	12.18	15.29
2.026	12.13	15.29
2.028	12.14	15.29
2.030	12.13	15.29
2.032	12.10	15.29
2.035	12.10	15.29
2.038	12.06	15.29
2.041	12.04	15.29
2.043	12.04	15.29
2.044	12.02	15.29
2.045	12.03	15.29
2.046	12.03	15.29
2.048	12.00	15.29
2.051	12.00	15.29
2.054	11.98	15.29
2.056	11.96	15.29
2.058	11.95	15.29
2.058	11.95	15.29
2.059	11.93	15.29
2.063	11.92	15.29
2.065	11.88	15.29
2.065	11.89	15.29
2.066	11.88	15.29
2.066	11.90	15.29
2.066	11.88	15.29
2.066	11.87	15.29
2.067	11.87	15.29
2.071	11.81	15.29
2.076	11.78	15.29
2.079	11.81	15.29
2.082	11.79	15.29
2.084	11.72	15.29
2.085	11.74	15.29
2.086	11.72	15.29
2.087	11.73	15.29
2.088	11.79	15.29
2.090	11.68	15.29
2.092	11.78	15.29
2.093	11.69	15.29
2.094	11.73	15.29
2.094	11.67	15.29
2.095	11.76	15.29
2.097	11.68	15.29
2.098	11.73	15.29
2.100	11.64	15.29
2.101	11.73	15.29
2.103	11.64	15.29
2.104	11.71	15.29
2.105	11.67	15.29
2.107	11.63	15.29
2.109	11.61	15.29
2.110	11.60	15.29
2.112	11.63	15.29
2.113	11.64	15.29
2.116	11.64	15.29
2.118	11.50	15.29
2.120	11.57	15.29
2.121	11.60	15.29
2.122	11.55	15.29
2.123	11.51	15.29
2.124	11.56	15.29
2.124	11.56	15.29
2.125	11.49	15.29
2.126	11.54	15.29
2.128	11.56	15.29
2.128	11.48	15.29
2.128	11.48	15.29
2.131	11.54	15.29
2.134	11.54	15.29
2.137	11.41	15.29
2.139	11.48	15.29
2.143	11.40	15.29
2.146	11.38	15.29
2.147	11.46	15.29
2.147	11.36	15.29
2.149	11.36	15.29
2.150	11.43	15.29
2.153	11.29	15.29
2.155	11.37	15.29
2.158	11.39	15.29
2.160	11.27	15.29
2.162	11.30	15.29
2.163	11.27	15.29
2.164	11.33	15.29
2.165	11.35	15.29
2.167	11.33	15.29
2.169	11.31	15.29
2.171	11.24	15.29
2.173	11.29	15.29
2.176	11.26	15.29
2.178	11.20	15.29
2.179	11.28	15.29
2.180	11.28	15.29
2.181	11.21	15.29
2.182	11.16	15.29
2.186	11.21	15.29
2.188	11.22	15.29
2.189	11.18	15.29
2.189	11.15	15.29
2.190	11.20	15.29
2.192	11.16	15.29
2.193	11.09	15.29
2.194	11.18	15.29
2.194	11.12	15.29
2.195	11.10	15.29
2.197	11.16	15.29
2.199	11.17	15.29
2.202	11.14	15.29
2.206	11.07	15.29
2.210	11.05	15.29
2.213	11.04	15.29
2.215	11.01	15.29
2.216	11.02	15.29
2.218	11.00	15.29
2.221	11.03	15.29
2.222	10.96	15.29
2.224	10.98	15.29
2.225	10.95	15.29
2.226	10.96	15.29
2.228	10.95	15.29
2.228	10.94	15.29
2.230	10.93	15.29
2.232	10.93	15.29
2.233	10.91	15.29
2.234	10.92	15.29
2.236	10.89	15.29
2.238	10.89	15.29
2.239	10.90	15.29
2.240	10.86	15.29
2.240	10.86	15.29
2.241	10.87	15.29
2.243	10.84	15.29
2.245	10.84	15.29
2.248	10.83	15.29
2.250	10.82	15.29
2.252	10.82	15.29
2.253	10.81	15.29
2.254	10.81	15.29
2.256	10.81	15.29
2.258	10.78	15.29
2.260	10.79	15.29
2.261	10.78	15.29
2.263	10.76	15.29
2.264	10.78	15.29
2.265	10.76	15.29
2.266	10.76	15.29
2.267	10.76	15.29
2.268	10.74	15.29
2.269	10.72	15.29
2.270	10.74	15.29
2.271	10.71	15.29
2.272	10.73	15.29
2.273	10.72	15.29
2.275	10.71	15.29
2.276	10.73	15.29
2.276	10.72	15.29
2.277	10.70	15.29
2.279	10.70	15.29
2.282	10.70	15.29
2.284	10.69	15.29
2.285	10.67	15.29
2.287	10.67	15.29
2.289	10.65	15.29
2.290	10.60	15.29
2.293	10.61	15.29
2.295	10.61	15.29
2.296	10.60	15.29
2.297	10.60	15.29
2.298	10.59	15.29
2.299	10.58	15.29
2.300	10.57	15.29
2.301	10.56	15.29
2.303	10.57	15.29
2.303	10.57	15.29
2.303	10.55	15.29
2.303	10.55	15.29
2.304	10.54	15.29
2.305	10.54	15.29
2.305	10.55	15.29
2.306	10.53	15.29
2.307	10.52	15.29
2.308	10.53	15.29
2.310	10.49	15.29
2.312	10.51	15.29
2.313	10.49	15.29
2.313	10.49	15.29
2.313	10.50	15.29
2.313	10.50	15.29
2.313	10.48	15.29
2.312	10.50	15.29
2.312	10.49	15.29
2.312	10.50	15.29
2.312	10.49	15.29
2.312	10.49	15.29
2.312	10.49	15.29
2.314	10.48	15.29
2.317	10.47	15.29
2.318	10.49	15.29
2.320	10.46	15.29
2.322	10.45	15.29
2.325	10.45	15.29
2.327	10.42	15.29
2.330	10.41	15.29
2.332	10.40	15.29
2.335	10.40	15.29
2.338	10.39	15.29
2.340	10.35	15.29
2.342	10.36	15.29
2.343	10.37	15.29
2.344	10.33	15.29
2.346	10.34	15.29
2.346	10.34	15.29
2.347	10.33	15.29
2.349	10.34	15.29
2.351	10.32	15.29
2.352	10.30	15.29
2.353	10.31	15.29
2.355	10.29	15.29
2.356	10.29	15.29
2.358	10.29	15.29
2.359	10.27	15.29
2.360	10.29	15.29
2.361	10.29	15.29
2.362	10.27	15.29
2.365	10.27	15.29
2.366	10.27	15.29
2.366	10.26	15.29
2.367	10.26	15.29
2.369	10.23	15.29
2.369	10.25	15.29
2.369	10.25	15.29
2.369	10.23	15.29
2.369	10.25	15.29
2.368	10.24	15.29
2.368	10.25	15.29
2.368	10.25	15.29
2.368	10.23	15.29
2.368	10.24	15.29
2.368	10.24	15.29
2.368	10.24	15.29
2.367	10.26	15.29
2.368	10.23	15.29
2.369	10.24	15.29
2.370	10.23	15.30
2.371	10.22	15.29
2.373	10.22	15.29
2.374	10.21	15.29
2.376	10.20	15.30
2.378	10.20	15.30
2.380	10.18	15.30
2.380	10.19	15.30
2.383	10.19	15.29
2.384	10.17	15.30
2.386	10.17	15.30
2.388	10.16	15.30
2.388	10.15	15.30
2.389	10.15	15.30
2.391	10.13	15.30
2.391	10.14	15.30
2.391	10.13	15.30
2.392	10.11	15.30
2.394	10.12	15.30
2.394	10.13	15.30
2.395	10.12	15.30
2.397	10.12	15.30
2.398	10.12	15.30
2.399	10.12	15.30
2.401	10.11	15.30
2.402	10.09	15.30
2.404	10.08	15.30
2.405	10.05	15.30
2.407	10.03	15.30
2.408	10.05	15.30
2.409	10.04	15.30
2.410	10.03	15.30
2.412	10.03	15.30
2.413	10.02	15.30
2.415	10.01	15.30
2.416	10.01	15.30
2.416	9.99	15.30
2.415	10.00	15.30
2.415	10.00	15.30
2.415	9.99	15.30
2.415	10.00	15.30
2.415	10.00	15.30
2.415	10.00	15.30
2.414	10.01	15.30
2.415	9.99	15.30
2.416	10.00	15.30
2.417	9.99	15.30
2.418	9.98	15.30
2.419	9.99	15.30
2.421	9.98	15.30
2.422	9.98	15.30
2.424	9.98	15.30
2.428	9.95	15.30
2.430	9.94	15.30
2.432	9.94	15.30
2.433	9.92	15.30
2.435	9.92	15.30
2.437	9.91	15.30
2.439	9.90	15.30
2.440	9.92	15.30
2.440	9.90	15.30
2.441	9.89	15.30
2.443	9.90	15.30
2.444	9.88	15.30
2.446	9.88	15.30
2.448	9.86	15.30
2.449	9.86	15.30
2.450	9.86	15.30
2.453	9.84	15.30
2.455	9.84	15.30
2.456	9.84	15.30
2.455	9.84	15.30
2.455	9.84	15.30
2.455	9.84	15.30
2.455	9.84	15.30
2.454	9.85	15.30
2.454	9.83	15.30
2.454	9.85	15.30
2.454	9.85	15.30
2.454	9.84	15.30
2.454	9.84	15.30
2.455	9.84	15.30
2.456	9.83	15.30
2.458	9.83	15.30
2.459	9.82	15.30
2.461	9.82	15.30
2.463	9.83	15.30
2.465	9.80	15.30
2.466	9.80	15.30
2.468	9.80	15.30
2.469	9.78	15.30
2.471	9.78	15.30
2.473	9.76	15.30
2.474	9.76	15.30
2.476	9.77	15.30
2.476	9.75	15.30
2.477	9.75	15.30
2.478	9.76	15.30
2.480	9.73	15.30
2.482	9.73	15.30
2.483	9.73	15.30
2.485	9.72	15.30
2.488	9.72	15.30
2.490	9.69	15.30
2.491	9.69	15.30
2.493	9.70	15.30
2.495	9.66	15.30
2.497	9.66	15.30
2.499	9.65	15.30
2.501	9.65	15.30
2.504	9.65	15.30
2.505	9.63	15.30
2.506	9.63	15.30
2.509	9.63	15.30
2.511	9.59	15.30
2.512	9.60	15.30
2.513	9.59	15.30
2.515	9.58	15.30
2.516	9.58	15.30
2.516	9.56	15.30
2.516	9.56	15.30
2.516	9.58	15.30
2.516	9.55	15.30
2.515	9.56	15.30
2.515	9.57	15.30
2.515	9.57	15.30
2.515	9.59	15.30
2.514	9.58	15.30
2.514	9.59	15.30
2.514	9.59	15.30
2.517	9.58	15.30
2.518	9.57	15.30
2.519	9.57	15.30
2.521	9.55	15.30
2.523	9.54	15.30
2.525	9.50	15.30
2.526	9.51	15.30
2.528	9.53	15.30
2.530	9.50	15.30
2.531	9.51	15.30
2.535	9.50	15.30
2.538	9.48	15.30
2.540	9.48	15.30
2.542	9.47	15.30
2.543	9.45	15.30
2.545	9.46	15.30
2.546	9.44	15.30
2.548	9.45	15.30
2.550	9.44	15.30
2.552	9.42	15.30
2.555	9.43	15.30
2.558	9.41	15.30
2.561	9.40	15.30
2.562	9.41	15.30
2.563	9.39	15.30
2.564	9.39	15.30
2.565	9.38	15.30
2.566	9.38	15.30
2.568	9.38	15.30
2.570	9.37	15.30
2.571	9.37	15.30
2.572	9.37	15.30
2.575	9.35	15.30
2.575	9.36	15.30
2.576	9.35	15.30
2.578	9.34	15.30
2.577	9.34	15.30
2.577	9.35	15.30
2.577	9.34	15.30
2.577	9.35	15.30
2.576	9.34	15.30
2.576	9.34	15.30
2.576	9.35	15.30
2.576	9.34	15.30
2.576	9.35	15.30
2.576	9.34	15.30
2.576	9.33	15.30
2.577	9.34	15.30
2.579	9.33	15.30
2.580	9.32	15.30
2.582	9.33	15.30
2.584	9.31	15.30
2.587	9.30	15.30
2.590	9.30	15.30
2.593	9.27	15.30
2.597	9.27	15.30
2.598	9.26	15.30
2.601	9.25	15.30
2.604	9.25	15.30
2.605	9.23	15.30
2.605	9.23	15.30
2.605	9.23	15.30
2.606	9.22	15.30
2.606	9.23	15.30
2.607	9.22	15.30
2.610	9.21	15.30
2.611	9.21	15.30
2.613	9.18	15.30
2.615	9.18	15.30
2.617	9.20	15.30
2.619	9.17	15.30
2.621	9.16	15.30
2.622	9.16	15.30
2.623	9.15	15.30
2.625	9.15	15.30
2.627	9.14	15.30
2.629	9.13	15.30
2.632	9.13	15.30
2.636	9.11	15.30
2.640	9.09	15.30
2.643	9.09	15.30
2.646	9.07	15.30
2.648	9.07	15.30
2.649	9.06	15.30
2.648	9.06	15.30
2.648	9.08	15.30
2.647	9.05	15.30
2.647	9.07	15.30
2.647	9.07	15.30
2.647	9.06	15.30
2.646	9.07	15.30
2.647	9.06	15.30
2.648	9.05	15.30
2.650	9.07	15.30
2.652	9.03	15.30
2.653	9.03	15.30
2.657	9.03	15.30
2.660	9.00	15.30
2.664	9.00	15.30
2.667	8.99	15.30
2.668	8.98	15.30
2.671	8.98	15.30
2.675	8.96	15.30
2.677	8.96	15.30
2.678	8.98	15.30
2.679	8.97	15.30
2.681	8.97	15.30
2.684	8.95	15.30
2.688	8.94	15.30
2.689	8.94	15.30
2.691	8.94	15.30
2.692	8.92	15.30
2.694	8.90	15.30
2.694	8.89	15.30
2.694	8.90	15.30
2.693	8.91	15.30
2.693	8.90	15.30
2.693	8.91	15.30
2.692	8.90	15.30
2.692	8.91	15.30
2.692	8.91	15.30
2.692	8.91	15.30
2.692	8.91	15.30
2.693	8.90	15.30
2.694	8.89	15.30
2.697	8.89	15.30
2.701	8.87	15.30
2.704	8.88	15.30
2.705	8.88	15.30
2.707	8.85	15.30
2.710	8.85	15.30
2.712	8.85	15.30
2.715	8.81	15.30
2.719	8.82	15.30
2.722	8.79	15.30
2.726	8.79	15.30
2.730	8.79	15.30
2.734	8.75	15.30
2.738	8.75	15.30
2.740	8.75	15.30
2.744	8.72	15.30
2.749	8.71	15.30
2.753	8.69	15.30
2.757	8.68	15.30
2.760	8.68	15.30
2.761	8.67	15.30
2.764	8.66	15.30
2.768	8.65	15.30
2.771	8.62	15.30
2.772	8.63	15.30
2.776	8.61	15.30
2.777	8.60	15.30
2.776	8.61	15.30
2.776	8.60	15.30
2.775	8.61	15.30
2.775	8.62	15.30
2.774	8.59	15.30
2.774	8.61	15.30
2.773	8.61	15.30
2.773	8.60	15.30
2.776	8.60	15.30
2.781	8.57	15.30
2.784	8.56	15.30
2.789	8.56	15.30
2.793	8.55	15.30
2.796	8.54	15.30
2.798	8.54	15.30
2.801	8.52	15.30
2.803	8.53	15.31
2.805	8.51	15.30
2.807	8.51	15.30
2.809	8.51	15.31
2.811	8.49	15.31
2.813	8.49	15.31
2.814	8.50	15.31
2.816	8.48	15.31
2.819	8.48	15.31
2.821	8.47	15.31
2.825	8.46	15.31
2.828	8.46	15.31
2.832	8.43	15.31
2.835	8.43	15.31
2.838	8.42	15.31
2.839	8.40	15.31
2.844	8.40	15.31
2.848	8.38	15.31
2.848	8.37	15.31
2.847	8.38	15.31
2.847	8.38	15.31
2.846	8.38	15.31
2.846	8.39	15.31
2.845	8.37	15.31
2.845	8.38	15.31
2.845	8.38	15.31
2.844	8.38	15.31
2.844	8.39	15.31
2.845	8.37	15.31
2.847	8.37	15.31
2.850	8.37	15.31
2.853	8.34	15.31
2.857	8.34	15.31
2.860	8.33	15.31
2.865	8.31	15.31
2.869	8.32	15.31
2.873	8.29	15.31
2.877	8.28	15.31
2.880	8.27	15.31
2.883	8.25	15.31
2.886	8.25	15.31
2.890	8.24	15.31
2.893	8.23	15.31
2.896	8.23	15.31
2.898	8.23	15.31
2.901	8.22	15.31
2.903	8.21	15.31
2.905	8.20	15.31
2.907	8.20	15.31
2.910	8.18	15.31
2.913	8.17	15.31
2.916	8.15	15.31
2.917	8.11	15.31
2.918	8.13	15.31
2.918	8.13	15.31
2.918	8.13	15.31
2.917	8.13	15.31
2.917	8.14	15.31
2.917	8.13	15.31
2.916	8.14	15.31
2.916	8.12	15.31
2.917	8.12	15.31
2.919	8.13	15.31
2.922	8.11	15.31
2.927	8.10	15.31
2.932	8.10	15.31
2.937	8.08	15.31
2.939	8.08	15.31
2.941	8.07	15.31
2.944	8.06	15.31
2.945	8.06	15.31
2.948	8.04	15.31
2.951	8.04	15.31
2.951	8.05	15.31
2.953	8.03	15.31
2.955	8.03	15.31
2.958	8.03	15.31
2.963	8.01	15.31
2.968	8.01	15.31
2.971	8.00	15.31
2.973	7.99	15.31
2.976	8.00	15.31
2.978	7.98	15.31
2.980	7.97	15.31
2.984	7.97	15.31
2.988	7.95	15.31
2.990	7.95	15.31
2.992	7.94	15.31
2.993	7.94	15.31
2.993	7.95	15.31
2.992	7.93	15.31
2.992	7.94	15.31
2.991	7.94	15.31
2.991	7.94	15.31
2.990	7.94	15.31
2.990	7.94	15.31
2.990	7.94	15.31
2.990	7.94	15.31
2.992	7.93	15.31
2.994	7.93	15.31
2.995	7.93	15.31
2.996	7.92	15.31
3.000	7.92	15.31
3.004	7.90	15.31
3.007	7.89	15.31
3.011	7.88	15.31
3.013	7.87	15.31
3.019	7.85	15.31
3.025	7.84	15.31
3.027	7.83	15.31
3.028	7.83	15.31
3.033	7.82	15.31
3.039	7.80	15.31
3.040	7.80	15.31
3.042	7.79	15.31
3.045	7.77	15.31
3.045	7.78	15.31
3.048	7.76	15.31
3.054	7.74	15.31
3.060	7.73	15.31
3.065	7.71	15.31
3.071	7.71	15.31
3.072	7.68	15.31
3.073	7.69	15.31
3.077	7.69	15.31
3.080	7.66	15.31
3.083	7.66	15.31
3.087	7.66	15.31
3.092	7.64	15.31
3.095	7.65	15.31
3.097	7.63	15.31
3.096	7.63	15.31
3.095	7.64	15.31
3.095	7.63	15.31
3.094	7.63	15.31
3.094	7.64	15.31
3.093	7.63	15.31
3.099	7.62	15.31
3.106	7.60	15.31
3.112	7.59	15.31
3.117	7.60	15.31
3.121	7.57	15.31
3.124	7.55	15.31
3.127	7.56	15.31
3.132	7.54	15.31
3.134	7.54	15.31
3.136	7.54	15.31
3.139	7.53	15.31
3.143	7.52	15.31
3.148	7.51	15.31
3.152	7.50	15.31
3.154	7.51	15.31
3.154	7.50	15.31
3.153	7.50	15.31
3.153	7.50	15.31
3.152	7.51	15.31
3.152	7.50	15.31
3.151	7.51	15.31
3.151	7.49	15.31
3.150	7.49	15.31
3.152	7.48	15.31
3.154	7.49	15.31
3.159	7.48	15.31
3.163	7.47	15.31
3.167	7.47	15.31
3.169	7.45	15.31
3.174	7.43	15.31
3.178	7.44	15.31
3.180	7.42	15.31
3.182	7.41	15.31
3.185	7.41	15.31
3.187	7.40	15.31
3.188	7.40	15.31
3.189	7.39	15.31
3.191	7.39	15.31
3.191	7.39	15.31
3.191	7.38	15.31
3.192	7.38	15.31
3.193	7.38	15.31
3.196	7.37	15.31
3.201	7.37	15.31
3.208	7.35	15.31
3.216	7.32	15.31
3.222	7.31	15.31
3.224	7.31	15.31
3.228	7.29	15.31
3.229	7.29	15.31
3.232	7.27	15.31
3.235	7.27	15.31
3.243	7.26	15.31
3.246	7.24	15.31
3.251	7.24	15.31
3.253	7.23	15.31
3.258	7.22	15.31
3.264	7.21	15.31
3.264	7.21	15.31
3.264	7.21	15.31
3.263	7.21	15.31
3.262	7.21	15.31
3.262	7.21	15.31
3.261	7.21	15.31
3.261	7.21	15.31
3.261	7.21	15.31
3.266	7.20	15.31
3.270	7.19	15.31
3.276	7.19	15.31
3.281	7.17	15.31
3.284	7.16	15.31
3.288	7.17	15.31
3.293	7.15	15.31
3.300	7.14	15.31
3.304	7.13	15.31
3.308	7.11	15.31
3.311	7.12	15.31
3.316	7.11	15.31
3.322	7.09	15.31
3.328	7.08	15.31
3.333	7.07	15.31
3.338	7.06	15.31
3.343	7.06	15.31
3.346	7.04	15.31
3.349	7.04	15.31
3.353	7.04	15.31
3.355	7.02	15.31
3.354	7.03	15.31
3.353	7.02	15.31
3.352	7.02	15.31
3.352	7.02	15.31
3.351	7.02	15.31
3.351	7.03	15.31
3.351	7.03	15.31
3.353	7.01	15.31
3.355	7.02	15.31
3.358	7.00	15.31
3.361	6.99	15.31
3.363	7.00	15.31
3.367	6.98	15.31
3.370	6.99	15.31
3.372	6.98	15.31
3.378	6.96	15.31
3.382	6.96	15.31
3.387	6.95	15.31
3.393	6.94	15.31
3.400	6.93	15.31
3.406	6.91	15.31
3.410	6.91	15.31
3.414	6.89	15.31
3.418	6.87	15.31
3.422	6.88	15.31
3.426	6.87	15.31
3.430	6.86	15.31
3.434	6.87	15.31
3.438	6.84	15.31
3.442	6.84	15.31
3.447	6.83	15.31
3.450	6.82	15.31
3.453	6.82	15.31
3.457	6.82	15.31
3.460	6.82	15.31
3.461	6.81	15.31
3.460	6.81	15.31
3.459	6.81	15.31
3.458	6.81	15.31
3.458	6.81	15.31
3.457	6.81	15.31
3.457	6.81	15.31
3.458	6.79	15.31
3.463	6.82	15.31
3.467	6.79	15.31
3.472	6.77	15.31
3.478	6.78	15.31
3.482	6.75	15.31
3.487	6.75	15.31
3.491	6.75	15.31
3.496	6.73	15.31
3.501	6.74	15.31
3.504	6.73	15.31
3.507	6.72	15.31
3.510	6.74	15.31
3.514	6.71	15.31
3.519	6.71	15.31
3.524	6.72	15.31
3.528	6.69	15.31
3.534	6.70	15.31
3.538	6.69	15.31
3.539	6.68	15.31
3.540	6.70	15.31
3.541	6.68	15.31
3.543	6.68	15.31
3.546	6.70	15.31
3.550	6.67	15.31
3.553	6.69	15.31
3.553	6.68	15.31
3.553	6.67	15.31
3.552	6.69	15.31
3.552	6.67	15.31
3.551	6.67	15.31
3.551	6.69	15.31
3.550	6.67	15.31
3.550	6.68	15.31
3.550	6.68	15.31
3.554	6.66	15.31
3.559	6.68	15.31
3.562	6.65	15.31
3.566	6.65	15.31
3.571	6.66	15.31
3.575	6.63	15.31
3.580	6.64	15.31
3.586	6.63	15.31
3.595	6.61	15.31
3.601	6.62	15.31
3.605	6.60	15.31
3.610	6.59	15.31
3.614	6.61	15.31
3.620	6.59	15.31
3.626	6.58	15.31
3.632	6.58	15.31
3.638	6.55	15.31
3.645	6.57	15.31
3.650	6.54	15.31
3.654	6.52	15.31
3.659	6.56	15.31
3.664	6.51	15.31
3.669	6.51	15.31
3.674	6.52	15.31
3.678	6.47	15.31
3.683	6.49	15.31
3.685	6.51	15.31
3.684	6.48	15.31
3.684	6.51	15.31
3.683	6.48	15.31
3.682	6.50	15.31
3.681	6.50	15.31
3.681	6.48	15.31
3.684	6.49	15.31
3.690	6.49	15.31
3.694	6.46	15.31
3.700	6.50	15.31
3.709	6.46	15.31
3.718	6.44	15.31
3.724	6.47	15.31
3.728	6.44	15.31
3.734	6.45	15.31
3.740	6.45	15.31
3.747	6.42	15.31
3.753	6.44	15.31
3.759	6.43	15.31
3.765	6.41	15.31
3.773	6.43	15.31
3.781	6.39	15.31
3.789	6.40	15.31
3.796	6.40	15.31
3.802	6.37	15.31
3.805	6.40	15.31
3.807	6.37	15.31
3.809	6.36	15.31
3.812	6.40	15.31
3.815	6.35	15.31
3.816	6.35	15.31
3.819	6.37	15.31
3.823	6.32	15.32
3.824	6.37	15.32
3.824	6.35	15.31
3.823	6.32	15.31
3.822	6.37	15.32
3.821	6.34	15.31
3.821	6.34	15.32
3.820	6.32	15.32
3.820	6.32	15.32
3.820	6.33	15.32
3.827	6.33	15.32
3.834	6.31	15.32
3.839	6.29	15.32
3.846	6.27	15.32
3.853	6.32	15.32
3.859	6.34	15.32
3.866	6.27	15.32
3.873	6.28	15.32
3.879	6.26	15.32
3.883	6.22	15.32
3.889	6.26	15.32
3.895	6.24	15.32
3.896	6.22	15.32
3.900	6.26	15.32
3.905	6.22	15.32
3.910	6.23	15.32
3.913	6.24	15.32
3.915	6.22	15.32
3.919	6.25	15.32
3.923	6.23	15.32
3.929	6.21	15.32
3.936	6.25	15.32
3.938	6.22	15.32
3.938	6.22	15.32
3.937	6.24	15.32
3.936	6.21	15.32
3.935	6.24	15.32
3.934	6.24	15.32
3.938	6.21	15.32
3.944	6.26	15.32
3.950	6.22	15.32
3.958	6.23	15.32
3.965	6.25	15.32
3.973	6.22	15.32
3.981	6.24	15.32
3.986	6.23	15.32
3.992	6.21	15.32
3.998	6.26	15.32
4.003	6.24	15.32
4.007	6.22	15.32
4.012	6.24	15.32
4.020	6.21	15.32
4.028	6.22	15.32
4.036	6.23	15.32
4.044	6.21	15.32
4.051	6.24	15.32
4.056	6.22	15.32
4.063	6.22	15.32
4.070	6.24	15.32
4.071	6.20	15.32
4.070	6.22	15.32
4.069	6.23	15.32
4.068	6.20	15.32
4.067	6.24	15.32
4.066	6.22	15.32
4.065	6.21	15.32
4.065	6.24	15.32
4.065	6.21	15.32
4.076	6.21	15.32
4.085	6.23	15.32
4.092	6.20	15.32
4.098	6.23	15.32
4.103	6.22	15.32
4.108	6.20	15.32
4.112	6.23	15.32
4.121	6.20	15.32
4.131	6.21	15.32
4.141	6.23	15.32
4.149	6.20	15.32
4.154	6.23	15.32
4.159	6.22	15.32
4.163	6.19	15.32
4.166	6.24	15.32
4.169	6.21	15.32
4.172	6.21	15.32
4.174	6.22	15.32
4.179	6.20	15.32
4.184	6.22	15.32
4.193	6.23	15.32
4.204	6.20	15.32
4.206	6.23	15.32
4.205	6.21	15.32
4.204	6.21	15.32
4.203	6.23	15.32
4.202	6.20	15.32
4.201	6.22	15.32
4.200	6.22	15.32
4.200	6.20	15.32
4.199	6.24	15.32
4.198	6.22	15.32
4.198	6.20	15.32
4.198	6.24	15.32
4.198	6.20	15.32
4.197	6.22	15.32
4.197	6.23	15.32
4.197	6.19	15.32
4.197	6.22	15.32
4.203	6.21	15.32
4.214	6.21	15.32
4.222	6.24	15.32
4.226	6.20	15.32
4.232	6.21	15.32
4.239	6.23	15.32
4.245	6.22	15.32
4.252	6.21	15.32
4.261	6.20	15.32
4.270	6.20	15.32
4.276	6.21	15.32
4.283	6.21	15.32
4.290	6.21	15.32
4.296	6.19	15.32
4.302	6.18	15.32
4.307	6.27	15.32
4.314	6.23	15.32
4.321	6.21	15.32
4.327	6.23	15.32
4.335	6.21	15.32
4.342	6.20	15.32
4.348	6.23	15.32
4.352	6.21	15.32
4.353	6.21	15.32
4.354	6.23	15.32
4.354	6.20	15.32
4.354	6.23	15.32
4.354	6.21	15.32
4.354	6.21	15.32
4.354	6.23	15.32
4.354	6.20	15.32
4.353	6.21	15.32
4.353	6.23	15.32
4.352	6.20	15.32
4.352	6.24	15.32
4.351	6.22	15.32
4.351	6.20	15.32
4.350	6.23	15.32
4.350	6.21	15.32
4.350	6.21	15.32
4.349	6.24	15.32
4.350	6.20	15.32
4.350	6.23	15.32
4.350	6.22	15.32
4.350	6.20	15.32
4.350	6.24	15.32
4.349	6.21	15.32
4.349	6.20	15.32
4.349	6.23	15.32
4.349	6.20	15.32
4.349	6.22	15.32
4.349	6.22	15.32
4.349	6.20	15.32
4.348	6.24	15.32
4.348	6.21	15.32
4.348	6.20	15.32
4.348	6.24	15.32
4.348	6.20	15.32
4.348	6.21	15.32
4.348	6.23	15.32
4.348	6.20	15.32
4.348	6.24	15.32
4.348	6.22	15.32
4.348	6.20	15.32
4.348	6.23	15.32
4.347	6.20	15.32
4.347	6.22	15.32
4.347	6.22	15.32
4.347	6.20	15.32
4.347	6.23	15.32
4.347	6.21	15.32
4.347	6.20	15.32
4.347	6.24	15.32
4.347	6.21	15.32
4.347	6.21	15.32
4.347	6.22	15.32
4.347	6.21	15.32
4.347	6.23	15.32
4.347	6.21	15.32
4.347	6.20	15.32
4.347	6.23	15.32
4.347	6.20	15.32
4.347	6.21	15.32
4.347	6.24	15.32
4.347	6.20	15.32
4.347	6.22	15.32
4.347	6.22	15.32
4.347	6.20	15.32
4.347	6.23	15.32
4.347	6.22	15.32
4.347	6.20	15.32
4.347	6.24	15.32
4.346	6.20	15.32
4.346	6.22	15.32
4.346	6.22	15.32
4.346	6.20	15.32
4.346	6.24	15.32
4.346	6.21	15.32
4.346	6.21	15.32
4.346	6.23	15.32
4.346	6.20	15.32
4.346	6.21	15.32
4.346	6.23	15.32
4.346	6.20	15.32
4.346	6.23	15.32
4.347	6.21	15.32
4.347	6.19	15.32
4.347	6.23	15.32
4.347	6.21	15.32
4.347	6.21	15.32
4.347	6.23	15.32
4.347	6.19	15.32
4.347	6.22	15.32
4.347	6.22	15.32
4.347	6.22	15.32
4.347	6.20	15.32
4.347	6.21	15.32
4.347	6.20	15.32
4.347	6.20	15.32
4.347	6.20	15.32
4.347	6.20	15.32
4.347	6.19	15.32
4.347	6.20	15.32
4.347	6.28	15.32
4.347	6.22	15.32
4.347	6.20	15.32
4.347	6.23	15.32
4.347	6.20	15.32
4.347	6.22	15.32
4.347	6.23	15.32
4.346	6.21	15.32
4.346	6.23	15.32
4.346	6.21	15.32
4.346	6.21	15.32
4.345	6.23	15.32
4.344	6.20	15.32
4.342	6.21	15.32
4.341	6.23	15.32
4.340	6.20	15.32
4.339	6.23	15.32
4.337	6.21	15.32
4.334	6.21	15.32
4.332	6.23	15.32
4.325	6.21	15.32
4.319	6.22	15.32
4.315	6.23	15.32
4.310	6.20	15.32
4.306	6.22	15.32
4.299	6.22	15.32
4.293	6.21	15.32
4.288	6.23	15.32
4.283	6.21	15.32
4.274	6.21	15.32
4.262	6.23	15.32
4.255	6.20	15.32
4.246	6.21	15.32
4.237	6.23	15.32
4.228	6.20	15.32
4.227	6.23	15.32
4.225	6.21	15.32
4.220	6.20	15.32
4.221	6.24	15.32
4.222	6.20	15.32
4.221	6.21	15.32
4.215	6.23	15.32
4.212	6.19	15.32
4.207	6.22	15.32
4.202	6.22	15.32
4.196	6.21	15.32
4.190	6.24	15.32
4.182	6.20	15.32
4.175	6.21	15.32
4.172	6.23	15.32
4.169	6.20	15.32
4.163	6.22	15.32
4.158	6.22	15.32
4.150	6.21	15.32
4.144	6.24	15.32
4.141	6.22	15.32
4.135	6.21	15.32
4.128	6.23	15.32
4.122	6.21	15.32
4.114	6.23	15.32
4.112	6.22	15.32
4.109	6.20	15.32
4.108	6.24	15.32
4.104	6.21	15.32
4.101	6.21	15.32
4.093	6.23	15.32
4.084	6.21	15.32
4.077	6.21	15.32
4.073	6.23	15.32
4.067	6.21	15.32
4.059	6.23	15.32
4.053	6.21	15.32
4.051	6.20	15.32
4.051	6.24	15.32
4.050	6.21	15.32
4.050	6.21	15.32
4.050	6.23	15.32
4.050	6.21	15.32
4.045	6.24	15.32
4.035	6.22	15.32
4.026	6.22	15.32
4.020	6.24	15.32
4.017	6.22	15.32
4.018	6.20	15.32
4.018	6.24	15.32
4.016	6.21	15.32
4.008	6.23	15.32
3.998	6.22	15.32
3.991	6.21	15.32
3.984	6.24	15.32
3.978	6.23	15.32
3.973	6.22	15.32
3.969	6.26	15.32
3.967	6.21	15.32
3.966	6.24	15.32
3.963	6.24	15.32
3.959	6.21	15.32
3.955	6.26	15.32
3.952	6.23	15.32
3.943	6.22	15.32
3.937	6.23	15.32
3.936	6.22	15.32
3.936	6.22	15.32
3.929	6.21	15.32
3.927	6.22	15.32
3.928	6.22	15.32
3.929	6.20	15.32
3.930	6.22	15.32
3.930	6.29	15.32
3.922	6.24	15.32
3.916	6.24	15.32
3.915	6.26	15.32
3.913	6.21	15.32
3.910	6.24	15.32
3.909	6.23	15.32
3.906	6.21	15.32
3.904	6.26	15.32
3.900	6.23	15.32
3.897	6.22	15.32
3.897	6.25	15.32
3.896	6.22	15.32
3.891	6.23	15.32
3.887	6.24	15.32
3.883	6.22	15.32
3.878	6.25	15.32
3.875	6.24	15.32
3.874	6.22	15.32
3.872	6.26	15.32
3.871	6.22	15.32
3.869	6.24	15.32
3.867	6.25	15.32
3.861	6.22	15.32
3.859	6.27	15.32
3.859	6.24	15.32
3.859	6.22	15.32
3.856	6.28	15.32
3.851	6.24	15.32
3.850	6.24	15.32
3.849	6.27	15.32
3.848	6.24	15.32
3.844	6.29	15.32
3.840	6.28	15.32
3.835	6.26	15.32
3.833	6.31	15.32
3.832	6.29	15.32
3.830	6.27	15.32
3.828	6.31	15.32
3.826	6.29	15.32
3.823	6.31	15.32
3.821	6.32	15.32
3.819	6.29	15.32
3.819	6.34	15.32
3.817	6.32	15.32
3.817	6.29	15.32
3.817	6.34	15.32
3.817	6.30	15.32
3.818	6.32	15.32
3.818	6.33	15.32
3.816	6.29	15.32
3.815	6.35	15.32
3.812	6.33	15.32
3.806	6.31	15.32
3.803	6.37	15.32
3.801	6.33	15.32
3.798	6.34	15.32
3.795	6.37	15.32
3.792	6.35	15.32
3.788	6.38	15.32
3.784	6.38	15.32
3.780	6.34	15.32
3.777	6.39	15.32
3.775	6.37	15.32
3.774	6.36	15.32
3.772	6.40	15.32
3.768	6.36	15.32
3.760	6.39	15.32
3.752	6.40	15.32
3.745	6.39	15.32
3.738	6.43	15.32
3.733	6.40	15.32
3.730	6.41	15.32
3.727	6.44	15.32
3.723	6.41	15.32
3.718	6.43	15.32
3.712	6.44	15.32
3.709	6.42	15.32
3.705	6.45	15.32
3.702	6.44	15.32
3.700	6.43	15.32
3.699	6.47	15.32
3.694	6.43	15.32
3.692	6.45	15.32
3.691	6.47	15.32
3.690	6.44	15.32
3.690	6.46	15.32
3.689	6.46	15.32
3.688	6.44	15.32
3.687	6.48	15.32
3.686	6.45	15.32
3.683	6.46	15.32
3.681	6.49	15.32
3.680	6.46	15.32
3.678	6.48	15.32
3.675	6.48	15.32
3.673	6.48	15.32
3.668	6.50	15.32
3.667	6.49	15.32
3.666	6.48	15.32
3.666	6.47	15.32
3.666	6.47	15.32
3.665	6.48	15.32
3.663	6.48	15.32
3.660	6.48	15.32
3.657	6.48	15.32
3.652	6.47	15.32
3.651	6.50	15.32
3.648	6.54	15.32
3.646	6.51	15.32
3.643	6.51	15.32
3.642	6.53	15.32
3.640	6.50	15.32
3.638	6.53	15.32
3.635	6.52	15.32
3.630	6.51	15.32
3.625	6.57	15.32
3.620	6.53	15.32
3.615	6.56	15.32
3.612	6.58	15.32
3.607	6.55	15.32
3.605	6.58	15.32
3.603	6.57	15.32
3.603	6.56	15.32
3.602	6.59	15.32
3.600	6.58	15.32
3.600	6.57	15.32
3.598	6.60	15.32
3.595	6.57	15.32
3.593	6.59	15.32
3.591	6.60	15.32
3.585	6.57	15.32
3.585	6.61	15.32
3.582	6.60	15.32
3.581	6.58	15.32
3.581	6.61	15.32
3.580	6.59	15.32
3.577	6.61	15.32
3.572	6.62	15.32
3.570	6.60	15.32
3.570	6.62	15.32
3.571	6.62	15.32
3.571	6.60	15.32
3.571	6.62	15.32
3.572	6.61	15.32
3.572	6.61	15.32
3.572	6.62	15.32
3.573	6.60	15.32
3.573	6.63	15.32
3.572	6.62	15.32
3.571	6.61	15.32
3.570	6.63	15.32
3.568	6.61	15.32
3.566	6.62	15.32
3.563	6.64	15.32
3.561	6.62	15.32
3.559	6.63	15.32
3.556	6.64	15.32
3.553	6.63	15.32
3.549	6.67	15.32
3.545	6.66	15.32
3.544	6.65	15.32
3.542	6.68	15.32
3.539	6.65	15.32
3.536	6.67	15.32
3.532	6.69	15.32
3.527	6.66	15.32
3.523	6.69	15.32
3.522	6.69	15.32
3.518	6.67	15.32
3.513	6.70	15.32
3.510	6.69	15.32
3.506	6.70	15.32
3.506	6.70	15.32
3.505	6.69	15.32
3.504	6.71	15.32
3.503	6.70	15.32
3.501	6.69	15.32
3.496	6.72	15.32
3.490	6.71	15.32
3.485	6.72	15.32
3.481	6.73	15.32
3.472	6.72	15.32
3.466	6.74	15.32
3.462	6.76	15.32
3.458	6.75	15.32
3.455	6.78	15.32
3.453	6.76	15.32
3.448	6.76	15.32
3.446	6.80	15.32
3.447	6.78	15.32
3.447	6.78	15.32
3.440	6.81	15.32
3.433	6.79	15.32
3.433	6.81	15.32
3.433	6.82	15.32
3.427	6.80	15.32
3.421	6.83	15.32
3.416	6.83	15.32
3.411	6.84	15.32
3.410	6.85	15.32
3.410	6.84	15.32
3.407	6.85	15.32
3.399	6.85	15.32
3.394	6.86	15.32
3.390	6.88	15.32
3.389	6.87	15.32
3.389	6.88	15.32
3.385	6.88	15.32
3.382	6.89	15.32
3.377	6.90	15.32
3.377	6.89	15.32
3.378	6.89	15.32
3.374	6.90	15.32
3.367	6.90	15.32
3.362	6.92	15.32
3.360	6.94	15.32
3.359	6.92	15.32
3.353	6.94	15.32
3.352	6.95	15.32
3.352	6.94	15.32
3.352	6.96	15.32
3.348	6.96	15.32
3.342	6.96	15.32
3.336	6.98	15.32
3.335	6.96	15.32
3.333	6.98	15.32
3.330	6.99	15.32
3.327	6.98	15.32
3.323	7.01	15.32
3.322	7.00	15.32
3.320	6.99	15.32
3.317	7.02	15.32
3.313	7.01	15.32
3.305	7.03	15.32
3.298	7.05	15.32
3.293	7.04	15.32
3.284	7.07	15.32
3.277	7.07	15.33
3.271	7.07	15.33
3.269	7.09	15.32
3.266	7.09	15.33
3.264	7.10	15.33
3.263	7.10	15.33
3.264	7.09	15.33
3.262	7.12	15.33
3.257	7.12	15.33
3.253	7.11	15.32
3.251	7.13	15.33
3.249	7.12	15.33
3.246	7.13	15.33
3.243	7.14	15.33
3.235	7.14	15.33
3.226	7.17	15.33
3.222	7.17	15.33
3.219	7.17	15.33
3.217	7.19	15.33
3.215	7.19	15.33
3.212	7.19	15.33
3.212	7.20	15.33
3.212	7.21	15.33
3.209	7.20	15.33
3.207	7.21	15.33
3.206	7.20	15.33
3.203	7.22	15.33
3.200	7.23	15.33
3.196	7.23	15.33
3.194	7.23	15.33
3.193	7.24	15.33
3.193	7.23	15.33
3.186	7.25	15.33
3.181	7.27	15.33
3.176	7.29	15.33
3.175	7.29	15.33
3.175	7.28	15.33
3.175	7.29	15.33
3.174	7.28	15.33
3.171	7.29	15.33
3.170	7.29	15.33
3.170	7.29	15.33
3.168	7.30	15.33
3.166	7.30	15.33
3.164	7.31	15.33
3.164	7.32	15.33
3.164	7.31	15.33
3.165	7.31	15.33
3.165	7.31	15.33
3.165	7.30	15.33
3.165	7.31	15.33
3.166	7.32	15.33
3.166	7.31	15.33
3.166	7.32	15.33
3.165	7.31	15.33
3.161	7.32	15.33
3.156	7.34	15.33
3.149	7.35	15.33
3.142	7.37	15.33
3.134	7.38	15.33
3.129	7.39	15.33
3.127	7.39	15.33
3.126	7.39	15.33
3.125	7.39	15.33
3.123	7.41	15.33
3.118	7.40	15.33
3.111	7.42	15.33
3.105	7.43	15.33
3.103	7.44	15.33
3.102	7.45	15.33
3.100	7.45	15.33
3.097	7.45	15.33
3.094	7.47	15.33
3.091	7.47	15.33
3.086	7.48	15.33
3.084	7.49	15.33
3.083	7.49	15.33
3.082	7.51	15.33
3.079	7.52	15.33
3.076	7.52	15.33
3.069	7.54	15.33
3.066	7.55	15.33
3.065	7.55	15.33
3.060	7.57	15.33
3.057	7.55	15.33
3.055	7.55	15.33
3.053	7.53	15.33
3.053	7.56	15.33
3.050	7.59	15.33
3.046	7.58	15.33
3.043	7.59	15.33
3.040	7.61	15.33
3.037	7.61	15.33
3.033	7.62	15.33
3.027	7.62	15.33
3.024	7.63	15.33
3.025	7.64	15.33
3.025	7.63	15.33
3.024	7.63	15.33
3.021	7.65	15.33
3.018	7.65	15.33
3.012	7.66	15.33
3.006	7.69	15.33
3.002	7.69	15.33
2.998	7.70	15.33
2.994	7.71	15.33
2.991	7.73	15.33
2.989	7.75	15.33
2.988	7.74	15.33
2.987	7.74	15.33
2.988	7.76	15.33
2.988	7.74	15.33
2.989	7.75	15.33
2.989	7.73	15.33
2.989	7.73	15.33
2.989	7.76	15.33
2.987	7.75	15.33
2.983	7.76	15.33
2.981	7.78	15.33
2.975	7.79	15.33
2.972	7.80	15.33
2.965	7.81	15.33
2.958	7.82	15.33
2.953	7.85	15.33
2.949	7.85	15.33
2.944	7.87	15.33
2.941	7.89	15.33
2.938	7.87	15.33
2.938	7.88	15.33
2.936	7.89	15.33
2.935	7.88	15.33
2.934	7.89	15.33
2.932	7.89	15.33
2.932	7.89	15.33
2.932	7.91	15.33
2.932	7.90	15.33
2.932	7.89	15.33
2.933	7.90	15.33
2.929	7.91	15.33
2.924	7.92	15.33
2.923	7.90	15.33
2.919	7.91	15.33
2.919	7.93	15.33
2.918	7.92	15.33
2.914	7.94	15.33
2.913	7.95	15.33
2.913	7.94	15.33
2.913	7.94	15.33
2.912	7.94	15.33
2.910	7.94	15.33
2.910	7.96	15.33
2.908	7.96	15.33
2.904	7.96	15.33
2.901	7.99	15.33
2.898	7.98	15.33
2.895	8.00	15.33
2.894	8.01	15.33
2.891	7.92	15.33
2.888	7.90	15.33
2.887	7.90	15.33
2.885	7.91	15.33
2.884	7.92	15.33
2.883	7.91	15.33
2.882	7.92	15.33
2.880	7.94	15.33
2.877	7.95	15.33
2.876	7.96	15.33
2.873	7.97	15.33
2.869	7.98	15.33
2.865	8.00	15.33
2.864	7.97	15.33
2.864	7.98	15.33
2.862	8.01	15.33
2.861	7.99	15.33
2.861	8.01	15.33
2.861	8.01	15.33
2.860	7.98	15.33
2.855	8.04	15.33
2.854	8.01	15.33
2.854	8.01	15.33
2.855	8.04	15.33
2.855	8.00	15.33
2.855	8.02	15.33
2.855	8.01	15.33
2.856	8.00	15.33
2.856	8.03	15.33
2.856	8.04	15.33
2.856	8.04	15.33
2.857	8.04	15.33
2.852	8.06	15.33
2.847	8.06	15.33
2.847	8.07	15.33
2.843	8.07	15.33
2.836	8.06	15.33
2.830	8.03	15.33
2.825	8.05	15.33
2.822	8.10	15.33
2.820	8.09	15.33
2.817	8.11	15.33
2.813	8.13	15.33
2.811	8.12	15.33
2.809	8.14	15.33
2.807	8.13	15.33
2.805	8.14	15.33
2.803	8.15	15.33
2.801	8.15	15.33
2.798	8.14	15.33
2.795	8.17	15.33
2.793	8.14	15.33
2.790	8.16	15.33
2.788	8.18	15.33
2.786	8.17	15.33
2.786	8.18	15.33
2.784	8.16	15.33
2.783	8.19	15.33
2.782	8.23	15.33
2.782	8.20	15.33
2.782	8.21	15.33
2.780	8.24	15.33
2.772	8.24	15.33
2.766	8.27	15.33
2.762	8.27	15.33
2.757	8.28	15.33
2.753	8.31	15.33
2.750	8.32	15.33
2.747	8.33	15.33
2.744	8.35	15.33
2.742	8.33	15.33
2.740	8.35	15.33
2.738	8.37	15.33
2.737	8.37	15.33
2.734	8.40	15.33
2.732	8.38	15.33
2.729	8.40	15.33
2.728	8.41	15.33
2.726	8.42	15.33
2.725	8.43	15.33
2.722	8.46	15.33
2.722	8.44	15.33
2.719	8.46	15.33
2.717	8.45	15.33
2.718	8.44	15.33
2.718	8.47	15.33
2.719	8.43	15.33
2.719	8.45	15.33
2.716	8.48	15.33
2.710	8.47	15.33
2.708	8.49	15.33
2.708	8.49	15.33
2.707	8.48	15.33
2.701	8.51	15.33
2.694	8.51	15.33
2.688	8.53	15.33
2.685	8.56	15.33
2.682	8.54	15.33
2.680	8.56	15.33
2.677	8.57	15.33
2.675	8.57	15.33
2.672	8.58	15.33
2.670	8.58	15.33
2.668	8.59	15.33
2.667	8.60	15.33
2.666	8.58	15.33
2.664	8.60	15.33
2.663	8.61	15.33
2.661	8.60	15.33
2.660	8.62	15.33
2.659	8.62	15.33
2.657	8.62	15.33
2.656	8.64	15.33
2.655	8.62	15.33
2.653	8.64	15.33
2.650	8.67	15.33
2.649	8.64	15.33
2.649	8.66	15.33
2.646	8.68	15.33
2.641	8.69	15.33
2.638	8.72	15.33
2.637	8.69	15.33
2.635	8.72	15.33
2.631	8.76	15.33
2.629	8.76	15.33
2.628	8.75	15.33
2.628	8.80	15.33
2.627	8.77	15.33
2.625	8.79	15.33
2.623	8.81	15.33
2.622	8.80	15.33
2.621	8.82	15.33
2.620	8.83	15.33
2.619	8.90	15.33
2.616	8.85	15.33
2.615	8.80	15.33
2.614	8.92	15.33
2.613	8.90	15.33
2.612	8.92	15.33
2.612	8.93	15.33
2.611	8.94	15.33
2.611	8.96	15.33
2.609	8.95	15.33
2.607	8.93	15.33
2.605	8.90	15.33
2.605	8.88	15.33
2.604	8.91	15.33
2.603	8.96	15.33
2.602	8.95	15.33
2.600	8.93	15.33
2.598	8.98	15.33
2.598	8.94	15.33
2.596	8.95	15.33
2.592	9.01	15.33
2.592	8.94	15.33
2.592	8.96	15.33
2.593	8.97	15.33
2.593	8.97	15.33
2.593	8.99	15.33
2.593	8.99	15.33
2.593	8.98	15.33
2.593	8.97	15.33
2.594	8.97	15.33
2.594	8.98	15.33
2.589	8.98	15.33
2.582	8.99	15.33
2.578	9.02	15.33
2.575	9.02	15.33
2.573	9.04	15.33
2.570	9.05	15.33
2.565	9.06	15.33
2.561	9.11	15.33
2.560	9.13	15.33
2.559	9.11	15.33
2.557	9.12	15.33
2.556	9.12	15.33
2.555	9.11	15.33
2.554	9.14	15.33
2.552	9.11	15.33
2.551	9.12	15.33
2.550	9.16	15.33
2.548	9.13	15.33
2.546	9.16	15.33
2.545	9.14	15.33
2.544	9.13	15.33
2.543	9.17	15.33
2.542	9.16	15.33
2.540	9.18	15.33
2.537	9.17	15.33
2.535	9.16	15.33
2.534	9.20	15.33
2.534	9.21	15.33
2.534	9.17	15.33
2.534	9.19	15.33
2.534	9.18	15.33
2.531	9.20	15.33
2.528	9.24	15.33
2.528	9.18	15.33
2.528	9.21	15.33
2.528	9.23	15.33
2.527	9.18	15.33
2.520	9.22	15.33
2.514	9.23	15.33
2.510	9.27	15.33
2.507	9.26	15.33
2.504	9.25	15.33
2.502	9.28	15.33
2.500	9.31	15.33
2.499	9.30	15.33
2.497	9.32	15.33
2.495	9.35	15.33
2.494	9.32	15.33
2.492	9.36	15.33
2.490	9.37	15.33
2.489	9.36	15.33
2.489	9.37	15.33
2.489	9.37	15.33
2.488	9.38	15.33
2.486	9.41	15.33
2.485	9.36	15.33
2.483	9.39	15.33
2.482	9.38	15.33
2.481	9.39	15.33
2.481	9.42	15.33
2.478	9.38	15.33
2.478	9.37	15.33
2.478	9.39	15.33
2.478	9.34	15.33
2.478	9.39	15.33
2.477	9.38	15.33
2.477	9.43	15.33
2.475	9.38	15.33
2.474	9.39	15.33
2.473	9.43	15.33
2.471	9.43	15.33
2.470	9.46	15.33
2.468	9.52	15.33
2.467	9.49	15.33
2.465	9.42	15.33
2.464	9.49	15.33
2.462	9.49	15.33
2.458	9.55	15.33
2.454	9.53	15.33
2.448	9.59	15.33
2.444	9.66	15.33
2.441	9.66	15.33
2.439	9.65	15.33
2.436	9.59	15.33
2.434	9.58	15.33
2.431	9.54	15.33
2.430	9.72	15.33
2.428	9.67	15.33
2.425	9.55	15.33
2.421	9.55	15.33
2.416	9.67	15.33
2.410	9.73	15.33
2.404	9.75	15.33
2.400	9.63	15.33
2.397	9.65	15.33
2.395	9.64	15.33
2.393	9.75	15.33
2.392	9.76	15.33
2.390	9.74	15.33
2.389	9.81	15.33
2.386	9.87	15.33
2.381	9.90	15.33
2.378	9.89	15.33
2.376	9.82	15.33
2.375	9.78	15.33
2.374	9.83	15.33
2.372	9.84	15.33
2.373	9.84	15.33
2.372	9.85	15.33
2.368	9.86	15.33
2.363	9.92	15.33
2.358	9.91	15.33
2.353	9.93	15.33
2.347	10.02	15.33
2.340	9.95	15.33
2.335	10.02	15.33
2.330	10.06	15.33
2.329	10.08	15.33
2.329	10.07	15.33
2.328	10.07	15.33
2.326	10.04	15.33
2.325	10.00	15.33
2.322	10.07	15.33
2.321	10.06	15.33
2.320	10.10	15.33
2.318	10.08	15.33
2.318	10.05	15.33
2.317	10.06	15.33
2.315	10.07	15.33
2.313	10.16	15.33
2.311	10.07	15.33
2.307	10.12	15.33
2.305	10.20	15.33
2.305	10.17	15.33
2.304	10.16	15.33
2.303	10.22	15.33
2.300	10.16	15.33
2.299	10.18	15.33
2.297	10.22	15.33
2.296	10.28	15.33
2.295	10.28	15.33
2.295	10.25	15.33
2.294	10.15	15.33
2.294	10.31	15.33
2.293	10.34	15.33
2.291	10.23	15.33
2.290	10.34	15.33
2.289	10.19	15.33
2.287	10.32	15.33
2.286	10.25	15.33
2.286	10.24	15.33
2.285	10.37	15.33
2.284	10.25	15.33
2.284	10.35	15.33
2.283	10.27	15.33
2.283	10.24	15.33
2.283	10.40	15.33
2.283	10.28	15.33
2.283	10.18	15.33
2.283	10.24	15.33
2.283	10.38	15.33
2.282	10.39	15.33
2.281	10.33	15.33
2.280	10.30	15.33
2.279	10.26	15.33
2.279	10.27	15.33
2.277	10.31	15.33
2.276	10.36	15.33
2.276	10.36	15.33
2.274	10.38	15.33
2.266	10.45	15.33
2.258	10.48	15.33
2.253	10.53	15.33
2.250	10.38	15.33
2.248	10.49	15.33
2.247	10.48	15.34
2.245	10.44	15.33
2.243	10.58	15.33
2.241	10.42	15.33
2.239	10.44	15.33
2.238	10.59	15.34
2.237	10.48	15.33
2.236	10.49	15.34
2.234	10.41	15.34
2.231	10.51	15.34
2.229	10.61	15.33
2.227	10.47	15.34
2.226	10.60	15.34
2.223	10.54	15.34
2.222	10.65	15.34
2.222	10.57	15.34
2.222	10.65	15.34
2.222	10.59	15.34
2.221	10.62	15.34
2.218	10.64	15.34
2.215	10.69	15.34
2.211	10.66	15.34
2.207	10.62	15.34
2.204	10.54	15.34
2.202	10.60	15.34
2.200	10.67	15.34
2.198	10.63	15.34
2.196	10.66	15.34
2.194	10.69	15.34
2.193	10.67	15.34
2.191	10.72	15.34
2.190	10.71	15.34
2.190	10.71	15.34
2.189	10.72	15.34
2.189	10.69	15.34
2.189	10.71	15.34
2.189	10.72	15.34
2.186	10.70	15.34
2.183	10.73	15.34
2.183	10.76	15.34
2.183	10.74	15.34
2.181	10.75	15.34
2.178	10.78	15.34
2.175	10.77	15.34
2.172	10.83	15.34
2.171	10.78	15.34
2.169	10.82	15.34
2.167	10.86	15.34
2.164	10.84	15.34
2.160	10.90	15.34
2.157	10.90	15.34
2.154	10.87	15.34
2.152	10.93	15.34
2.151	10.89	15.34
2.149	10.94	15.34
2.149	10.94	15.34
2.147	10.90	15.34
2.146	10.93	15.34
2.142	10.95	15.34
2.139	10.95	15.34
2.137	10.99	15.34
2.135	10.97	15.34
2.134	10.97	15.34
2.132	11.01	15.34
2.130	10.98	15.34
2.130	11.03	15.34
2.131	11.07	15.34
2.131	11.00	15.34
2.131	11.05	15.34
2.131	11.03	15.34
2.131	11.00	15.34
2.131	11.07	15.34
2.131	11.03	15.34
2.132	11.06	15.34
2.132	11.08	15.34
2.132	11.01	15.34
2.130	11.05	15.34
2.129	11.09	15.34
2.127	11.03	15.34
2.126	11.06	15.34
2.123	11.09	15.34
2.120	11.21	15.34
2.118	11.25	15.34
2.118	10.99	15.34
2.117	11.07	15.34
2.116	11.20	15.34
2.115	11.14	15.34
2.114	11.16	15.34
2.113	11.19	15.34
2.110	11.18	15.34
2.106	11.11	15.34
2.105	11.21	15.34
2.103	11.35	15.34
2.102	11.22	15.34
2.102	11.17	15.34
2.101	11.20	15.34
2.099	11.27	15.34
2.098	11.26	15.34
2.096	11.26	15.34
2.093	11.25	15.34
2.092	11.30	15.34
2.091	11.30	15.34
2.088	11.29	15.34
2.087	11.36	15.34
2.085	11.37	15.34
2.086	11.30	15.34
2.086	11.32	15.34
2.086	11.30	15.34
2.086	11.29	15.34
2.085	11.40	15.34
2.080	11.39	15.34
2.077	11.44	15.34
2.075	11.45	15.34
2.074	11.47	15.34
2.073	11.40	15.34
2.071	11.34	15.34
2.069	11.39	15.34
2.067	11.40	15.34
2.067	11.40	15.34
2.067	11.48	15.34
2.066	11.49	15.34
2.061	11.50	15.34
2.059	11.41	15.34
2.058	11.55	15.34
2.057	11.52	15.34
2.055	11.56	15.34
2.053	11.50	15.34
2.051	11.54	15.34
2.049	11.57	15.34
2.047	11.64	15.34
2.046	11.65	15.34
2.043	11.60	15.34
2.041	11.55	15.34
2.039	11.64	15.34
2.037	11.64	15.34
2.036	11.58	15.34
2.035	11.61	15.34
2.035	11.75	15.34
2.033	11.69	15.34
2.032	11.68	15.34
2.030	11.64	15.34
2.027	11.69	15.34
2.024	11.72	15.34
2.022	11.71	15.34
2.022	11.75	15.34
2.021	11.77	15.34
2.018	11.73	15.34
2.015	11.81	15.34
2.013	11.79	15.34
2.010	11.77	15.34
2.006	11.85	15.34
2.004	11.85	15.34
2.001	11.90	15.34
1.999	11.92	15.34
1.997	11.83	15.34
1.996	11.86	15.34
1.996	11.90	15.34
1.995	11.88	15.34
1.994	11.94	15.34
1.992	11.87	15.34
1.992	11.94	15.34
1.991	11.93	15.34
1.987	11.89	15.34
1.984	11.95	15.34
1.983	11.97	15.34
1.982	11.97	15.34
1.982	12.00	15.34
1.982	11.93	15.34
1.983	11.98	15.34
1.983	12.02	15.34
1.981	12.00	15.34
1.979	12.02	15.34
1.977	12.04	15.34
1.976	11.99	15.34
1.975	12.03	15.34
1.974	12.02	15.34
1.973	12.01	15.34
1.973	12.11	15.34
1.971	12.04	15.34
1.970	12.07	15.34
1.969	12.11	15.34
1.967	12.04	15.34
1.966	12.10	15.34
1.965	12.11	15.34
1.965	12.08	15.34
1.964	12.11	15.34
1.963	12.10	15.34
1.962	12.13	15.34
1.962	12.15	15.34
1.962	12.10	15.34
1.960	12.17	15.34
1.957	12.17	15.34
1.955	12.25	15.34
1.953	12.09	15.34
1.952	12.25	15.34
1.949	12.27	15.34
1.946	12.25	15.34
1.944	12.18	15.34
1.942	12.26	15.34
1.941	12.26	15.34
1.940	12.28	15.34
1.939	12.38	15.34
1.937	12.35	15.34
1.936	12.34	15.34
1.935	12.30	15.34
1.934	12.26	15.34
1.933	12.33	15.34
1.932	12.37	15.34
1.932	12.30	15.34
1.930	12.38	15.34
1.930	12.27	15.34
1.930	12.37	15.34
1.930	12.35	15.34
1.930	12.31	15.34
1.930	12.32	15.34
1.930	12.35	15.34
1.928	12.30	15.34
1.927	12.34	15.34
1.927	12.38	15.34
1.927	12.34	15.34
1.926	12.40	15.34
1.925	12.39	15.34
1.923	12.31	15.34
1.921	12.40	15.34
1.921	12.34	15.34
1.920	12.34	15.34
1.918	12.42	15.34
1.915	12.41	15.34
1.914	12.44	15.34
1.913	12.45	15.34
1.912	12.37	15.34
1.912	12.50	15.34
1.912	12.54	15.34
1.911	12.53	15.34
1.911	12.55	15.34
1.910	12.54	15.34
1.909	12.59	15.34
1.908	12.56	15.34
1.907	12.59	15.34
1.906	12.56	15.34
1.906	12.47	15.34
1.905	12.51	15.34
1.904	12.57	15.34
1.903	12.54	15.34
1.903	12.54	15.34
1.902	12.58	15.34
1.901	12.50	15.34
1.900	12.56	15.34
1.900	12.59	15.34
1.899	12.52	15.34
1.899	12.59	15.34
1.898	12.57	15.34
1.897	12.58	15.34
1.894	12.59	15.34
1.894	12.56	15.34
1.894	12.62	15.34
1.893	12.59	15.34
1.893	12.61	15.34
1.893	12.63	15.34
1.893	12.58	15.34
1.893	12.63	15.34
1.893	12.62	15.34
1.893	12.60	15.34
1.893	12.62	15.34
1.893	12.66	15.34
1.892	12.59	15.34
1.892	12.58	15.34
1.891	12.68	15.34
1.891	12.71	15.34
1.891	12.72	15.34
1.890	12.66	15.34
1.890	12.66	15.34
1.890	12.69	15.34
1.889	12.61	15.34
1.887	12.61	15.34
1.884	12.65	15.34
1.882	12.73	15.34
1.880	12.74	15.34
1.878	12.74	15.34
1.877	12.70	15.34
1.876	12.71	15.34
1.875	12.73	15.34
1.873	12.78	15.34
1.872	12.74	15.34
1.871	12.67	15.34
1.870	12.78	15.34
1.869	12.78	15.34
1.869	12.72	15.34
1.868	12.76	15.34
1.867	12.83	15.34
1.866	12.84	15.34
1.865	12.86	15.34
1.864	12.80	15.34
1.862	12.87	15.34
1.860	12.90	15.34
1.858	12.88	15.34
1.856	12.93	15.34
1.855	12.91	15.34
1.854	12.93	15.34
1.853	12.97	15.34
1.852	12.94	15.34
1.851	12.96	15.34
1.851	12.99	15.34
1.850	12.94	15.34
1.849	13.00	15.34
1.849	13.00	15.34
1.848	13.00	15.34
1.847	13.02	15.34
1.847	12.98	15.34
1.846	13.01	15.34
1.845	13.06	15.34
1.844	13.02	15.34
1.843	13.04	15.34
1.842	13.07	15.34
1.840	13.04	15.34
1.840	13.07	15.34
1.839	13.07	15.34
1.838	13.08	15.34
1.837	13.12	15.34
1.835	13.09	15.34
1.833	13.13	15.34
1.832	13.16	15.34
1.832	13.12	15.34
1.830	13.17	15.34
1.829	13.17	15.34
1.827	13.17	15.34
1.826	13.22	15.34
1.824	13.21	15.34
1.823	13.21	15.34
1.822	13.24	15.34
1.821	13.21	15.34
1.820	13.25	15.34
1.818	13.26	15.34
1.817	13.26	15.34
1.816	13.28	15.34
1.816	13.24	15.34
1.815	13.22	15.34
1.815	13.24	15.34
1.814	13.26	15.34
1.813	13.27	15.34
1.812	13.27	15.34
1.812	13.29	15.34
1.812	13.30	15.34
1.812	13.26	15.34
1.811	13.27	15.34
1.810	13.30	15.34
1.809	13.30	15.34
1.807	13.27	15.34
1.804	13.23	15.34
1.803	13.20	15.34
1.802	13.23	15.34
1.801	13.31	15.34
1.799	13.27	15.34
1.797	13.29	15.34
1.795	13.33	15.34
1.794	13.33	15.34
1.793	13.36	15.34
1.793	13.33	15.34
1.792	13.32	15.34
1.791	13.33	15.34
1.791	13.32	15.34
1.790	13.35	15.34
1.789	13.36	15.34
1.789	13.39	15.34
1.788	13.44	15.34
1.787	13.40	15.34
1.786	13.37	15.34
1.785	13.47	15.34
1.784	13.39	15.34
1.783	13.41	15.34
1.783	13.44	15.34
1.782	13.43	15.34
1.781	13.48	15.34
1.780	13.48	15.34
1.780	13.47	15.34
1.779	13.50	15.34
1.778	13.47	15.34
1.777	13.48	15.34
1.777	13.54	15.34
1.775	13.46	15.34
1.772	13.54	15.34
1.770	13.60	15.34
1.768	13.56	15.34
1.766	13.64	15.34
1.765	13.59	15.34
1.764	13.64	15.34
1.762	13.64	15.34
1.761	13.60	15.34
1.760	13.59	15.34
1.759	13.64	15.34
1.758	13.62	15.34
1.757	13.66	15.34
1.757	13.68	15.34
1.755	13.68	15.34
1.754	13.72	15.34
1.753	13.64	15.34
1.752	13.66	15.34
1.751	13.69	15.34
1.749	13.66	15.34
1.747	13.72	15.34
1.746	13.74	15.34
1.746	13.70	15.34
1.745	13.72	15.34
1.743	13.73	15.34
1.742	13.76	15.34
1.741	13.80	15.34
1.739	13.76	15.34
1.738	13.80	15.34
1.737	13.80	15.34
1.736	13.78	15.34
1.736	13.83	15.34
1.735	13.83	15.34
1.734	13.77	15.34
1.734	13.87	15.34
1.733	13.84	15.34
1.733	13.84	15.34
1.732	13.88	15.34
1.731	13.78	15.34
1.730	13.85	15.34
1.730	13.90	15.34
1.729	13.93	15.34
1.728	13.96	15.34
1.727	13.89	15.34
1.726	13.92	15.34
1.725	14.05	15.34
1.724	13.97	15.34
1.724	14.04	15.34
1.722	14.00	15.34
1.721	14.03	15.34
1.721	14.00	15.34
1.719	14.02	15.34
1.717	13.95	15.34
1.714	13.93	15.34
1.712	14.14	15.34
1.711	14.03	15.34
1.710	13.97	15.34
1.709	13.93	15.34
1.709	13.97	15.34
1.708	14.10	15.34
1.707	14.03	15.34
1.705	14.14	15.34
1.704	14.12	15.34
1.703	14.13	15.34
1.703	14.17	15.34
1.702	14.09	15.34
1.700	14.14	15.34
1.699	14.16	15.34
1.698	14.11	15.34
1.698	14.18	15.34
1.697	14.20	15.34
1.695	14.20	15.34
1.691	14.23	15.34
1.688	14.24	15.34
1.686	14.28	15.34
1.685	14.30	15.34
1.684	14.31	15.34
1.683	14.30	15.34
1.681	14.21	15.34
1.679	14.24	15.34
1.677	14.33	15.34
1.676	14.33	15.34
1.676	14.38	15.34
1.674	14.41	15.34
1.674	14.35	15.34
1.674	14.42	15.34
1.673	14.46	15.34
1.672	14.38	15.34
1.672	14.45	15.34
1.670	14.47	15.34
1.667	14.50	15.34
1.665	14.58	15.34
1.663	14.57	15.34
1.662	14.60	15.34
1.660	14.65	15.34
1.659	14.63	15.34
1.657	14.65	15.34
1.655	14.69	15.34
1.652	14.69	15.34
1.651	14.72	15.34
1.650	14.72	15.34
1.650	14.71	15.34
1.648	14.75	15.34
1.645	14.74	15.34
1.643	14.77	15.34
1.641	14.84	15.34
1.640	14.81	15.34
1.638	14.86	15.34
1.637	14.86	15.34
1.635	14.87	15.34
1.634	14.94	15.34
1.632	14.94	15.34
1.630	14.96	15.34
1.629	15.02	15.34
1.628	14.99	15.34
1.628	15.03	15.34
1.628	15.05	15.34
1.628	15.00	15.34
1.627	15.07	15.34
1.627	15.07	15.34
1.625	15.08	15.34
1.623	15.14	15.34
1.620	15.16	15.34
1.617	15.22	15.34
1.614	15.28	15.34
1.611	15.28	15.34
1.608	15.35	15.34
1.606	15.38	15.34
1.603	15.40	15.34
1.600	15.47	15.34
1.597	15.48	15.34
1.595	15.50	15.34
1.592	15.56	15.34
1.591	15.56	15.34
1.590	15.58	15.34
1.589	15.59	15.34
1.588	15.62	15.34
1.587	15.65	15.34
1.586	15.66	15.34
1.586	15.66	15.34
1.585	15.68	15.34
1.584	15.69	15.34
1.583	15.71	15.34
1.582	15.74	15.34
1.581	15.73	15.34
1.580	15.76	15.34
1.580	15.77	15.34
1.579	15.78	15.34
1.579	15.79	15.34
1.578	15.79	15.34
1.577	15.81	15.34
1.576	15.82	15.34
1.575	15.83	15.34
1.576	15.83	15.34
1.576	15.84	15.34
1.575	15.85	15.34
1.574	15.87	15.34
1.573	15.87	15.34
1.572	15.89	15.34
1.571	15.91	15.34
1.570	15.91	15.34
1.569	15.92	15.34
1.568	15.95	15.34
1.567	15.95	15.34
1.565	15.97	15.34
1.564	15.98	15.34
1.563	15.99	15.34
1.562	16.01	15.34
1.561	16.01	15.34
1.560	16.02	15.34
1.560	16.03	15.34
1.560	16.02	15.34
1.560	16.03	15.34
1.559	16.04	15.34
1.558	16.03	15.34
1.557	16.05	15.34
1.555	16.05	15.34
1.553	16.06	15.34
1.552	16.08	15.34
1.551	16.09	15.34
1.551	16.09	15.34
1.550	16.11	15.34
1.550	16.11	15.34
1.549	16.11	15.34
1.548	16.12	15.34
1.548	16.13	15.34
1.547	16.14	15.34
1.546	16.12	15.34
1.545	16.14	15.34
1.545	16.17	15.34
1.544	16.16	15.34
1.544	16.18	15.34
1.543	16.19	15.34
1.543	16.18	15.34
1.542	16.20	15.34
1.541	16.21	15.34
1.541	16.22	15.34
1.540	16.24	15.34
1.539	16.24	15.34
1.539	16.24	15.34
1.539	16.26	15.34
1.538	16.25	15.34
1.538	16.26	15.34
1.538	16.26	15.34
1.538	16.25	15.34
1.537	16.26	15.34
1.537	16.27	15.34
1.537	16.27	15.34
1.536	16.28	15.34
1.536	16.28	15.34
1.534	16.32	15.34
1.533	16.33	15.34
1.533	16.32	15.34
1.533	16.33	15.34
1.532	16.35	15.34
1.532	16.34	15.34
1.532	16.35	15.34
1.531	16.35	15.34
1.531	16.36	15.34
1.530	16.37	15.34
1.530	16.36	15.34
1.529	16.38	15.34
1.529	16.39	15.34
1.528	16.39	15.34
1.526	16.41	15.34
1.525	16.43	15.34
1.524	16.43	15.34
1.523	16.45	15.34
1.522	16.44	15.34
1.522	16.46	15.34
1.521	16.47	15.34
1.520	16.47	15.34
1.519	16.48	15.34
1.518	16.49	15.34
1.518	16.48	15.34
1.517	16.49	15.34
1.517	16.49	15.34
1.515	16.50	15.34
1.514	16.51	15.34
1.511	16.52	15.34
1.509	16.54	15.34
1.509	16.55	15.34
1.509	16.55	15.34
1.508	16.56	15.34
1.506	16.58	15.34
1.505	16.59	15.34
1.504	16.61	15.34
1.503	16.61	15.34
1.502	16.63	15.34
1.502	16.65	15.34
1.501	16.65	15.34
1.501	16.66	15.34
1.500	16.67	15.34
1.500	16.67	15.34
1.499	16.69	15.34
1.499	16.69	15.34
1.498	16.69	15.34
1.498	16.71	15.34
1.497	16.71	15.34
1.496	16.73	15.34
1.496	16.74	15.34
1.494	16.75	15.34
1.493	16.78	15.34
1.492	16.79	15.34
1.491	16.80	15.34
1.491	16.82	15.34
1.490	16.82	15.34
1.490	16.82	15.34
1.490	16.83	15.34
1.490	16.82	15.34
1.490	16.83	15.34
1.490	16.84	15.34
1.490	16.83	15.34
1.490	16.84	15.34
1.489	16.84	15.34
1.489	16.84	15.34
1.489	16.85	15.34
1.488	16.85	15.34
1.487	16.87	15.34
1.486	16.88	15.34
1.484	16.89	15.34
1.483	16.91	15.34
1.482	16.93	15.34
1.481	16.93	15.34
1.480	16.95	15.34
1.479	16.95	15.34
1.477	16.96	15.34
1.476	16.97	15.34
1.476	16.98	15.34
1.475	16.99	15.34
1.473	17.00	15.34
1.471	17.02	15.34
1.470	17.04	15.34
1.469	17.05	15.34
1.468	17.06	15.34
1.466	17.07	15.34
1.464	17.06	15.34
1.463	17.10	15.34
1.462	17.13	15.34
1.461	17.14	15.34
1.461	17.15	15.34
1.461	17.16	15.34
1.461	17.15	15.34
1.461	17.17	15.34
1.460	17.17	15.34
1.459	17.18	15.34
1.459	17.20	15.34
1.458	17.19	15.34
1.457	17.21	15.34
1.456	17.23	15.34
1.455	17.22	15.34
1.454	17.24	15.34
1.454	17.24	15.34
1.454	17.26	15.34
1.452	17.28	15.34
1.451	17.29	15.34
1.449	17.31	15.34
1.448	17.34	15.34
1.447	17.34	15.34
1.446	17.36	15.34
1.445	17.38	15.34
1.444	17.38	15.34
1.443	17.40	15.34
1.441	17.41	15.34
1.440	17.41	15.34
1.439	17.42	15.34
1.439	17.41	15.34
1.439	17.42	15.34
1.439	17.43	15.34
1.439	17.41	15.34
1.439	17.44	15.34
1.437	17.44	15.34
1.435	17.45	15.34
1.433	17.49	15.34
1.432	17.48	15.34
1.431	17.50	15.34
1.430	17.52	15.34
1.430	17.51	15.34
1.429	17.53	15.34
1.428	17.55	15.34
1.427	17.55	15.34
1.426	17.58	15.34
1.425	17.59	15.34
1.424	17.61	15.34
1.423	17.64	15.34
1.422	17.64	15.34
1.421	17.66	15.34
1.421	17.68	15.34
1.420	17.67	15.34
1.418	17.70	15.34
1.417	17.73	15.34
1.416	17.73	15.34
1.415	17.75	15.34
1.415	17.77	15.34
1.415	17.77	15.34
1.414	17.78	15.34
1.413	17.78	15.34
1.412	17.81	15.34
1.411	17.83	15.34
1.410	17.83	15.34
1.409	17.85	15.34
1.408	17.85	15.34
1.408	17.86	15.34
1.407	17.90	15.34
1.407	17.87	15.34
1.406	17.90	15.34
1.406	17.92	15.34
1.406	17.86	15.34
1.406	17.89	15.34
1.405	17.92	15.34
1.405	17.92	15.34
1.404	17.92	15.34
1.404	17.93	15.34
1.403	17.91	15.34
1.401	17.94	15.34
1.399	17.94	15.34
1.399	17.95	15.34
1.399	17.95	15.34
1.398	17.95	15.34
1.397	17.98	15.34
1.396	17.99	15.34
1.394	17.99	15.34
1.393	18.03	15.34
1.393	18.04	15.34
1.392	18.05	15.34
1.391	18.05	15.34
1.391	18.05	15.34
1.390	18.09	15.34
1.389	18.11	15.34
1.388	18.11	15.34
1.387	18.12	15.34
1.386	18.13	15.34
1.386	18.14	15.34
1.385	18.16	15.34
1.385	18.16	15.34
1.384	18.16	15.34
1.383	18.20	15.34
1.382	18.21	15.34
1.381	18.23	15.34
1.379	18.26	15.34
1.378	18.28	15.34
1.376	18.30	15.34
1.374	18.33	15.34
1.372	18.35	15.34
1.371	18.35	15.34
1.370	18.32	15.34
1.370	18.35	15.34
1.370	18.37	15.34
1.369	18.36	15.34
1.366	18.38	15.34
1.365	18.41	15.34
1.364	18.41	15.34
1.364	18.44	15.34
1.364	18.43	15.34
1.364	18.43	15.34
1.363	18.45	15.34
1.362	18.44	15.34
1.361	18.46	15.34
1.359	18.49	15.34
1.358	18.50	15.34
1.357	18.53	15.34
1.356	18.55	15.34
1.355	18.55	15.34
1.355	18.59	15.34
1.354	18.57	15.34
1.354	18.60	15.34
1.353	18.61	15.34
1.352	18.60	15.34
1.352	18.63	15.34
1.352	18.65	15.34
1.351	18.66	15.34
1.349	18.68	15.34
1.348	18.69	15.34
1.347	18.72	15.34
1.346	18.75	15.34
1.345	18.75	15.34
1.343	18.77	15.34
1.342	18.81	15.34
1.341	18.80	15.34
1.339	18.83	15.34
1.338	18.86	15.34
1.337	18.86	15.34
1.336	18.86	15.34
1.336	18.85	15.34
1.336	18.87	15.34
1.336	18.88	15.34
1.336	18.85	15.34
1.336	18.89	15.34
1.334	18.91	15.34
1.332	18.92	15.34
1.330	18.93	15.34
1.329	18.96	15.34
1.328	18.98	15.34
1.327	19.00	15.34
1.326	18.98	15.34
1.326	19.00	15.34
1.326	19.03	15.34
1.326	19.01	15.34
1.325	19.02	15.34
1.325	19.03	15.34
1.325	19.03	15.34
1.324	19.07	15.34
1.323	19.08	15.34
1.322	19.09	15.34
1.322	19.09	15.34
1.321	19.10	15.34
1.321	19.13	15.34
1.319	19.16	15.34
1.317	19.16	15.34
1.316	19.19	15.34
1.315	19.22	15.34
1.313	19.24	15.34
1.312	19.27	15.34
1.310	19.28	15.34
1.308	19.32	15.34
1.306	19.34	15.34
1.306	19.33	15.34
1.306	19.33	15.34
1.305	19.35	15.34
1.303	19.36	15.34
1.301	19.39	15.34
1.300	19.40	15.34
1.299	19.42	15.34
1.298	19.44	15.34
1.297	19.45	15.34
1.296	19.47	15.34
1.296	19.50	15.34
1.295	19.50	15.34
1.294	19.54	15.34
1.293	19.55	15.34
1.293	19.54	15.34
1.293	19.56	15.34
1.292	19.57	15.34
1.292	19.58	15.34
1.292	19.59	15.34
1.292	19.58	15.34
1.291	19.60	15.34
1.291	19.61	15.34
1.290	19.62	15.34
1.289	19.65	15.34
1.288	19.66	15.34
1.286	19.69	15.34
1.284	19.73	15.34
1.283	19.73	15.34
1.282	19.76	15.34
1.281	19.78	15.34
1.280	19.80	15.34
1.279	19.80	15.34
1.279	19.82	15.34
1.278	19.83	15.34
1.277	19.84	15.34
1.276	19.85	15.34
1.277	19.85	15.34
1.276	19.84	15.34
1.276	19.81	15.34
1.275	19.84	15.34
1.273	19.88	15.34
1.271	19.90	15.34
1.270	19.92	15.34
1.269	19.94	15.34
1.268	19.95	15.34
1.267	19.99	15.34
1.265	20.02	15.34
1.264	20.03	15.34
1.264	20.05	15.34
1.263	20.03	15.34
1.262	20.07	15.34
1.261	20.10	15.34
1.259	20.13	15.34
1.257	20.17	15.34
1.256	20.19	15.34
1.255	20.22	15.34
1.254	20.24	15.34
1.253	20.24	15.34
1.252	20.26	15.34
1.252	20.28	15.34
1.251	20.27	15.34
1.251	20.29	15.34
1.250	20.31	15.34
1.249	20.31	15.34
1.248	20.33	15.34
1.246	20.32	15.34
1.245	20.33	15.34
1.245	20.35	15.34
1.243	20.39	15.34
1.242	20.40	15.34
1.241	20.43	15.34
1.240	20.43	15.34
1.239	20.47	15.34
1.238	20.48	15.34
1.238	20.49	15.34
1.237	20.52	15.34
1.235	20.56	15.34
1.234	20.57	15.34
1.233	20.58	15.34
1.232	20.61	15.34
1.232	20.64	15.34
1.231	20.65	15.34
1.230	20.64	15.34
1.228	20.70	15.34
1.227	20.70	15.34
1.225	20.74	15.34
1.223	20.79	15.34
1.221	20.81	15.34
1.220	20.82	15.34
1.219	20.81	15.34
1.217	20.82	15.34
1.216	20.85	15.34
1.216	20.88	15.34
1.215	20.87	15.34
1.215	20.89	15.34
1.214	20.89	15.34
1.214	20.90	15.34
1.214	20.92	15.34
1.213	20.93	15.34
1.213	20.94	15.34
1.212	20.95	15.34
1.212	20.95	15.34
1.212	20.97	15.34
1.211	20.97	15.34
1.211	20.99	15.34
1.211	21.01	15.34
1.210	21.01	15.34
1.210	21.03	15.34
1.209	21.05	15.34
1.208	21.04	15.34
1.208	21.06	15.34
1.207	21.09	15.34
1.206	21.10	15.34
1.205	21.12	15.34
1.205	21.14	15.34
1.204	21.16	15.34
1.203	21.17	15.34
1.202	21.18	15.34
1.202	21.21	15.34
1.201	21.23	15.34
1.200	21.23	15.34
1.199	21.25	15.34
1.199	21.26	15.34
1.198	21.26	15.34
1.198	21.28	15.34
1.197	21.28	15.34
1.197	21.28	15.34
1.197	21.28	15.34
1.197	21.28	15.34
1.197	21.29	15.34
1.196	21.30	15.34
1.195	21.30	15.34
1.194	21.31	15.34
1.194	21.31	15.34
1.194	21.31	15.34
1.193	21.34	15.34
1.192	21.34	15.34
1.192	21.35	15.34
1.191	21.36	15.34
1.190	21.38	15.34
1.189	21.40	15.34
1.188	21.42	15.34
1.188	21.44	15.34
1.187	21.45	15.34
1.187	21.46	15.34
1.186	21.48	15.34
1.186	21.49	15.34
1.185	21.49	15.34
1.185	21.51	15.34
1.184	21.53	15.34
1.184	21.53	15.34
1.183	21.55	15.34
1.183	21.55	15.34
1.182	21.56	15.34
1.182	21.57	15.34
1.181	21.58	15.34
1.181	21.59	15.34
1.181	21.60	15.34
1.181	21.59	15.34
1.180	21.62	15.34
1.179	21.65	15.34
1.177	21.67	15.34
1.177	21.69	15.34
1.176	21.70	15.34
1.176	21.71	15.34
1.176	21.73	15.34
1.175	21.73	15.34
1.175	21.74	15.34
1.174	21.76	15.34
1.173	21.76	15.34
1.172	21.78	15.34
1.172	21.78	15.34
1.171	21.79	15.34
1.170	21.80	15.34
1.170	21.81	15.34
1.170	21.81	15.34
1.169	21.82	15.34
1.169	21.82	15.34
1.168	21.84	15.34
1.167	21.85	15.34
1.166	21.86	15.34
1.165	21.88	15.34
1.165	21.89	15.34
1.164	21.91	15.34
1.164	21.93	15.34
1.163	21.93	15.34
1.163	21.95	15.34
1.162	21.96	15.34
1.162	21.96	15.34
1.161	21.97	15.34
1.161	21.98	15.34
1.160	22.00	15.34
1.160	22.02	15.34
1.160	22.03	15.34
1.159	22.04	15.34
1.159	22.05	15.34
1.158	22.06	15.34
1.158	22.07	15.34
1.157	22.10	15.34
1.157	22.10	15.34
1.156	22.10	15.34
1.156	22.12	15.34
1.155	22.14	15.34
1.155	22.15	15.34
1.155	22.16	15.34
1.154	22.16	15.34
1.153	22.18	15.34
1.153	22.18	15.34
1.153	22.22	15.34
1.152	22.25	15.34
1.152	22.25	15.34
1.151	22.30	15.34
1.151	22.27	15.34
1.150	22.32	15.34
1.150	22.33	15.34
1.149	22.34	15.34
1.148	22.36	15.34
1.148	22.34	15.34
1.148	22.39	15.34
1.147	22.38	15.34
1.146	22.42	15.34
1.145	22.47	15.34
1.145	22.45	15.34
1.145	22.48	15.34
1.145	22.46	15.34
1.144	22.50	15.34
1.144	22.46	15.34
1.143	22.48	15.34
1.143	22.53	15.34
1.142	22.49	15.34
1.141	22.54	15.34
1.140	22.52	15.34
1.140	22.56	15.34
1.139	22.56	15.34
1.138	22.55	15.34
1.138	22.53	15.34
1.137	22.58	15.34
1.137	22.56	15.34
1.136	22.54	15.34
1.136	22.59	15.34
1.135	22.56	15.34
1.135	22.57	15.34
1.134	22.59	15.34
1.134	22.59	15.34
1.133	22.58	15.34
1.132	22.59	15.34
1.132	22.61	15.34
1.131	22.59	15.34
1.130	22.63	15.34
1.129	22.63	15.34
1.129	22.61	15.34
1.128	22.64	15.34
1.128	22.63	15.34
1.127	22.63	15.34
1.126	22.63	15.34
1.125	22.61	15.34
1.124	22.62	15.34
1.124	22.66	15.34
1.123	22.71	15.34
1.122	22.68	15.34
1.121	22.77	15.34
1.119	22.76	15.34
1.118	22.76	15.34
1.118	22.80	15.34
1.117	22.67	15.34
1.116	22.80	15.34
1.116	22.83	15.34
1.115	22.70	15.34
1.115	22.87	15.34
1.114	22.83	15.34
1.114	22.91	15.34
1.114	22.78	15.34
1.114	22.82	15.34
1.113	22.94	15.34
1.112	22.91	15.34
1.111	22.93	15.34
1.110	23.01	15.34
1.109	22.93	15.34
1.109	22.97	15.34
1.108	23.10	15.34
1.108	23.00	15.34
1.107	22.94	15.34
1.106	23.15	15.34
1.105	23.17	15.34
1.104	23.05	15.34
1.103	23.29	15.34
1.103	23.18	15.34
1.102	23.06	15.34
1.102	23.39	15.34
1.101	23.25	15.34
1.101	23.14	15.34
1.101	23.35	15.34
1.101	23.31	15.34
1.100	23.15	15.34
1.100	23.12	15.34
1.099	23.42	15.34
1.098	23.36	15.34
1.098	23.13	15.34
1.097	23.19	15.34
1.096	23.18	15.34
1.096	23.19	15.34
1.096	23.27	15.34
1.095	23.31	15.34
1.095	23.35	15.34
1.095	23.37	15.34
1.094	23.34	15.34
1.094	23.33	15.34
1.094	23.27	15.34
1.093	23.19	15.34
1.093	23.34	15.34
1.093	23.24	15.34
1.092	23.18	15.34
1.092	23.22	15.34
1.092	23.13	15.34
1.091	23.19	15.34
1.090	23.31	15.34
1.089	23.29	15.34
1.088	23.35	15.34
1.087	23.30	15.34
1.087	23.34	15.34
1.086	23.41	15.34
1.085	23.39	15.34
1.085	23.29	15.34
1.085	23.30	15.34
1.084	23.35	15.34
1.084	23.36	15.34
1.083	23.32	15.34
1.083	23.26	15.34
1.083	23.33	15.34
1.082	23.25	15.34
1.081	23.25	15.34
1.081	23.39	15.34
1.080	23.29	15.34
1.080	23.23	15.35
1.080	23.36	15.34
1.080	23.19	15.34
1.080	23.28	15.34
1.079	23.27	15.34
1.079	23.29	15.34
1.078	23.28	15.35
1.078	23.29	15.35
1.078	23.27	15.35
1.077	23.31	15.34
1.077	23.20	15.34
1.077	23.30	15.34
1.076	23.42	15.34
1.076	23.22	15.34
1.076	23.23	15.34
1.076	23.29	15.34
1.076	23.31	15.34
1.075	23.35	15.35
1.075	23.37	15.35
1.074	23.25	15.34
1.074	23.27	15.34
1.073	23.28	15.35
1.073	23.39	15.35
1.072	23.44	15.35
1.072	23.33	15.35
1.072	23.32	15.35
1.071	23.25	15.35
1.070	23.31	15.34
1.071	23.27	15.34
1.071	23.35	15.35
1.071	23.32	15.34
1.071	23.36	15.35
1.071	23.25	15.35
1.071	23.22	15.34
1.071	23.21	15.34
1.071	23.16	15.35
1.071	23.28	15.35
1.071	23.41	15.35
1.071	23.31	15.35
1.071	23.39	15.35
1.071	23.34	15.35
1.071	23.30	15.35
1.071	23.29	15.35
1.071	23.24	15.35
1.071	23.40	15.35
1.071	23.33	15.34
1.071	23.22	15.35
1.071	23.41	15.35
1.071	23.30	15.35
1.071	23.28	15.35
1.071	23.34	15.35
1.071	23.26	15.35
1.071	23.29	15.35
1.071	23.34	15.35
1.071	23.25	15.35
1.071	23.29	15.35
1.071	23.34	15.35
1.071	23.26	15.35
1.071	23.34	15.35
1.071	23.26	15.35
1.071	23.26	15.35
1.071	23.35	15.35
1.071	23.28	15.35
1.071	23.31	15.35
1.071	23.38	15.35
1.071	23.26	15.35
1.071	23.34	15.35
1.071	23.36	15.35
1.071	23.26	15.35
1.071	23.37	15.35
1.071	23.23	15.35
1.071	23.25	15.35
1.071	23.39	15.35
1.071	23.23	15.35
1.071	23.33	15.35
1.071	23.31	15.35
1.071	23.26	15.35
1.071	23.34	15.35
1.071	23.33	15.35
1.071	23.20	15.35
1.071	23.31	15.35
1.071	23.27	15.35
1.071	23.32	15.35
1.071	23.36	15.35
1.071	23.26	15.35
1.071	23.31	15.35
1.071	23.43	15.35
