1.108	23.29	25.01
1.108	23.45	25.01
1.108	23.23	25.01
1.108	23.25	25.02
1.108	23.30	25.02
1.108	23.20	25.02
1.108	23.26	25.02
1.108	23.31	25.03
1.108	23.21	25.03
1.108	23.29	25.03
1.108	23.25	25.04
1.108	23.23	25.04
1.108	23.30	25.04
1.108	23.20	25.04
1.108	23.25	25.05
1.108	23.29	25.05
1.108	23.21	25.05
1.108	23.28	25.06
1.108	23.25	25.06
1.108	23.23	25.06
1.108	23.31	25.07
1.108	23.22	25.07
1.108	23.25	25.07
1.108	23.29	25.07
1.108	23.21	25.08
1.108	23.27	25.08
1.108	23.27	25.08
1.108	23.23	25.08
1.108	23.29	25.09
1.108	23.22	25.09
1.108	23.24	25.09
1.109	23.29	25.09
1.109	23.22	25.10
1.109	23.24	25.10
1.109	23.30	25.10
1.109	23.31	25.10
1.109	23.30	25.11
1.109	23.31	25.11
1.109	23.29	25.11
1.109	23.31	25.11
1.109	23.30	25.12
1.110	23.35	25.12
1.110	23.19	25.12
1.111	23.16	25.12
1.111	23.26	25.12
1.112	23.24	25.13
1.112	23.24	25.13
1.112	23.30	25.13
1.113	23.22	25.13
1.113	23.27	25.14
1.113	23.29	25.14
1.113	23.21	25.14
1.113	23.29	25.14
1.113	23.24	25.14
1.114	23.23	25.15
1.114	23.31	25.15
1.114	23.22	25.15
1.115	23.23	25.15
1.115	23.29	25.15
1.115	23.21	25.16
1.115	23.29	25.16
1.115	23.24	25.16
1.116	23.22	25.16
1.116	23.29	25.16
1.116	23.23	25.16
1.117	23.26	25.16
1.117	23.29	25.17
1.117	23.21	25.17
1.117	23.28	25.17
1.118	23.26	25.17
1.118	23.22	25.17
1.118	23.29	25.18
1.119	23.22	25.18
1.119	23.24	25.18
1.119	23.30	25.18
1.119	23.19	25.18
1.119	23.27	25.18
1.120	23.26	25.18
1.120	23.23	25.19
1.120	23.28	25.19
1.120	23.22	25.19
1.121	23.24	25.19
1.121	23.29	25.19
1.121	23.20	25.19
1.121	23.24	25.20
1.121	23.28	25.20
1.121	23.22	25.20
1.122	23.28	25.20
1.122	23.22	25.20
1.122	23.23	25.20
1.122	23.30	25.20
1.122	23.22	25.20
1.123	23.26	25.20
1.123	23.30	25.20
1.123	23.22	25.21
1.123	23.27	25.21
1.123	23.25	25.21
1.123	23.22	25.21
1.123	23.29	25.21
1.123	23.21	25.21
1.123	23.25	25.21
1.124	23.30	25.21
1.124	23.21	25.22
1.124	23.27	25.22
1.124	23.25	25.22
1.125	23.22	25.22
1.125	23.29	25.22
1.125	23.21	25.22
1.125	23.23	25.22
1.125	23.29	25.22
1.125	23.21	25.23
1.126	23.26	25.23
1.126	23.27	25.23
1.126	23.23	25.23
1.126	23.28	25.23
1.126	23.21	25.23
1.127	23.24	25.23
1.128	23.28	25.23
1.128	23.21	25.23
1.128	23.26	25.24
1.128	23.27	25.24
1.129	23.20	25.24
1.129	23.28	25.24
1.129	23.22	25.24
1.129	23.20	25.24
1.129	23.30	25.24
1.130	23.20	25.24
1.130	23.25	25.24
1.130	23.28	25.24
1.130	23.22	25.24
1.130	23.30	25.24
1.131	23.22	25.24
1.131	23.23	25.24
1.131	23.29	25.24
1.132	23.21	25.25
1.132	23.26	25.25
1.132	23.27	25.25
1.133	23.19	25.25
1.133	23.26	25.25
1.133	23.25	25.25
1.133	23.21	25.25
1.133	23.27	25.25
1.134	23.30	25.25
1.134	23.28	25.25
1.134	23.28	25.25
1.135	23.29	25.25
1.135	23.28	25.25
1.136	23.30	25.26
1.136	23.32	25.26
1.137	23.30	25.26
1.137	23.11	25.26
1.138	23.20	25.26
1.138	23.28	25.26
1.138	23.18	25.26
1.139	23.25	25.26
1.139	23.25	25.26
1.139	23.20	25.26
1.140	23.27	25.26
1.140	23.21	25.26
1.140	23.23	25.26
1.140	23.27	25.26
1.140	23.17	25.26
1.141	23.21	25.26
1.141	23.21	25.26
1.141	23.15	25.26
1.141	23.22	25.27
1.142	23.18	25.27
1.142	23.13	25.27
1.142	23.19	25.27
1.142	23.10	25.27
1.143	23.14	25.27
1.143	23.17	25.27
1.143	23.11	25.27
1.143	23.15	25.27
1.144	23.09	25.27
1.144	23.09	25.27
1.144	23.13	25.27
1.144	23.05	25.27
1.145	23.08	25.27
1.145	23.09	25.27
1.145	23.07	25.27
1.146	23.09	25.27
1.146	23.07	25.27
1.146	23.06	25.27
1.146	23.08	25.27
1.146	23.04	25.27
1.146	23.05	25.27
1.147	23.06	25.28
1.147	23.03	25.28
1.148	23.04	25.28
1.148	23.04	25.28
1.148	23.02	25.28
1.149	23.03	25.28
1.149	23.00	25.28
1.149	23.02	25.28
1.149	23.02	25.28
1.149	22.98	25.28
1.150	23.00	25.28
1.150	23.01	25.28
1.150	22.98	25.28
1.150	23.01	25.28
1.150	22.98	25.28
1.150	22.98	25.28
1.150	23.00	25.28
1.151	22.95	25.28
1.151	22.97	25.28
1.151	22.97	25.28
1.151	22.94	25.28
1.151	22.96	25.28
1.152	22.93	25.28
1.152	22.94	25.28
1.152	22.96	25.28
1.152	22.91	25.28
1.152	22.93	25.28
1.152	22.94	25.28
1.152	22.91	25.28
1.153	22.93	25.28
1.153	22.89	25.28
1.153	22.88	25.28
1.154	22.91	25.28
1.154	22.85	25.28
1.154	22.87	25.28
1.154	22.88	25.28
1.155	22.83	25.28
1.155	22.85	25.28
1.155	22.83	25.28
1.156	22.81	25.28
1.156	22.83	25.28
1.156	22.78	25.28
1.157	22.78	25.28
1.157	22.79	25.29
1.158	22.76	25.29
1.158	22.78	25.29
1.158	22.76	25.29
1.158	22.74	25.29
1.159	22.75	25.29
1.159	22.73	25.29
1.159	22.74	25.29
1.159	22.75	25.29
1.159	22.70	25.29
1.160	22.72	25.29
1.160	22.72	25.29
1.160	22.69	25.29
1.160	22.72	25.29
1.161	22.67	25.29
1.161	22.67	25.29
1.161	22.70	25.29
1.162	22.65	25.29
1.162	22.66	25.29
1.162	22.68	25.29
1.163	22.66	25.29
1.163	22.66	25.29
1.163	22.65	25.29
1.164	22.64	25.29
1.164	22.64	25.29
1.164	22.64	25.29
1.165	22.64	25.29
1.165	22.62	25.29
1.165	22.62	25.29
1.166	22.63	25.29
1.166	22.63	25.29
1.166	22.62	25.29
1.166	22.63	25.29
1.166	22.62	25.29
1.166	22.62	25.29
1.167	22.62	25.29
1.167	22.62	25.29
1.167	22.62	25.29
1.168	22.62	25.29
1.168	22.62	25.29
1.168	22.62	25.29
1.169	22.61	25.29
1.169	22.61	25.29
1.169	22.62	25.29
1.170	22.61	25.29
1.170	22.62	25.29
1.170	22.61	25.29
1.171	22.61	25.29
1.171	22.61	25.29
1.171	22.60	25.29
1.171	22.61	25.29
1.171	22.61	25.29
1.172	22.60	25.29
1.172	22.61	25.29
1.172	22.60	25.29
1.172	22.60	25.29
1.173	22.60	25.29
1.173	22.59	25.29
1.173	22.60	25.29
1.173	22.60	25.29
1.174	22.59	25.29
1.174	22.59	25.29
1.174	22.59	25.29
1.174	22.59	25.29
1.175	22.59	25.29
1.175	22.58	25.29
1.175	22.58	25.29
1.175	22.59	25.29
1.176	22.57	25.29
1.176	22.58	25.29
1.176	22.58	25.29
1.176	22.57	25.29
1.176	22.58	25.29
1.177	22.57	25.29
1.177	22.57	25.29
1.177	22.57	25.29
1.177	22.56	25.29
1.178	22.56	25.29
1.178	22.57	25.29
1.178	22.55	25.29
1.178	22.56	25.29
1.179	22.55	25.29
1.179	22.55	25.29
1.180	22.55	25.29
1.180	22.54	25.29
1.180	22.55	25.29
1.181	22.54	25.29
1.181	22.54	25.29
1.181	22.54	25.29
1.182	22.53	25.29
1.182	22.52	25.29
1.182	22.54	25.29
1.182	22.52	25.29
1.183	22.52	25.29
1.183	22.53	25.29
1.184	22.51	25.29
1.185	22.51	25.29
1.185	22.50	25.29
1.185	22.49	25.29
1.186	22.49	25.29
1.186	22.48	25.29
1.187	22.47	25.29
1.187	22.47	25.29
1.188	22.45	25.29
1.188	22.46	25.29
1.189	22.44	25.29
1.189	22.42	25.29
1.189	22.40	25.29
1.190	22.38	25.29
1.190	22.38	25.29
1.190	22.37	25.29
1.191	22.35	25.29
1.191	22.34	25.29
1.192	22.33	25.29
1.192	22.31	25.29
1.193	22.30	25.29
1.194	22.27	25.29
1.194	22.25	25.29
1.195	22.24	25.29
1.196	22.21	25.29
1.196	22.20	25.29
1.197	22.18	25.29
1.198	22.17	25.29
1.198	22.17	25.29
1.198	22.16	25.29
1.198	22.15	25.29
1.199	22.15	25.29
1.199	22.14	25.29
1.200	22.13	25.29
1.200	22.13	25.29
1.200	22.12	25.29
1.200	22.11	25.29
1.201	22.10	25.29
1.201	22.10	25.29
1.202	22.09	25.29
1.202	22.05	25.29
1.203	22.04	25.29
1.203	22.03	25.29
1.204	22.01	25.29
1.204	22.01	25.29
1.205	21.99	25.29
1.205	21.98	25.29
1.206	21.97	25.29
1.207	21.95	25.29
1.208	21.94	25.29
1.208	21.92	25.29
1.209	21.90	25.29
1.209	21.89	25.29
1.209	21.88	25.29
1.210	21.87	25.29
1.210	21.87	25.29
1.211	21.85	25.29
1.211	21.85	25.29
1.212	21.84	25.29
1.212	21.82	25.29
1.213	21.82	25.29
1.213	21.81	25.30
1.214	21.80	25.30
1.214	21.80	25.30
1.214	21.79	25.30
1.215	21.79	25.30
1.215	21.79	25.30
1.215	21.78	25.30
1.215	21.79	25.30
1.215	21.79	25.30
1.216	21.77	25.30
1.216	21.78	25.30
1.216	21.77	25.30
1.217	21.76	25.30
1.217	21.76	25.30
1.217	21.75	25.30
1.217	21.75	25.30
1.218	21.75	25.30
1.218	21.74	25.30
1.219	21.74	25.30
1.219	21.73	25.30
1.220	21.72	25.30
1.220	21.72	25.30
1.220	21.71	25.30
1.220	21.71	25.30
1.221	21.71	25.30
1.221	21.69	25.30
1.221	21.69	25.30
1.222	21.68	25.30
1.222	21.68	25.30
1.222	21.68	25.30
1.222	21.67	25.30
1.222	21.66	25.30
1.223	21.66	25.30
1.223	21.64	25.30
1.224	21.65	25.30
1.224	21.64	25.30
1.224	21.63	25.30
1.224	21.62	25.30
1.225	21.61	25.30
1.225	21.61	25.30
1.225	21.61	25.30
1.225	21.60	25.30
1.225	21.60	25.30
1.226	21.59	25.30
1.226	21.58	25.30
1.226	21.58	25.30
1.226	21.57	25.30
1.227	21.56	25.30
1.227	21.56	25.30
1.228	21.54	25.30
1.228	21.54	25.30
1.229	21.53	25.30
1.229	21.51	25.30
1.229	21.51	25.30
1.230	21.50	25.30
1.230	21.49	25.30
1.231	21.49	25.30
1.231	21.47	25.30
1.231	21.47	25.30
1.232	21.46	25.30
1.232	21.44	25.30
1.233	21.44	25.30
1.233	21.43	25.30
1.233	21.42	25.30
1.234	21.42	25.30
1.234	21.40	25.30
1.234	21.40	25.30
1.234	21.40	25.30
1.235	21.38	25.30
1.235	21.37	25.30
1.236	21.36	25.30
1.236	21.35	25.30
1.237	21.35	25.30
1.237	21.34	25.30
1.237	21.34	25.30
1.237	21.34	25.30
1.238	21.32	25.30
1.238	21.32	25.30
1.239	21.32	25.30
1.239	21.32	25.30
1.240	21.31	25.30
1.240	21.31	25.30
1.241	21.30	25.30
1.241	21.30	25.30
1.242	21.30	25.30
1.242	21.29	25.30
1.242	21.27	25.30
1.242	21.26	25.30
1.243	21.27	25.30
1.243	21.26	25.30
1.244	21.26	25.30
1.244	21.26	25.30
1.245	21.24	25.30
1.245	21.24	25.30
1.245	21.24	25.30
1.246	21.22	25.30
1.246	21.22	25.30
1.246	21.21	25.30
1.247	21.21	25.30
1.247	21.21	25.30
1.247	21.19	25.30
1.247	21.19	25.30
1.248	21.19	25.30
1.248	21.17	25.30
1.249	21.18	25.30
1.249	21.17	25.30
1.249	21.15	25.30
1.250	21.16	25.30
1.250	21.14	25.30
1.250	21.14	25.30
1.250	21.14	25.30
1.251	21.12	25.30
1.251	21.12	25.30
1.251	21.11	25.30
1.252	21.10	25.30
1.252	21.10	25.30
1.253	21.08	25.30
1.253	21.08	25.30
1.253	21.07	25.30
1.254	21.05	25.30
1.254	21.05	25.30
1.255	21.04	25.30
1.255	21.03	25.30
1.255	21.03	25.30
1.256	21.01	25.30
1.256	21.01	25.30
1.256	21.01	25.30
1.257	20.99	25.30
1.257	20.99	25.30
1.257	20.98	25.30
1.258	20.97	25.30
1.258	20.97	25.30
1.259	20.95	25.30
1.259	20.93	25.30
1.260	20.92	25.30
1.260	20.91	25.30
1.261	20.91	25.30
1.261	20.91	25.30
1.261	20.89	25.30
1.262	20.89	25.30
1.262	20.88	25.30
1.262	20.87	25.30
1.262	20.87	25.30
1.263	20.86	25.30
1.263	20.86	25.30
1.263	20.86	25.30
1.263	20.84	25.30
1.264	20.84	25.30
1.265	20.83	25.30
1.265	20.83	25.30
1.265	20.83	25.30
1.265	20.82	25.30
1.266	20.82	25.30
1.266	20.82	25.30
1.266	20.81	25.30
1.267	20.81	25.30
1.267	20.81	25.30
1.267	20.80	25.30
1.267	20.81	25.30
1.268	20.79	25.30
1.268	20.79	25.30
1.268	20.80	25.30
1.268	20.78	25.30
1.269	20.79	25.30
1.269	20.79	25.30
1.269	20.77	25.30
1.269	20.78	25.30
1.270	20.77	25.30
1.270	20.76	25.30
1.271	20.76	25.30
1.271	20.74	25.30
1.271	20.75	25.30
1.272	20.75	25.30
1.272	20.74	25.30
1.272	20.74	25.30
1.273	20.73	25.30
1.273	20.72	25.30
1.273	20.73	25.30
1.273	20.72	25.30
1.273	20.71	25.30
1.274	20.72	25.30
1.274	20.70	25.30
1.274	20.70	25.30
1.274	20.70	25.30
1.274	20.69	25.30
1.275	20.70	25.30
1.275	20.70	25.30
1.275	20.70	25.30
1.275	20.69	25.30
1.276	20.69	25.30
1.276	20.68	25.30
1.277	20.67	25.30
1.277	20.67	25.30
1.277	20.66	25.30
1.277	20.63	25.30
1.278	20.63	25.30
1.278	20.64	25.30
1.278	20.62	25.30
1.278	20.63	25.30
1.279	20.62	25.30
1.279	20.61	25.30
1.279	20.61	25.30
1.279	20.60	25.30
1.280	20.59	25.30
1.280	20.60	25.30
1.280	20.58	25.30
1.281	20.59	25.30
1.281	20.58	25.30
1.282	20.56	25.30
1.282	20.56	25.30
1.283	20.54	25.30
1.284	20.52	25.30
1.284	20.53	25.30
1.284	20.51	25.30
1.285	20.51	25.30
1.285	20.50	25.30
1.286	20.48	25.30
1.286	20.48	25.30
1.286	20.47	25.30
1.286	20.46	25.30
1.286	20.47	25.30
1.287	20.44	25.30
1.287	20.45	25.30
1.288	20.45	25.30
1.288	20.43	25.30
1.288	20.43	25.30
1.288	20.42	25.30
1.289	20.40	25.30
1.290	20.40	25.30
1.291	20.38	25.30
1.291	20.37	25.30
1.292	20.37	25.30
1.292	20.35	25.30
1.292	20.35	25.30
1.293	20.35	25.30
1.293	20.34	25.30
1.294	20.34	25.30
1.294	20.33	25.30
1.294	20.33	25.30
1.295	20.33	25.30
1.296	20.31	25.30
1.296	20.32	25.30
1.296	20.31	25.30
1.297	20.30	25.30
1.297	20.30	25.30
1.297	20.29	25.30
1.297	20.30	25.30
1.298	20.30	25.30
1.298	20.29	25.30
1.298	20.29	25.30
1.299	20.29	25.30
1.299	20.27	25.30
1.300	20.28	25.30
1.300	20.26	25.30
1.301	20.26	25.30
1.301	20.26	25.30
1.301	20.25	25.30
1.301	20.25	25.30
1.302	20.25	25.30
1.302	20.24	25.30
1.302	20.24	25.30
1.303	20.23	25.30
1.303	20.22	25.30
1.303	20.23	25.30
1.303	20.21	25.30
1.304	20.20	25.30
1.304	20.21	25.30
1.304	20.19	25.30
1.305	20.19	25.30
1.305	20.18	25.30
1.305	20.18	25.30
1.306	20.18	25.30
1.306	20.16	25.30
1.306	20.16	25.30
1.306	20.16	25.30
1.307	20.14	25.30
1.307	20.14	25.30
1.307	20.14	25.30
1.308	20.13	25.30
1.308	20.13	25.30
1.308	20.11	25.30
1.309	20.11	25.30
1.309	20.11	25.30
1.310	20.08	25.30
1.310	20.08	25.30
1.310	20.08	25.30
1.311	20.05	25.30
1.312	20.05	25.30
1.312	20.03	25.30
1.313	20.03	25.30
1.313	20.03	25.30
1.313	20.01	25.30
1.314	20.01	25.30
1.314	20.01	25.30
1.314	20.01	25.30
1.315	20.01	25.30
1.315	20.00	25.30
1.316	19.98	25.30
1.316	19.98	25.30
1.316	19.97	25.30
1.317	19.96	25.30
1.317	19.93	25.30
1.318	19.90	25.30
1.318	19.92	25.30
1.318	19.91	25.30
1.319	19.90	25.30
1.319	19.90	25.30
1.320	19.89	25.30
1.320	19.89	25.30
1.320	19.89	25.30
1.321	19.87	25.30
1.321	19.87	25.30
1.322	19.86	25.30
1.322	19.85	25.30
1.323	19.85	25.30
1.323	19.84	25.30
1.324	19.84	25.30
1.324	19.84	25.30
1.325	19.82	25.30
1.325	19.82	25.30
1.325	19.82	25.30
1.326	19.81	25.30
1.326	19.82	25.30
1.327	19.80	25.30
1.327	19.79	25.30
1.329	19.79	25.30
1.330	19.76	25.30
1.331	19.76	25.30
1.331	19.76	25.30
1.332	19.74	25.30
1.332	19.75	25.30
1.332	19.74	25.30
1.333	19.73	25.30
1.333	19.73	25.30
1.334	19.70	25.30
1.335	19.70	25.30
1.335	19.70	25.30
1.335	19.68	25.30
1.336	19.68	25.30
1.336	19.67	25.30
1.337	19.66	25.30
1.337	19.67	25.30
1.337	19.65	25.30
1.337	19.65	25.30
1.338	19.65	25.30
1.338	19.63	25.30
1.339	19.63	25.30
1.339	19.62	25.30
1.340	19.60	25.30
1.340	19.60	25.30
1.341	19.57	25.30
1.342	19.57	25.30
1.342	19.57	25.30
1.343	19.54	25.30
1.343	19.54	25.30
1.343	19.54	25.30
1.344	19.52	25.30
1.345	19.52	25.30
1.345	19.50	25.30
1.345	19.50	25.30
1.345	19.50	25.30
1.346	19.48	25.30
1.346	19.48	25.30
1.346	19.48	25.30
1.347	19.46	25.30
1.347	19.46	25.30
1.347	19.46	25.30
1.347	19.45	25.30
1.348	19.46	25.30
1.348	19.43	25.30
1.348	19.43	25.30
1.349	19.43	25.30
1.349	19.41	25.30
1.349	19.41	25.30
1.350	19.41	25.30
1.350	19.39	25.30
1.351	19.40	25.30
1.351	19.38	25.30
1.351	19.38	25.30
1.352	19.38	25.30
1.352	19.36	25.30
1.353	19.37	25.30
1.353	19.37	25.30
1.354	19.35	25.30
1.354	19.36	25.30
1.354	19.35	25.30
1.355	19.34	25.30
1.355	19.35	25.30
1.356	19.33	25.30
1.356	19.34	25.30
1.357	19.33	25.30
1.357	19.31	25.30
1.357	19.32	25.30
1.358	19.31	25.30
1.358	19.31	25.30
1.358	19.31	25.30
1.359	19.30	25.30
1.359	19.30	25.30
1.359	19.31	25.30
1.359	19.29	25.30
1.359	19.30	25.30
1.360	19.30	25.30
1.360	19.29	25.30
1.361	19.29	25.30
1.361	19.29	25.30
1.361	19.28	25.30
1.361	19.28	25.30
1.362	19.28	25.30
1.362	19.27	25.30
1.363	19.23	25.30
1.363	19.23	25.30
1.363	19.25	25.30
1.364	19.23	25.30
1.364	19.24	25.30
1.364	19.24	25.30
1.365	19.21	25.30
1.365	19.21	25.30
1.366	19.21	25.30
1.366	19.19	25.30
1.367	19.20	25.30
1.367	19.18	25.30
1.367	19.18	25.30
1.367	19.18	25.30
1.368	19.16	25.30
1.368	19.17	25.30
1.368	19.17	25.30
1.369	19.15	25.30
1.369	19.15	25.30
1.370	19.13	25.30
1.370	19.12	25.30
1.371	19.12	25.30
1.371	19.09	25.30
1.372	19.09	25.30
1.373	19.08	25.30
1.373	19.06	25.30
1.374	19.07	25.30
1.375	19.04	25.30
1.375	19.03	25.30
1.376	19.03	25.30
1.376	19.01	25.30
1.377	19.01	25.30
1.377	19.01	25.30
1.378	18.99	25.30
1.378	18.99	25.30
1.379	18.98	25.30
1.379	18.97	25.30
1.380	18.97	25.30
1.380	18.95	25.30
1.380	18.95	25.30
1.381	18.94	25.30
1.382	18.92	25.30
1.382	18.93	25.30
1.382	18.92	25.30
1.383	18.91	25.30
1.383	18.91	25.30
1.384	18.90	25.30
1.384	18.90	25.30
1.384	18.90	25.30
1.384	18.88	25.30
1.385	18.89	25.30
1.385	18.89	25.30
1.385	18.87	25.30
1.386	18.88	25.30
1.386	18.87	25.30
1.386	18.87	25.30
1.387	18.87	25.30
1.387	18.85	25.30
1.387	18.86	25.30
1.388	18.86	25.30
1.388	18.84	25.30
1.388	18.85	25.30
1.389	18.84	25.30
1.389	18.83	25.30
1.390	18.84	25.30
1.391	18.81	25.30
1.392	18.81	25.30
1.393	18.80	25.30
1.394	18.78	25.30
1.395	18.78	25.30
1.395	18.77	25.30
1.396	18.77	25.30
1.396	18.77	25.30
1.396	18.75	25.30
1.397	18.74	25.30
1.398	18.74	25.30
1.398	18.72	25.30
1.398	18.73	25.30
1.399	18.72	25.30
1.399	18.71	25.30
1.400	18.71	25.30
1.400	18.70	25.30
1.400	18.70	25.29
1.400	18.70	25.29
1.401	18.68	25.29
1.401	18.68	25.29
1.402	18.67	25.29
1.402	18.65	25.29
1.402	18.65	25.29
1.403	18.63	25.29
1.404	18.62	25.29
1.404	18.62	25.29
1.405	18.59	25.29
1.406	18.59	25.29
1.406	18.58	25.29
1.407	18.55	25.29
1.408	18.56	25.29
1.409	18.53	25.29
1.409	18.52	25.29
1.409	18.53	25.29
1.410	18.53	25.29
1.410	18.53	25.29
1.411	18.51	25.29
1.411	18.51	25.29
1.412	18.49	25.29
1.412	18.49	25.29
1.412	18.49	25.29
1.413	18.46	25.29
1.413	18.42	25.29
1.414	18.44	25.29
1.414	18.45	25.29
1.414	18.43	25.29
1.415	18.44	25.29
1.416	18.42	25.29
1.416	18.41	25.29
1.417	18.41	25.29
1.418	18.39	25.29
1.418	18.39	25.29
1.419	18.39	25.29
1.420	18.37	25.29
1.421	18.37	25.29
1.422	18.37	25.29
1.422	18.36	25.29
1.423	18.36	25.29
1.423	18.35	25.29
1.424	18.34	25.29
1.425	18.34	25.29
1.426	18.32	25.29
1.428	18.31	25.29
1.428	18.31	25.29
1.429	18.29	25.29
1.430	18.30	25.29
1.430	18.28	25.29
1.430	18.28	25.29
1.431	18.28	25.29
1.432	18.26	25.29
1.432	18.26	25.29
1.432	18.26	25.29
1.433	18.24	25.29
1.433	18.24	25.29
1.434	18.22	25.29
1.434	18.22	25.29
1.435	18.22	25.29
1.435	18.20	25.29
1.435	18.20	25.29
1.436	18.19	25.29
1.436	18.17	25.29
1.437	18.18	25.29
1.437	18.17	25.29
1.438	18.15	25.29
1.438	18.15	25.29
1.439	18.13	25.29
1.440	18.12	25.29
1.441	18.12	25.29
1.441	18.09	25.29
1.442	18.09	25.29
1.442	18.09	25.29
1.443	18.06	25.29
1.444	18.07	25.29
1.445	18.05	25.29
1.445	18.04	25.29
1.446	18.04	25.29
1.446	18.01	25.29
1.447	18.01	25.29
1.447	18.01	25.29
1.448	17.99	25.29
1.448	17.99	25.29
1.448	17.98	25.29
1.449	17.98	25.29
1.450	17.98	25.29
1.450	17.95	25.29
1.450	17.96	25.29
1.451	17.96	25.29
1.451	17.94	25.29
1.452	17.95	25.29
1.452	17.94	25.29
1.452	17.93	25.29
1.453	17.94	25.29
1.454	17.92	25.29
1.454	17.92	25.29
1.455	17.93	25.29
1.455	17.91	25.29
1.456	17.91	25.29
1.456	17.91	25.29
1.457	17.90	25.29
1.458	17.90	25.29
1.458	17.89	25.29
1.459	17.88	25.29
1.460	17.88	25.29
1.460	17.86	25.29
1.461	17.86	25.29
1.462	17.86	25.29
1.463	17.83	25.29
1.464	17.84	25.29
1.465	17.83	25.29
1.465	17.82	25.29
1.466	17.82	25.29
1.467	17.79	25.29
1.467	17.79	25.29
1.468	17.79	25.29
1.469	17.76	25.29
1.469	17.76	25.29
1.470	17.75	25.29
1.470	17.75	25.29
1.470	17.75	25.29
1.471	17.73	25.29
1.471	17.72	25.29
1.472	17.72	25.29
1.472	17.71	25.28
1.473	17.70	25.28
1.474	17.69	25.28
1.475	17.68	25.28
1.475	17.67	25.28
1.476	17.66	25.28
1.477	17.65	25.28
1.477	17.62	25.28
1.478	17.59	25.28
1.478	17.60	25.28
1.479	17.60	25.28
1.479	17.59	25.28
1.479	17.60	25.28
1.479	17.58	25.28
1.480	17.58	25.28
1.481	17.57	25.28
1.482	17.55	25.28
1.482	17.55	25.28
1.483	17.54	25.28
1.483	17.52	25.28
1.484	17.53	25.28
1.484	17.51	25.28
1.485	17.50	25.28
1.486	17.50	25.28
1.487	17.47	25.28
1.488	17.48	25.28
1.489	17.46	25.28
1.490	17.45	25.28
1.490	17.45	25.28
1.491	17.45	25.28
1.491	17.44	25.28
1.492	17.44	25.28
1.493	17.43	25.28
1.493	17.43	25.28
1.493	17.43	25.28
1.494	17.41	25.28
1.495	17.42	25.28
1.495	17.42	25.28
1.496	17.40	25.28
1.497	17.41	25.28
1.497	17.39	25.28
1.498	17.39	25.28
1.498	17.39	25.28
1.499	17.37	25.28
1.500	17.36	25.28
1.501	17.36	25.28
1.502	17.34	25.28
1.502	17.34	25.28
1.503	17.33	25.28
1.504	17.31	25.28
1.505	17.31	25.28
1.506	17.28	25.28
1.507	17.28	25.28
1.508	17.27	25.28
1.509	17.25	25.28
1.510	17.24	25.28
1.511	17.22	25.28
1.512	17.21	25.28
1.513	17.20	25.28
1.514	17.18	25.28
1.515	17.17	25.28
1.516	17.17	25.28
1.517	17.14	25.28
1.517	17.14	25.28
1.518	17.12	25.28
1.518	17.11	25.28
1.519	17.11	25.28
1.520	17.09	25.28
1.520	17.09	25.28
1.521	17.09	25.28
1.521	17.06	25.28
1.523	17.05	25.28
1.524	17.04	25.28
1.525	17.03	25.28
1.526	17.03	25.28
1.527	17.01	25.28
1.527	17.01	25.28
1.528	17.01	25.28
1.529	16.99	25.28
1.530	16.99	25.28
1.531	16.98	25.28
1.533	16.96	25.28
1.534	16.96	25.28
1.536	16.94	25.28
1.538	16.93	25.28
1.539	16.92	25.28
1.541	16.89	25.28
1.542	16.89	25.28
1.543	16.89	25.28
1.543	16.87	25.28
1.544	16.87	25.28
1.545	16.85	25.28
1.546	16.84	25.28
1.547	16.83	25.28
1.548	16.81	25.28
1.548	16.81	25.28
1.549	16.80	25.28
1.550	16.78	25.28
1.551	16.77	25.28
1.552	16.75	25.28
1.553	16.73	25.28
1.554	16.72	25.28
1.556	16.69	25.28
1.557	16.68	25.28
1.558	16.66	25.28
1.559	16.63	25.28
1.560	16.64	25.28
1.561	16.63	25.28
1.562	16.62	25.28
1.564	16.59	25.28
1.565	16.57	25.28
1.566	16.57	25.28
1.567	16.56	25.28
1.568	16.55	25.28
1.569	16.54	25.28
1.570	16.52	25.28
1.571	16.51	25.28
1.572	16.51	25.28
1.573	16.51	25.28
1.574	16.50	25.28
1.575	16.50	25.28
1.576	16.48	25.28
1.577	16.48	25.28
1.578	16.47	25.28
1.580	16.45	25.28
1.581	16.44	25.28
1.583	16.43	25.28
1.584	16.41	25.28
1.586	16.41	25.28
1.587	16.38	25.28
1.588	16.37	25.28
1.588	16.37	25.28
1.589	16.35	25.28
1.589	16.36	25.28
1.590	16.34	25.28
1.591	16.32	25.28
1.592	16.31	25.28
1.593	16.29	25.28
1.594	16.28	25.28
1.595	16.28	25.28
1.596	16.25	25.28
1.598	16.24	25.28
1.598	16.23	25.28
1.599	16.21	25.28
1.600	16.20	25.28
1.602	16.17	25.28
1.603	16.17	25.28
1.603	16.16	25.28
1.604	16.15	25.28
1.604	16.15	25.28
1.604	16.15	25.28
1.605	16.13	25.28
1.606	16.12	25.28
1.607	16.10	25.28
1.608	16.10	25.28
1.609	16.10	25.28
1.611	16.07	25.27
1.611	16.08	25.28
1.612	16.08	25.27
1.613	16.06	25.27
1.614	16.06	25.27
1.615	16.06	25.27
1.616	16.05	25.27
1.617	16.04	25.27
1.618	16.03	25.27
1.619	16.03	25.27
1.620	16.03	25.27
1.620	16.01	25.27
1.621	16.01	25.27
1.622	16.00	25.27
1.623	15.99	25.27
1.623	15.99	25.27
1.624	15.97	25.27
1.625	15.96	25.27
1.626	15.96	25.27
1.627	15.94	25.27
1.628	15.93	25.27
1.629	15.92	25.27
1.630	15.90	25.27
1.631	15.90	25.27
1.632	15.88	25.27
1.633	15.87	25.27
1.634	15.86	25.27
1.635	15.84	25.27
1.635	15.83	25.27
1.636	15.83	25.27
1.637	15.81	25.27
1.637	15.81	25.27
1.638	15.79	25.27
1.639	15.78	25.27
1.641	15.77	25.27
1.642	15.74	25.27
1.643	15.73	25.27
1.644	15.72	25.27
1.644	15.70	25.27
1.645	15.70	25.27
1.646	15.68	25.27
1.647	15.66	25.27
1.649	15.65	25.27
1.650	15.61	25.27
1.651	15.59	25.27
1.652	15.59	25.27
1.653	15.58	25.27
1.654	15.57	25.27
1.655	15.56	25.27
1.656	15.56	25.27
1.658	15.54	25.27
1.659	15.50	25.27
1.660	15.50	25.27
1.661	15.51	25.27
1.662	15.46	25.27
1.663	15.46	25.27
1.664	15.46	25.27
1.665	15.42	25.27
1.666	15.43	25.27
1.667	15.42	25.27
1.668	15.41	25.27
1.670	15.39	25.27
1.671	15.37	25.27
1.673	15.36	25.27
1.674	15.34	25.27
1.674	15.33	25.27
1.675	15.30	25.27
1.676	15.22	25.27
1.677	15.22	25.27
1.679	15.24	25.27
1.680	15.20	25.27
1.681	15.21	25.27
1.682	15.20	25.27
1.683	15.17	25.27
1.684	15.18	25.27
1.685	15.15	25.27
1.686	15.12	25.27
1.687	15.12	25.27
1.689	15.06	25.27
1.690	15.05	25.27
1.692	15.04	25.27
1.693	14.96	25.27
1.694	14.99	25.27
1.695	14.98	25.27
1.696	14.94	25.27
1.697	14.96	25.27
1.699	14.89	25.27
1.700	14.88	25.27
1.701	14.90	25.27
1.702	14.84	25.27
1.703	14.85	25.27
1.704	14.84	25.27
1.706	14.81	25.27
1.707	14.82	25.27
1.707	14.78	25.27
1.709	14.79	25.27
1.710	14.80	25.27
1.711	14.74	25.27
1.712	14.77	25.27
1.713	14.78	25.27
1.713	14.73	25.27
1.714	14.75	25.27
1.715	14.72	25.27
1.717	14.72	25.27
1.718	14.74	25.27
1.718	14.69	25.27
1.719	14.70	25.27
1.719	14.72	25.27
1.720	14.66	25.27
1.721	14.70	25.27
1.722	14.66	25.27
1.723	14.65	25.27
1.724	14.66	25.27
1.726	14.58	25.27
1.728	14.59	25.27
1.728	14.60	25.27
1.729	14.52	25.27
1.730	14.55	25.27
1.731	14.54	25.27
1.732	14.50	25.27
1.733	14.51	25.27
1.734	14.46	25.27
1.735	14.48	25.27
1.736	14.48	25.27
1.737	14.41	25.27
1.738	14.42	25.27
1.739	14.42	25.27
1.740	14.36	25.27
1.742	14.38	25.27
1.743	14.33	25.27
1.745	14.33	25.27
1.746	14.36	25.27
1.747	14.29	25.27
1.747	14.30	25.27
1.749	14.29	25.27
1.750	14.23	25.27
1.752	14.26	25.27
1.753	14.23	25.27
1.754	14.23	25.27
1.755	14.24	25.27
1.756	14.17	25.27
1.758	14.19	25.27
1.759	14.22	25.27
1.760	14.17	25.27
1.762	14.19	25.27
1.762	14.18	25.27
1.762	14.16	25.27
1.764	14.17	25.27
1.765	14.13	25.27
1.765	14.17	25.27
1.766	14.18	25.27
1.768	14.12	25.27
1.769	14.12	25.27
1.770	14.11	25.27
1.772	14.10	25.27
1.773	14.12	25.27
1.775	14.06	25.27
1.776	14.05	25.27
1.777	14.09	25.27
1.778	14.02	25.27
1.779	14.04	25.27
1.781	14.04	25.27
1.782	14.00	25.27
1.783	14.01	25.27
1.785	13.96	25.27
1.786	13.98	25.27
1.788	13.99	25.27
1.790	13.99	25.27
1.792	13.97	25.27
1.792	13.96	25.27
1.794	13.95	25.27
1.795	13.95	25.27
1.796	13.93	25.27
1.797	13.91	25.27
1.798	13.84	25.27
1.800	13.74	25.27
1.802	13.79	25.27
1.803	13.82	25.27
1.804	13.79	25.27
1.806	13.80	25.27
1.808	13.78	25.27
1.810	13.75	25.27
1.811	13.78	25.27
1.812	13.72	25.27
1.813	13.74	25.27
1.814	13.76	25.27
1.815	13.71	25.27
1.816	13.74	25.27
1.818	13.72	25.27
1.819	13.71	25.27
1.819	13.74	25.27
1.820	13.66	25.27
1.822	13.69	25.27
1.823	13.72	25.27
1.824	13.65	25.27
1.826	13.68	25.27
1.827	13.65	25.27
1.829	13.63	25.27
1.829	13.66	25.27
1.829	13.61	25.27
1.830	13.63	25.27
1.832	13.65	25.27
1.834	13.58	25.27
1.835	13.59	25.27
1.837	13.60	25.27
1.838	13.56	25.27
1.839	13.58	25.27
1.841	13.51	25.27
1.843	13.52	25.26
1.845	13.53	25.27
1.847	13.46	25.26
1.847	13.49	25.26
1.849	13.49	25.26
1.851	13.44	25.26
1.853	13.44	25.26
1.855	13.41	25.26
1.856	13.40	25.26
1.859	13.41	25.26
1.862	13.34	25.26
1.864	13.36	25.26
1.867	13.35	25.26
1.870	13.28	25.26
1.872	13.30	25.26
1.873	13.29	25.26
1.874	13.27	25.26
1.875	13.29	25.26
1.876	13.25	25.26
1.877	13.26	25.26
1.877	13.30	25.26
1.879	13.23	25.26
1.879	13.27	25.26
1.881	13.24	25.26
1.882	13.22	25.26
1.883	13.24	25.26
1.884	13.21	25.26
1.885	13.21	25.26
1.886	13.23	25.26
1.888	13.18	25.26
1.888	13.18	25.26
1.889	13.20	25.26
1.890	13.17	25.26
1.892	13.17	25.26
1.894	13.13	25.26
1.896	13.13	25.26
1.898	13.14	25.26
1.900	13.07	25.26
1.902	13.07	25.26
1.904	13.09	25.26
1.906	13.02	25.26
1.906	13.05	25.26
1.908	12.99	25.26
1.910	13.01	25.26
1.910	13.03	25.26
1.911	12.96	25.26
1.914	12.97	25.26
1.915	12.98	25.26
1.916	12.93	25.26
1.917	12.95	25.26
1.919	12.93	25.26
1.920	12.92	25.26
1.920	12.94	25.26
1.921	12.90	25.26
1.922	12.91	25.26
1.924	12.91	25.26
1.926	12.84	25.26
1.928	12.87	25.26
1.931	12.83	25.26
1.933	12.80	25.26
1.934	12.84	25.26
1.935	12.79	25.26
1.937	12.79	25.26
1.938	12.82	25.26
1.940	12.76	25.26
1.941	12.80	25.26
1.942	12.83	25.26
1.944	12.81	25.26
1.946	12.81	25.26
1.947	12.81	25.26
1.948	12.80	25.26
1.950	12.79	25.26
1.951	12.76	25.26
1.952	12.73	25.26
1.954	12.62	25.26
1.955	12.63	25.26
1.957	12.69	25.26
1.959	12.66	25.26
1.962	12.65	25.26
1.964	12.66	25.26
1.967	12.58	25.26
1.970	12.60	25.26
1.972	12.58	25.26
1.974	12.53	25.26
1.976	12.53	25.26
1.978	12.51	25.26
1.980	12.50	25.26
1.983	12.50	25.26
1.985	12.44	25.26
1.988	12.46	25.26
1.990	12.45	25.26
1.992	12.41	25.26
1.995	12.43	25.26
1.998	12.39	25.26
2.001	12.37	25.26
2.004	12.38	25.26
2.007	12.33	25.26
2.008	12.34	25.26
2.010	12.36	25.26
2.013	12.30	25.26
2.015	12.31	25.26
2.017	12.30	25.26
2.019	12.27	25.26
2.021	12.26	25.26
2.022	12.23	25.26
2.023	12.26	25.26
2.024	12.27	25.26
2.026	12.21	25.26
2.029	12.23	25.26
2.032	12.18	25.26
2.035	12.16	25.26
2.037	12.15	25.26
2.040	12.09	25.26
2.042	12.11	25.26
2.045	12.10	25.26
2.046	12.04	25.26
2.048	12.06	25.26
2.051	12.04	25.26
2.053	12.02	25.26
2.054	12.03	25.26
2.056	11.99	25.26
2.057	11.99	25.26
2.059	12.01	25.26
2.061	11.95	25.26
2.064	11.96	25.26
2.065	11.95	25.26
2.067	11.91	25.26
2.069	11.93	25.26
2.071	11.91	25.26
2.074	11.89	25.26
2.077	11.91	25.26
2.080	11.86	25.26
2.082	11.88	25.26
2.083	11.88	25.26
2.085	11.84	25.26
2.087	11.85	25.26
2.089	11.82	25.26
2.091	11.80	25.26
2.092	11.82	25.26
2.094	11.77	25.26
2.096	11.78	25.26
2.097	11.78	25.26
2.099	11.74	25.26
2.102	11.74	25.26
2.104	11.72	25.26
2.107	11.70	25.26
2.109	11.71	25.26
2.112	11.65	25.26
2.114	11.65	25.26
2.116	11.67	25.26
2.118	11.61	25.26
2.121	11.62	25.26
2.123	11.60	25.26
2.126	11.57	25.26
2.128	11.59	25.26
2.131	11.53	25.26
2.133	11.54	25.26
2.135	11.55	25.26
2.136	11.49	25.26
2.138	11.52	25.26
2.140	11.50	25.25
2.142	11.47	25.25
2.145	11.49	25.25
2.147	11.43	25.25
2.149	11.45	25.25
2.151	11.47	25.25
2.152	11.41	25.25
2.153	11.43	25.25
2.155	11.44	25.25
2.156	11.42	25.25
2.157	11.42	25.25
2.159	11.38	25.25
2.161	11.41	25.25
2.163	11.42	25.25
2.165	11.41	25.25
2.167	11.42	25.25
2.168	11.41	25.25
2.169	11.39	25.25
2.170	11.39	25.25
2.172	11.39	25.25
2.173	11.37	25.25
2.175	11.31	25.25
2.176	11.21	25.25
2.178	11.27	25.25
2.179	11.31	25.25
2.181	11.25	25.25
2.183	11.27	25.25
2.185	11.22	25.25
2.187	11.21	25.25
2.189	11.45	25.25
2.192	11.43	25.25
2.194	11.43	25.25
2.196	11.43	25.25
2.198	11.40	25.25
2.200	11.39	25.25
2.202	11.37	25.25
2.205	11.36	25.25
2.208	11.36	25.25
2.210	11.33	25.25
2.212	11.33	25.25
2.213	11.32	25.25
2.214	11.29	25.25
2.216	11.29	25.25
2.218	11.28	25.25
2.221	11.26	25.25
2.223	11.26	25.25
2.225	11.23	25.25
2.226	11.23	25.25
2.228	11.24	25.25
2.229	11.19	25.25
2.230	11.21	25.25
2.231	11.20	25.25
2.232	11.18	25.25
2.233	11.19	25.25
2.234	11.16	25.25
2.236	10.98	25.25
2.237	10.96	25.25
2.239	10.93	25.25
2.240	10.94	25.25
2.241	10.93	25.25
2.242	10.90	25.25
2.243	10.92	25.25
2.245	10.91	25.25
2.246	10.89	25.25
2.248	10.91	25.25
2.250	10.85	25.25
2.251	10.87	25.25
2.253	10.88	25.25
2.254	10.82	25.25
2.255	10.85	25.25
2.257	10.82	25.25
2.259	10.79	25.25
2.260	10.82	25.25
2.262	10.77	25.25
2.264	10.77	25.25
2.266	10.79	25.25
2.267	10.76	25.25
2.269	10.77	25.25
2.271	10.74	25.25
2.273	10.74	25.25
2.275	10.74	25.25
2.276	10.70	25.25
2.278	10.71	25.25
2.279	10.72	25.25
2.280	10.68	25.25
2.282	10.71	25.25
2.283	10.70	25.25
2.285	10.67	25.25
2.287	10.68	25.25
2.289	10.65	25.25
2.290	10.65	25.25
2.292	10.66	25.25
2.294	10.62	25.25
2.296	10.65	25.25
2.298	10.64	25.25
2.299	10.62	25.25
2.300	10.62	25.25
2.302	10.58	25.25
2.304	10.59	25.25
2.306	10.59	25.25
2.308	10.55	25.25
2.310	10.56	25.25
2.313	10.55	25.25
2.315	10.53	25.25
2.318	10.55	25.25
2.320	10.50	25.25
2.322	10.51	25.25
2.326	10.53	25.25
2.327	10.49	25.25
2.328	10.51	25.25
2.329	10.52	25.25
2.332	10.48	25.25
2.334	10.49	25.25
2.336	10.46	25.24
2.337	10.46	25.24
2.337	10.49	25.24
2.338	10.44	25.24
2.340	10.46	25.24
2.342	10.45	25.24
2.344	10.41	25.24
2.346	10.43	25.24
2.348	10.45	25.24
2.350	10.43	25.24
2.352	10.43	25.24
2.354	10.42	25.24
2.357	10.41	25.24
2.359	10.39	25.24
2.361	10.37	25.24
2.363	10.33	25.24
2.365	10.25	25.24
2.367	10.28	25.24
2.369	10.30	25.24
2.371	10.26	25.24
2.372	10.28	25.24
2.374	10.28	25.24
2.377	10.24	25.24
2.380	10.24	25.24
2.382	10.23	25.24
2.384	10.22	25.24
2.387	10.22	25.24
2.389	10.18	25.24
2.392	10.18	25.24
2.394	10.19	25.24
2.396	10.16	25.24
2.398	10.16	25.24
2.399	10.15	25.24
2.401	10.11	25.24
2.403	10.13	25.24
2.406	10.09	25.24
2.407	10.10	25.24
2.409	10.11	25.24
2.412	10.07	25.24
2.415	10.09	25.24
2.417	10.08	25.24
2.420	10.06	25.24
2.422	10.07	25.24
2.424	10.05	25.24
2.426	10.04	25.24
2.427	10.05	25.24
2.428	10.03	25.24
2.430	10.04	25.24
2.431	10.04	25.24
2.433	10.00	25.24
2.435	10.03	25.24
2.436	10.00	25.24
2.439	10.00	25.24
2.442	10.01	25.24
2.445	9.93	25.24
2.447	9.94	25.24
2.448	9.95	25.24
2.449	9.90	25.24
2.451	9.93	25.24
2.454	9.90	25.24
2.457	9.89	25.24
2.460	9.90	25.24
2.462	9.85	25.24
2.465	9.86	25.24
2.467	9.86	25.24
2.469	9.84	25.24
2.472	9.84	25.24
2.474	9.81	25.24
2.477	9.80	25.24
2.480	9.82	25.24
2.483	9.76	25.24
2.485	9.76	25.24
2.488	9.77	25.24
2.490	9.72	25.24
2.494	9.73	25.24
2.497	9.72	25.24
2.499	9.69	25.24
2.501	9.70	25.24
2.502	9.67	25.24
2.504	9.66	25.24
2.506	9.67	25.24
2.508	9.64	25.24
2.509	9.66	25.24
2.511	9.63	25.24
2.512	9.65	25.24
2.514	9.65	25.24
2.516	9.62	25.24
2.518	9.61	25.24
2.520	9.63	25.24
2.522	9.59	25.24
2.524	9.62	25.24
2.528	9.61	25.24
2.531	9.59	25.24
2.533	9.59	25.24
2.537	9.56	25.24
2.540	9.56	25.24
2.544	9.56	25.24
2.548	9.50	25.24
2.552	9.50	25.24
2.555	9.49	25.24
2.558	9.47	25.24
2.560	9.47	25.24
2.563	9.44	25.24
2.566	9.43	25.24
2.569	9.45	25.24
2.572	9.39	25.24
2.574	9.40	25.24
2.577	9.39	25.24
2.579	9.38	25.24
2.582	9.39	25.24
2.584	9.35	25.24
2.588	9.34	25.24
2.592	9.34	25.24
2.594	9.30	25.24
2.596	9.31	25.24
2.597	9.34	25.24
2.598	9.33	25.24
2.600	9.33	25.24
2.603	9.32	25.24
2.606	9.30	25.24
2.609	9.29	25.24
2.612	9.28	25.24
2.614	9.25	25.24
2.617	9.18	25.24
2.620	9.17	25.24
2.623	9.20	25.24
2.625	9.19	25.24
2.627	9.18	25.24
2.630	9.18	25.24
2.632	9.17	25.24
2.634	9.18	25.24
2.636	9.18	25.24
2.638	9.16	25.24
2.640	9.15	25.24
2.642	9.16	25.24
2.644	9.15	25.24
2.646	9.16	25.24
2.649	9.14	25.24
2.651	9.14	25.24
2.654	9.15	25.24
2.656	9.09	25.24
2.660	9.10	25.24
2.662	9.09	25.24
2.664	9.06	25.24
2.666	9.07	25.24
2.670	9.03	25.24
2.673	9.04	25.24
2.675	9.02	25.24
2.677	9.01	25.24
2.679	9.01	25.24
2.681	9.01	25.24
2.684	8.99	25.24
2.687	9.00	25.24
2.689	8.96	25.24
2.691	8.96	25.24
2.694	8.96	25.24
2.696	8.93	25.24
2.699	8.93	25.24
2.701	8.94	25.24
2.704	8.92	25.24
2.707	8.92	25.24
2.709	8.89	25.24
2.712	8.89	25.24
2.714	8.90	25.24
2.716	8.85	25.24
2.718	8.86	25.24
2.720	8.87	25.24
2.723	8.83	25.24
2.726	8.84	25.24
2.728	8.81	25.24
2.729	8.80	25.24
2.731	8.81	25.24
2.734	8.78	25.24
2.736	8.78	25.24
2.739	8.79	25.24
2.741	8.76	25.24
2.742	8.77	25.24
2.744	8.76	25.24
2.747	8.74	25.24
2.749	8.75	25.24
2.751	8.74	25.24
2.753	8.74	25.24
2.755	8.75	25.24
2.757	8.72	25.24
2.759	8.73	25.24
2.761	8.73	25.24
2.764	8.71	25.24
2.766	8.73	25.24
2.770	8.69	25.24
2.772	8.70	25.24
2.776	8.70	25.24
2.780	8.65	25.24
2.784	8.65	25.24
2.787	8.65	25.24
2.790	8.62	25.24
2.795	8.62	25.24
2.801	8.58	25.24
2.806	8.59	25.24
2.809	8.58	25.24
2.812	8.54	25.24
2.816	8.54	25.24
2.819	8.53	25.24
2.822	8.51	25.24
2.825	8.52	25.24
2.829	8.50	25.24
2.831	8.50	25.24
2.833	8.50	25.24
2.835	8.47	25.24
2.838	8.47	25.24
2.840	8.47	25.24
2.843	8.45	25.24
2.846	8.45	25.24
2.849	8.42	25.24
2.852	8.41	25.24
2.855	8.41	25.24
2.858	8.37	25.24
2.860	8.37	25.24
2.863	8.37	25.24
2.866	8.34	25.24
2.868	8.36	25.24
2.870	8.35	25.24
2.874	8.34	25.24
2.879	8.35	25.24
2.882	8.34	25.24
2.884	8.33	25.24
2.887	8.33	25.24
2.890	8.32	25.24
2.894	8.32	25.24
2.898	8.31	25.24
2.902	8.29	25.24
2.904	8.25	25.24
2.907	8.20	25.24
2.910	8.23	25.24
2.913	8.25	25.24
2.917	8.22	25.24
2.921	8.22	25.24
2.924	8.20	25.24
2.927	8.19	25.24
2.929	8.20	25.24
2.932	8.17	25.24
2.935	8.16	25.24
2.938	8.16	25.24
2.941	8.14	25.24
2.944	8.07	25.24
2.947	8.07	25.24
2.950	8.05	25.24
2.953	8.06	25.24
2.956	8.03	25.24
2.959	8.01	25.24
2.962	8.03	25.24
2.965	7.99	25.24
2.968	7.98	25.24
2.971	7.99	25.24
2.974	7.96	25.24
2.977	7.96	25.24
2.981	7.95	25.24
2.984	7.93	25.24
2.988	7.94	25.24
2.991	7.91	25.24
2.995	7.90	25.24
2.999	7.89	25.24
3.003	7.87	25.24
3.008	7.86	25.24
3.012	7.84	25.24
3.016	7.84	25.24
3.018	7.84	25.24
3.021	7.81	25.24
3.026	7.81	25.24
3.030	7.81	25.24
3.033	7.79	25.24
3.036	7.80	25.24
3.040	7.78	25.24
3.043	7.77	25.24
3.046	7.77	25.24
3.049	7.76	25.24
3.052	7.76	25.24
3.055	7.78	25.24
3.058	7.74	25.24
3.064	7.74	25.24
3.069	7.72	25.24
3.074	7.70	25.24
3.078	7.70	25.24
3.083	7.69	25.24
3.087	7.68	25.24
3.092	7.69	25.24
3.097	7.66	25.23
3.101	7.65	25.23
3.105	7.65	25.23
3.108	7.63	25.23
3.112	7.63	25.23
3.117	7.61	25.23
3.121	7.60	25.23
3.126	7.60	25.23
3.130	7.57	25.23
3.135	7.55	25.23
3.139	7.55	25.23
3.145	7.52	25.23
3.152	7.52	25.23
3.158	7.50	25.23
3.163	7.49	25.23
3.168	7.50	25.23
3.175	7.47	25.23
3.183	7.45	25.23
3.189	7.45	25.23
3.193	7.44	25.23
3.197	7.43	25.23
3.201	7.43	25.23
3.207	7.41	25.23
3.212	7.42	25.23
3.218	7.40	25.23
3.223	7.39	25.23
3.227	7.39	25.23
3.232	7.38	25.23
3.236	7.38	25.23
3.241	7.37	25.23
3.245	7.35	25.23
3.249	7.36	25.23
3.253	7.34	25.23
3.258	7.33	25.23
3.264	7.34	25.23
3.269	7.31	25.23
3.273	7.29	25.23
3.276	7.29	25.23
3.280	7.28	25.23
3.285	7.26	25.23
3.289	7.26	25.23
3.291	7.25	25.23
3.293	7.24	25.23
3.296	7.24	25.23
3.300	7.23	25.23
3.305	7.24	25.23
3.309	7.21	25.23
3.314	7.21	25.23
3.318	7.20	25.23
3.322	7.20	25.23
3.326	7.18	25.23
3.332	7.18	25.23
3.339	7.14	25.23
3.345	7.14	25.23
3.350	7.13	25.23
3.355	7.11	25.23
3.362	7.12	25.23
3.368	7.11	25.23
3.374	7.10	25.23
3.381	7.09	25.23
3.387	7.06	25.23
3.391	7.08	25.23
3.394	7.07	25.23
3.399	7.05	25.23
3.402	7.06	25.23
3.406	7.04	25.23
3.411	7.05	25.23
3.416	7.06	25.23
3.420	7.03	25.23
3.425	7.04	25.23
3.431	7.02	25.23
3.435	7.01	25.23
3.442	7.02	25.23
3.452	6.98	25.23
3.462	6.98	25.23
3.469	6.97	25.23
3.474	6.94	25.23
3.477	6.95	25.23
3.479	6.93	25.23
3.483	6.92	25.23
3.488	6.94	25.23
3.492	6.91	25.23
3.496	6.90	25.23
3.501	6.91	25.23
3.506	6.88	25.23
3.509	6.88	25.23
3.512	6.87	25.23
3.517	6.86	25.23
3.522	6.87	25.23
3.525	6.84	25.23
3.530	6.83	25.23
3.536	6.83	25.23
3.543	6.82	25.23
3.549	6.80	25.23
3.551	6.84	25.23
3.551	6.81	25.23
3.550	6.81	25.23
3.550	6.82	25.23
3.557	6.81	25.23
3.562	6.80	25.23
3.568	6.79	25.23
3.574	6.76	25.23
3.580	6.77	25.23
3.585	6.73	25.23
3.589	6.81	25.23
3.593	6.73	25.23
3.599	6.74	25.23
3.608	6.76	25.23
3.614	6.69	25.23
3.618	6.70	25.23
3.623	6.76	25.23
3.629	6.75	25.23
3.631	6.70	25.23
3.635	6.74	25.23
3.641	6.70	25.23
3.650	6.73	25.23
3.661	6.69	25.23
3.670	6.69	25.23
3.679	6.69	25.23
3.685	6.65	25.23
3.689	6.67	25.23
3.694	6.66	25.23
3.700	6.64	25.23
3.707	6.66	25.23
3.713	6.62	25.23
3.719	6.61	25.23
3.725	6.65	25.23
3.731	6.59	25.23
3.734	6.61	25.23
3.739	6.59	25.23
3.745	6.58	25.23
3.750	6.62	25.23
3.756	6.58	25.23
3.762	6.53	25.23
3.771	6.56	25.23
3.781	6.52	25.23
3.788	6.54	25.23
3.794	6.55	25.23
3.798	6.49	25.23
3.800	6.53	25.23
3.802	6.53	25.23
3.806	6.51	25.23
3.815	6.54	25.23
3.823	6.47	25.23
3.830	6.49	25.23
3.837	6.52	25.23
3.844	6.47	25.23
3.849	6.50	25.23
3.853	6.52	25.23
3.859	6.42	25.22
3.865	6.45	25.22
3.871	6.41	25.22
3.878	6.36	25.22
3.884	6.53	25.22
3.889	6.37	25.22
3.896	6.39	25.22
3.904	6.34	25.22
3.912	6.37	25.22
3.920	6.33	25.22
3.926	6.31	25.22
3.933	6.36	25.22
3.939	6.45	25.22
3.947	6.38	25.22
3.956	6.37	25.22
3.961	6.40	25.22
3.966	6.33	25.22
3.973	6.37	25.22
3.980	6.30	25.22
3.987	6.29	25.22
3.995	6.40	25.22
4.002	6.27	25.22
4.010	6.24	25.22
4.017	6.31	25.22
4.025	6.26	25.22
4.033	6.21	25.22
4.044	6.19	25.22
4.054	6.16	25.22
4.063	6.22	25.22
4.071	6.25	25.22
4.076	6.24	25.22
4.082	6.31	25.22
4.088	6.23	25.22
4.095	6.32	25.22
4.104	6.29	25.22
4.112	6.24	25.22
4.116	6.31	25.22
4.119	6.25	25.22
4.123	6.26	25.22
4.127	6.31	25.22
4.132	6.24	25.22
4.137	6.28	25.22
4.143	6.28	25.22
4.148	6.22	25.22
4.154	6.31	25.22
4.162	6.24	25.22
4.172	6.23	25.22
4.182	6.29	25.22
4.192	6.21	25.22
4.201	6.27	25.22
4.211	6.26	25.22
4.221	6.23	25.22
4.230	6.30	25.22
4.240	6.24	25.22
4.250	6.20	25.22
4.256	6.27	25.22
4.263	6.16	25.22
4.271	6.26	25.22
4.282	6.32	25.22
4.291	6.25	25.22
4.297	6.21	25.22
4.303	6.27	25.22
4.310	6.22	25.22
4.318	6.23	25.22
4.326	6.13	25.22
4.336	6.33	25.22
4.345	6.27	25.22
4.354	6.31	25.22
4.362	6.32	25.22
4.370	6.27	25.22
4.380	6.22	25.22
4.389	6.28	25.22
4.397	6.24	25.21
4.403	6.24	25.21
4.408	6.27	25.21
4.413	6.24	25.21
4.413	6.28	25.21
4.412	6.25	25.21
4.409	6.21	25.21
4.405	6.28	25.21
4.398	6.23	25.21
4.387	6.23	25.21
4.374	6.29	25.21
4.366	6.25	25.21
4.360	6.29	25.21
4.350	6.26	25.21
4.336	6.26	25.21
4.325	6.31	25.21
4.318	6.30	25.21
4.310	6.29	25.21
4.299	6.33	25.21
4.287	6.28	25.21
4.275	6.27	25.21
4.265	6.30	25.21
4.252	6.26	25.21
4.239	6.31	25.21
4.228	6.27	25.21
4.218	6.26	25.21
4.205	6.32	25.21
4.191	6.26	25.21
4.175	6.28	25.21
4.160	6.29	25.21
4.150	6.25	25.21
4.146	6.31	25.21
4.137	6.28	25.21
4.122	6.26	25.21
4.108	6.30	25.21
4.093	6.26	25.21
4.076	6.31	25.21
4.064	6.30	25.21
4.054	6.30	25.21
4.040	6.27	25.21
4.028	6.28	25.21
4.022	6.27	25.21
4.022	6.28	25.21
4.018	6.27	25.21
4.005	6.27	25.21
3.994	6.26	25.21
3.993	6.24	25.21
3.984	6.37	25.21
3.969	6.34	25.21
3.962	6.28	25.21
3.958	6.34	25.21
3.947	6.32	25.21
3.938	6.33	25.21
3.934	6.38	25.21
3.924	6.35	25.20
3.923	6.40	25.20
3.912	6.41	25.20
3.900	6.39	25.20
3.893	6.43	25.20
3.891	6.41	25.20
3.884	6.40	25.20
3.874	6.43	25.20
3.868	6.40	25.20
3.860	6.43	25.20
3.850	6.45	25.20
3.841	6.44	25.20
3.833	6.48	25.20
3.826	6.45	25.20
3.817	6.45	25.20
3.810	6.50	25.20
3.806	6.47	25.20
3.798	6.48	25.20
3.796	6.51	25.20
3.787	6.49	25.20
3.781	6.52	25.20
3.776	6.53	25.20
3.763	6.51	25.20
3.754	6.57	25.20
3.752	6.52	25.20
3.750	6.55	25.20
3.743	6.49	25.20
3.736	6.46	25.20
3.727	6.50	25.20
3.722	6.51	25.20
3.721	6.49	25.20
3.719	6.53	25.20
3.711	6.52	25.20
3.700	6.54	25.20
3.691	6.57	25.20
3.683	6.57	25.20
3.673	6.61	25.20
3.662	6.64	25.20
3.651	6.64	25.20
3.640	6.68	25.20
3.630	6.68	25.20
3.620	6.68	25.20
3.613	6.71	25.20
3.604	6.69	25.20
3.597	6.71	25.20
3.592	6.71	25.20
3.586	6.70	25.20
3.579	6.72	25.20
3.575	6.73	25.20
3.571	6.71	25.20
3.566	6.76	25.20
3.560	6.73	25.20
3.556	6.74	25.20
3.552	6.77	25.20
3.546	6.74	25.20
3.543	6.81	25.20
3.539	6.79	25.20
3.534	6.77	25.20
3.528	6.83	25.20
3.524	6.81	25.20
3.520	6.83	25.20
3.516	6.84	25.20
3.511	6.83	25.20
3.506	6.83	25.20
3.501	6.85	25.20
3.496	6.85	25.20
3.489	6.89	25.20
3.482	6.88	25.20
3.475	6.90	25.20
3.468	6.90	25.20
3.461	6.90	25.20
3.454	6.93	25.20
3.447	6.93	25.20
3.440	6.94	25.20
3.434	6.96	25.20
3.429	6.96	25.20
3.424	6.97	25.20
3.419	6.99	25.20
3.411	6.98	25.20
3.404	7.02	25.20
3.397	7.00	25.19
3.391	7.03	25.19
3.385	7.03	25.19
3.381	7.07	25.19
3.377	7.07	25.19
3.373	7.07	25.19
3.369	7.03	25.19
3.364	7.08	25.19
3.361	7.09	25.19
3.357	7.08	25.19
3.352	7.11	25.19
3.349	7.11	25.19
3.347	7.09	25.19
3.344	7.10	25.19
3.338	7.13	25.19
3.334	7.10	25.19
3.332	7.14	25.19
3.326	7.13	25.19
3.323	7.16	25.19
3.320	7.15	25.19
3.316	7.14	25.19
3.311	7.17	25.19
3.307	7.15	25.19
3.302	7.19	25.19
3.297	7.18	25.19
3.292	7.21	25.19
3.288	7.20	25.19
3.282	7.23	25.19
3.278	7.23	25.19
3.272	7.24	25.19
3.266	7.25	25.19
3.260	7.26	25.19
3.254	7.28	25.19
3.246	7.30	25.19
3.239	7.30	25.19
3.235	7.30	25.19
3.231	7.32	25.19
3.225	7.35	25.19
3.218	7.35	25.19
3.212	7.36	25.19
3.208	7.36	25.19
3.203	7.37	25.19
3.198	7.40	25.19
3.195	7.39	25.19
3.191	7.40	25.19
3.186	7.42	25.18
3.181	7.43	25.18
3.177	7.45	25.18
3.174	7.44	25.18
3.173	7.46	25.18
3.170	7.46	25.18
3.166	7.44	25.18
3.162	7.44	25.18
3.158	7.50	25.18
3.152	7.50	25.18
3.148	7.47	25.18
3.144	7.52	25.18
3.139	7.48	25.18
3.134	7.58	25.18
3.126	7.52	25.18
3.120	7.55	25.18
3.115	7.64	25.18
3.109	7.59	25.18
3.104	7.57	25.18
3.099	7.67	25.18
3.096	7.65	25.18
3.089	7.66	25.18
3.083	7.62	25.18
3.075	7.67	25.18
3.069	7.73	25.18
3.064	7.75	25.18
3.059	7.75	25.18
3.053	7.76	25.18
3.048	7.80	25.18
3.041	7.80	25.18
3.034	7.80	25.18
3.027	7.82	25.18
3.019	7.86	25.18
3.013	7.83	25.18
3.008	7.81	25.18
3.002	7.85	25.18
2.996	7.84	25.18
2.992	7.86	25.18
2.987	7.86	25.18
2.983	7.89	25.18
2.980	7.90	25.18
2.977	7.93	25.17
2.973	7.97	25.17
2.971	7.95	25.17
2.966	7.93	25.17
2.963	7.97	25.17
2.960	7.97	25.17
2.957	7.99	25.17
2.954	8.02	25.17
2.951	8.03	25.17
2.949	8.07	25.17
2.946	8.07	25.17
2.941	8.09	25.17
2.937	8.07	25.17
2.934	8.05	25.17
2.929	8.10	25.17
2.922	8.11	25.17
2.915	8.11	25.17
2.911	8.17	25.17
2.906	8.16	25.17
2.900	8.19	25.17
2.895	8.20	25.17
2.890	8.21	25.17
2.887	8.23	25.17
2.884	8.24	25.17
2.881	8.25	25.17
2.877	8.28	25.17
2.873	8.29	25.17
2.870	8.24	25.17
2.869	8.27	25.17
2.867	8.28	25.17
2.863	8.29	25.17
2.859	8.29	25.17
2.853	8.31	25.17
2.849	8.33	25.17
2.846	8.37	25.17
2.844	8.38	25.17
2.841	8.38	25.17
2.838	8.41	25.17
2.834	8.39	25.17
2.831	8.40	25.17
2.826	8.46	25.17
2.822	8.46	25.17
2.819	8.39	25.17
2.814	8.40	25.16
2.811	8.47	25.16
2.808	8.48	25.16
2.805	8.50	25.16
2.802	8.50	25.16
2.799	8.50	25.16
2.795	8.49	25.16
2.792	8.54	25.16
2.788	8.52	25.16
2.782	8.56	25.16
2.777	8.56	25.16
2.772	8.58	25.16
2.768	8.60	25.16
2.764	8.62	25.16
2.761	8.64	25.16
2.758	8.68	25.16
2.756	8.64	25.16
2.753	8.68	25.16
2.748	8.70	25.16
2.746	8.69	25.16
2.743	8.69	25.16
2.741	8.72	25.16
2.737	8.71	25.16
2.734	8.73	25.16
2.731	8.72	25.16
2.727	8.74	25.16
2.723	8.76	25.16
2.718	8.76	25.16
2.715	8.78	25.16
2.712	8.80	25.16
2.708	8.78	25.16
2.706	8.79	25.16
2.704	8.80	25.16
2.699	8.84	25.16
2.695	8.89	25.16
2.690	8.89	25.16
2.686	8.90	25.16
2.681	8.90	25.16
2.677	8.92	25.16
2.672	8.96	25.16
2.667	8.97	25.16
2.665	8.96	25.16
2.662	8.99	25.16
2.656	9.01	25.16
2.649	9.03	25.16
2.643	9.05	25.16
2.637	9.08	25.16
2.630	9.09	25.16
2.624	9.10	25.16
2.620	9.13	25.16
2.614	9.17	25.16
2.608	9.15	25.16
2.605	9.18	25.16
2.602	9.19	25.16
2.597	9.18	25.16
2.593	9.20	25.16
2.591	9.24	25.16
2.592	9.22	25.16
2.591	9.21	25.16
2.589	9.24	25.16
2.588	9.22	25.16
2.586	9.27	25.16
2.583	9.21	25.16
2.581	9.29	25.16
2.575	9.29	25.16
2.570	9.31	25.16
2.569	9.30	25.16
2.565	9.32	25.16
2.562	9.36	25.16
2.559	9.37	25.16
2.556	9.38	25.16
2.550	9.39	25.16
2.545	9.42	25.16
2.541	9.43	25.16
2.537	9.45	25.16
2.532	9.48	25.16
2.528	9.51	25.16
2.525	9.53	25.16
2.523	9.50	25.16
2.519	9.54	25.16
2.516	9.55	25.16
2.512	9.55	25.16
2.509	9.59	25.16
2.506	9.60	25.16
2.503	9.59	25.16
2.501	9.63	25.16
2.499	9.59	25.16
2.495	9.63	25.16
2.491	9.64	25.16
2.488	9.64	25.16
2.485	9.62	25.16
2.483	9.68	25.16
2.479	9.70	25.16
2.476	9.71	25.16
2.473	9.67	25.16
2.469	9.71	25.16
2.466	9.75	25.16
2.463	9.73	25.16
2.459	9.80	25.16
2.457	9.85	25.16
2.455	9.83	25.16
2.452	9.84	25.16
2.449	9.87	25.16
2.446	9.89	25.16
2.442	9.91	25.16
2.439	9.91	25.16
2.435	9.89	25.16
2.431	9.85	25.16
2.427	9.90	25.16
2.424	9.97	25.16
2.420	9.98	25.16
2.415	9.98	25.16
2.411	10.05	25.16
2.409	9.99	25.16
2.406	10.04	25.16
2.402	10.07	25.16
2.398	10.00	25.16
2.395	10.08	25.16
2.391	10.09	25.16
2.389	10.04	25.16
2.387	10.09	25.16
2.384	10.06	25.16
2.380	10.11	25.16
2.377	10.15	25.16
2.374	10.12	25.16
2.370	10.20	25.16
2.367	10.17	25.16
2.364	10.18	25.16
2.361	10.22	25.16
2.359	10.25	25.16
2.355	10.27	25.16
2.353	10.27	25.16
2.350	10.27	25.16
2.348	10.29	25.16
2.345	10.34	25.16
2.342	10.33	25.16
2.339	10.31	25.16
2.335	10.37	25.16
2.330	10.38	25.16
2.325	10.45	25.16
2.322	10.39	25.16
2.320	10.45	25.16
2.317	10.49	25.16
2.314	10.47	25.16
2.311	10.48	25.16
2.308	10.55	25.16
2.305	10.49	25.16
2.302	10.46	25.16
2.299	10.49	25.16
2.297	10.62	25.16
2.294	10.50	25.16
2.292	10.61	25.16
2.289	10.47	25.16
2.287	10.58	25.16
2.284	10.55	25.16
2.282	10.55	25.16
2.279	10.65	25.16
2.276	10.70	25.16
2.273	10.62	25.16
2.270	10.67	25.16
2.268	10.72	25.16
2.265	10.70	25.16
2.262	10.72	25.16
2.259	10.76	25.16
2.256	10.74	25.16
2.254	10.71	25.16
2.251	10.75	25.16
2.246	10.82	25.16
2.242	10.84	25.16
2.238	10.87	25.16
2.234	10.76	25.16
2.229	10.88	25.16
2.226	10.98	25.16
2.222	10.96	25.16
2.218	10.99	25.16
2.215	10.90	25.16
2.212	10.95	25.16
2.209	11.03	25.16
2.206	10.92	25.16
2.203	11.00	25.16
2.201	10.99	25.16
2.198	11.04	25.16
2.195	11.02	25.16
2.192	11.06	25.16
2.188	11.06	25.16
2.186	11.15	25.16
2.184	11.10	25.16
2.182	11.15	25.16
2.180	11.14	25.16
2.178	11.19	25.16
2.175	11.30	25.16
2.173	11.14	25.16
2.171	11.11	25.16
2.169	11.28	25.16
2.167	11.26	25.16
2.164	11.33	25.16
2.161	11.33	25.16
2.158	11.33	25.16
2.154	11.42	25.16
2.152	11.41	25.16
2.151	11.35	25.16
2.149	11.30	25.16
2.146	11.27	25.16
2.143	11.49	25.16
2.140	11.43	25.16
2.137	11.39	25.16
2.134	11.35	25.16
2.132	11.41	25.16
2.130	11.54	25.16
2.128	11.52	25.16
2.126	11.53	25.16
2.124	11.48	25.16
2.122	11.47	25.16
2.120	11.50	25.16
2.117	11.59	25.16
2.114	11.43	25.16
2.113	11.51	25.16
2.112	11.55	25.16
2.111	11.47	25.16
2.109	11.55	25.16
2.107	11.65	25.16
2.105	11.55	25.16
2.103	11.63	25.16
2.100	11.66	25.16
2.098	11.56	25.16
2.095	11.67	25.16
2.093	11.74	25.16
2.091	11.73	25.16
2.088	11.77	25.16
2.085	11.79	25.16
2.081	11.85	25.16
2.078	11.79	25.16
2.074	11.79	25.16
2.071	11.79	25.16
2.069	11.79	25.16
2.066	11.80	25.16
2.064	11.85	25.16
2.061	11.85	25.16
2.059	11.82	25.16
2.056	11.87	25.16
2.054	11.80	25.16
2.052	11.83	25.16
2.050	11.88	25.16
2.047	11.92	25.16
2.045	12.04	25.16
2.043	12.02	25.16
2.041	11.93	25.16
2.040	11.95	25.16
2.038	11.89	25.16
2.035	12.02	25.16
2.033	11.96	25.16
2.031	11.99	25.16
2.029	12.17	25.16
2.026	11.98	25.16
2.024	12.05	25.16
2.022	12.19	25.16
2.018	12.21	25.16
2.015	12.18	25.16
2.011	12.13	25.16
2.008	12.31	25.16
2.005	12.27	25.16
2.002	12.22	25.16
1.999	12.29	25.16
1.996	12.44	25.16
1.994	12.41	25.16
1.992	12.26	25.16
1.990	12.23	25.16
1.988	12.22	25.16
1.986	12.40	25.16
1.983	12.46	25.16
1.979	12.29	25.16
1.975	12.32	25.16
1.973	12.32	25.16
1.971	12.44	25.16
1.967	12.52	25.16
1.964	12.37	25.16
1.963	12.61	25.16
1.962	12.45	25.16
1.960	12.41	25.16
1.959	12.57	25.16
1.958	12.64	25.16
1.955	12.58	25.16
1.952	12.58	25.16
1.950	12.54	25.16
1.947	12.57	25.16
1.944	12.74	25.16
1.941	12.69	25.16
1.939	12.67	25.16
1.936	12.65	25.16
1.933	12.66	25.16
1.930	12.80	25.16
1.926	12.76	25.16
1.924	12.74	25.16
1.922	12.80	25.16
1.918	12.78	25.16
1.913	12.80	25.16
1.910	12.92	25.16
1.908	12.87	25.16
1.906	12.90	25.16
1.905	12.86	25.16
1.903	12.82	25.16
1.901	12.92	25.16
1.900	12.88	25.16
1.898	12.95	25.16
1.896	13.07	25.16
1.894	13.00	25.16
1.892	12.97	25.16
1.891	13.03	25.16
1.890	13.11	25.16
1.887	13.13	25.16
1.884	13.02	25.16
1.880	13.06	25.16
1.878	13.15	25.16
1.874	13.18	25.16
1.870	13.18	25.16
1.868	13.27	25.16
1.866	13.29	25.16
1.864	13.28	25.16
1.860	13.32	25.16
1.856	13.33	25.16
1.854	13.32	25.16
1.851	13.33	25.16
1.848	13.41	25.16
1.846	13.31	25.16
1.844	13.23	25.16
1.842	13.37	25.16
1.841	13.42	25.16
1.840	13.40	25.16
1.838	13.40	25.16
1.835	13.40	25.16
1.833	13.54	25.16
1.830	13.56	25.16
1.828	13.45	25.16
1.826	13.51	25.16
1.824	13.60	25.16
1.822	13.54	25.16
1.819	13.63	25.16
1.817	13.61	25.16
1.814	13.61	25.16
1.811	13.67	25.16
1.809	13.67	25.16
1.807	13.70	25.16
1.804	13.72	25.16
1.802	13.67	25.16
1.800	13.78	25.16
1.798	13.69	25.16
1.796	13.78	25.16
1.794	13.79	25.16
1.793	13.70	25.16
1.792	13.77	25.16
1.791	13.82	25.16
1.790	13.70	25.16
1.788	13.74	25.16
1.786	13.82	25.16
1.784	13.89	25.16
1.782	13.86	25.16
1.780	13.80	25.16
1.778	13.85	25.16
1.777	13.90	25.16
1.775	13.95	25.16
1.773	14.05	25.16
1.771	14.01	25.16
1.768	14.03	25.16
1.766	14.01	25.16
1.763	13.98	25.16
1.760	14.07	25.16
1.757	14.09	25.16
1.755	14.09	25.16
1.753	14.10	25.16
1.751	14.19	25.16
1.749	14.08	25.16
1.747	14.15	25.16
1.745	14.14	25.16
1.744	14.21	25.16
1.743	14.23	25.16
1.741	14.17	25.16
1.739	14.21	25.16
1.736	14.29	25.16
1.734	14.22	25.16
1.733	14.32	25.16
1.730	14.32	25.16
1.728	14.33	25.16
1.726	14.43	25.16
1.724	14.41	25.16
1.722	14.47	25.16
1.720	14.52	25.16
1.717	14.49	25.16
1.715	14.58	25.16
1.712	14.64	25.16
1.710	14.63	25.16
1.708	14.67	25.16
1.707	14.68	25.16
1.706	14.67	25.16
1.704	14.73	25.16
1.703	14.67	25.16
1.701	14.74	25.16
1.699	14.77	25.16
1.698	14.74	25.16
1.696	14.79	25.16
1.694	14.79	25.16
1.693	14.75	25.16
1.692	14.84	25.16
1.690	14.83	25.16
1.687	14.88	25.16
1.685	14.93	25.16
1.683	14.92	25.16
1.682	14.97	25.16
1.681	15.01	25.16
1.679	14.96	25.16
1.678	15.07	25.16
1.676	15.08	25.16
1.674	15.12	25.16
1.673	15.13	25.16
1.671	15.14	25.16
1.668	15.20	25.16
1.666	15.24	25.16
1.664	15.25	25.16
1.662	15.29	25.16
1.661	15.31	25.16
1.658	15.35	25.16
1.656	15.38	25.16
1.653	15.39	25.16
1.651	15.44	25.16
1.648	15.50	25.16
1.646	15.52	25.16
1.645	15.54	25.16
1.643	15.56	25.16
1.640	15.58	25.16
1.637	15.61	25.16
1.635	15.66	25.16
1.634	15.68	25.16
1.632	15.68	25.16
1.631	15.71	25.16
1.629	15.73	25.16
1.627	15.79	25.16
1.624	15.80	25.16
1.622	15.84	25.16
1.620	15.86	25.16
1.619	15.88	25.16
1.619	15.90	25.16
1.618	15.91	25.16
1.616	15.92	25.16
1.615	15.95	25.16
1.613	15.96	25.16
1.611	16.00	25.16
1.609	15.99	25.16
1.608	16.01	25.16
1.607	16.02	25.15
1.606	16.02	25.16
1.605	16.02	25.16
1.604	16.05	25.15
1.602	16.04	25.15
1.600	16.07	25.15
1.599	16.07	25.15
1.598	16.09	25.15
1.597	16.09	25.15
1.596	16.10	25.15
1.595	16.11	25.15
1.594	16.13	25.15
1.594	16.13	25.15
1.593	16.16	25.15
1.591	16.17	25.15
1.590	16.18	25.15
1.588	16.21	25.15
1.586	16.23	25.15
1.584	16.26	25.15
1.583	16.28	25.15
1.581	16.29	25.15
1.580	16.32	25.15
1.578	16.34	25.15
1.576	16.34	25.15
1.574	16.38	25.15
1.572	16.39	25.15
1.570	16.43	25.15
1.569	16.46	25.15
1.568	16.43	25.15
1.566	16.46	25.15
1.564	16.48	25.15
1.562	16.46	25.15
1.560	16.49	25.15
1.558	16.51	25.15
1.556	16.55	25.15
1.555	16.55	25.15
1.554	16.54	25.15
1.553	16.60	25.15
1.551	16.57	25.15
1.549	16.64	25.15
1.547	16.63	25.15
1.545	16.68	25.15
1.543	16.68	25.15
1.542	16.74	25.15
1.541	16.70	25.15
1.539	16.77	25.15
1.538	16.76	25.15
1.536	16.79	25.15
1.533	16.83	25.15
1.530	16.85	25.15
1.529	16.91	25.15
1.528	16.92	25.15
1.527	16.90	25.15
1.525	16.90	25.15
1.524	16.95	25.15
1.522	16.94	25.15
1.521	16.95	25.15
1.520	16.94	25.15
1.519	16.95	25.15
1.518	16.99	25.15
1.517	17.01	25.15
1.515	17.03	25.15
1.513	17.06	25.15
1.511	17.05	25.15
1.508	17.08	25.15
1.506	17.13	25.15
1.504	17.16	25.15
1.503	17.19	25.15
1.500	17.21	25.15
1.499	17.21	25.15
1.497	17.26	25.15
1.496	17.28	25.15
1.495	17.28	25.15
1.493	17.32	25.15
1.492	17.34	25.15
1.490	17.35	25.15
1.489	17.38	25.15
1.488	17.36	25.15
1.487	17.41	25.15
1.485	17.41	25.15
1.484	17.40	25.15
1.483	17.42	25.15
1.481	17.45	25.15
1.480	17.43	25.15
1.478	17.46	25.15
1.477	17.50	25.15
1.475	17.51	25.15
1.474	17.52	25.15
1.472	17.56	25.15
1.471	17.58	25.15
1.470	17.59	25.15
1.468	17.62	25.15
1.467	17.63	25.15
1.465	17.62	25.15
1.464	17.66	25.15
1.462	17.69	25.15
1.461	17.69	25.15
1.460	17.74	25.15
1.458	17.75	25.15
1.457	17.79	25.15
1.455	17.81	25.15
1.454	17.80	25.15
1.453	17.84	25.15
1.453	17.84	25.15
1.452	17.83	25.15
1.451	17.88	25.15
1.449	17.91	25.15
1.448	17.89	25.15
1.446	17.89	25.15
1.445	17.93	25.15
1.443	17.93	25.15
1.442	17.96	25.15
1.441	17.94	25.15
1.439	17.99	25.15
1.438	18.00	25.15
1.437	18.02	25.15
1.436	18.04	25.15
1.434	18.04	25.15
1.433	18.08	25.15
1.432	18.09	25.15
1.430	18.10	25.15
1.430	18.14	25.15
1.429	18.15	25.15
1.428	18.14	25.15
1.426	18.18	25.15
1.425	18.19	25.15
1.424	18.21	25.15
1.423	18.23	25.15
1.421	18.26	25.15
1.419	18.28	25.15
1.418	18.31	25.15
1.417	18.32	25.15
1.416	18.33	25.15
1.415	18.34	25.15
1.413	18.34	25.15
1.412	18.35	25.15
1.411	18.36	25.15
1.409	18.37	25.15
1.408	18.41	25.15
1.406	18.41	25.15
1.405	18.44	25.15
1.403	18.46	25.15
1.402	18.46	25.15
1.401	18.50	25.15
1.399	18.52	25.15
1.399	18.54	25.15
1.398	18.57	25.15
1.397	18.57	25.15
1.396	18.59	25.15
1.395	18.61	25.15
1.394	18.62	25.15
1.393	18.64	25.15
1.392	18.67	25.15
1.390	18.69	25.15
1.388	18.74	25.15
1.386	18.76	25.15
1.385	18.77	25.15
1.384	18.79	25.15
1.382	18.80	25.15
1.381	18.81	25.15
1.380	18.86	25.15
1.378	18.84	25.15
1.377	18.86	25.15
1.376	18.90	25.15
1.375	18.90	25.15
1.373	18.93	25.15
1.372	18.94	25.15
1.370	18.96	25.15
1.368	18.98	25.15
1.367	18.99	25.15
1.366	19.02	25.15
1.365	19.04	25.15
1.364	19.06	25.15
1.364	19.09	25.15
1.363	19.07	25.15
1.362	19.08	25.15
1.361	19.14	25.15
1.359	19.15	25.15
1.358	19.16	25.15
1.356	19.21	25.15
1.354	19.24	25.15
1.352	19.27	25.15
1.351	19.30	25.15
1.350	19.30	25.15
1.348	19.32	25.15
1.346	19.33	25.15
1.345	19.35	25.15
1.343	19.37	25.15
1.341	19.38	25.15
1.340	19.41	25.15
1.339	19.43	25.15
1.338	19.43	25.15
1.338	19.47	25.15
1.336	19.50	25.15
1.335	19.52	25.15
1.334	19.56	25.15
1.332	19.58	25.15
1.332	19.59	25.15
1.330	19.62	25.15
1.329	19.65	25.15
1.327	19.66	25.15
1.326	19.66	25.15
1.325	19.71	25.15
1.323	19.74	25.15
1.322	19.74	25.15
1.321	19.77	25.15
1.320	19.80	25.15
1.319	19.79	25.15
1.318	19.81	25.15
1.317	19.82	25.15
1.316	19.83	25.15
1.314	19.84	25.15
1.313	19.86	25.15
1.312	19.89	25.15
1.311	19.89	25.15
1.310	19.91	25.15
1.309	19.93	25.15
1.308	19.95	25.15
1.306	19.97	25.15
1.305	20.01	25.15
1.304	20.02	25.15
1.303	20.04	25.15
1.303	20.06	25.15
1.302	20.07	25.15
1.301	20.09	25.15
1.301	20.10	25.15
1.300	20.10	25.15
1.300	20.12	25.15
1.299	20.14	25.15
1.298	20.15	25.15
1.297	20.18	25.15
1.296	20.20	25.15
1.295	20.22	25.15
1.293	20.26	25.15
1.292	20.26	25.15
1.291	20.29	25.15
1.291	20.29	25.15
1.290	20.30	25.15
1.289	20.31	25.15
1.288	20.32	25.15
1.287	20.33	25.15
1.286	20.33	25.15
1.285	20.33	25.15
1.284	20.35	25.15
1.283	20.37	25.15
1.282	20.38	25.15
1.281	20.42	25.15
1.280	20.42	25.15
1.279	20.44	25.15
1.279	20.47	25.15
1.278	20.46	25.15
1.277	20.49	25.15
1.275	20.53	25.15
1.274	20.54	25.15
1.273	20.57	25.15
1.272	20.59	25.15
1.271	20.60	25.15
1.269	20.64	25.15
1.268	20.66	25.15
1.267	20.69	25.15
1.266	20.71	25.15
1.265	20.71	25.15
1.264	20.74	25.15
1.263	20.76	25.15
1.262	20.75	25.15
1.261	20.79	25.15
1.260	20.80	25.15
1.259	20.81	25.15
1.257	20.83	25.15
1.257	20.83	25.15
1.256	20.85	25.15
1.255	20.85	25.15
1.254	20.86	25.15
1.254	20.88	25.15
1.253	20.90	25.15
1.252	20.92	25.15
1.251	20.95	25.15
1.249	20.97	25.15
1.249	21.00	25.15
1.247	21.03	25.15
1.247	21.04	25.15
1.246	21.05	25.15
1.245	21.08	25.15
1.243	21.10	25.15
1.242	21.15	25.15
1.240	21.19	25.15
1.239	21.21	25.15
1.238	21.24	25.15
1.237	21.24	25.15
1.236	21.26	25.15
1.235	21.28	25.15
1.234	21.28	25.15
1.233	21.30	25.15
1.232	21.30	25.15
1.231	21.31	25.15
1.230	21.33	25.15
1.229	21.35	25.15
1.228	21.36	25.15
1.227	21.38	25.15
1.226	21.39	25.15
1.225	21.43	25.15
1.224	21.45	25.15
1.223	21.48	25.15
1.222	21.51	25.15
1.221	21.52	25.15
1.220	21.54	25.15
1.220	21.55	25.15
1.219	21.57	25.15
1.218	21.59	25.15
1.217	21.60	25.15
1.216	21.62	25.15
1.215	21.66	25.15
1.214	21.69	25.15
1.213	21.71	25.15
1.212	21.73	25.15
1.211	21.74	25.15
1.210	21.76	25.15
1.209	21.78	25.15
1.207	21.78	25.15
1.206	21.80	25.15
1.205	21.82	25.15
1.204	21.84	25.15
1.203	21.86	25.15
1.202	21.87	25.15
1.202	21.88	25.15
1.200	21.91	25.15
1.200	21.93	25.15
1.199	21.95	25.15
1.199	21.96	25.15
1.198	21.97	25.15
1.197	21.99	25.15
1.197	22.01	25.15
1.196	22.03	25.15
1.195	22.04	25.15
1.195	22.05	25.15
1.194	22.07	25.15
1.193	22.10	25.15
1.192	22.11	25.15
1.191	22.15	25.15
1.190	22.17	25.15
1.189	22.19	25.15
1.188	22.24	25.15
1.188	22.26	25.15
1.187	22.27	25.15
1.187	22.30	25.15
1.186	22.31	25.15
1.185	22.33	25.15
1.184	22.35	25.15
1.184	22.36	25.15
1.183	22.39	25.15
1.182	22.41	25.15
1.181	22.45	25.15
1.181	22.47	25.15
1.180	22.47	25.15
1.179	22.49	25.15
1.178	22.51	25.15
1.178	22.51	25.15
1.177	22.52	25.15
1.176	22.54	25.15
1.175	22.54	25.15
1.175	22.54	25.15
1.174	22.54	25.15
1.173	22.54	25.15
1.173	22.56	25.15
1.172	22.55	25.15
1.171	22.56	25.15
1.170	22.58	25.15
1.169	22.57	25.15
1.168	22.59	25.15
1.166	22.60	25.15
1.165	22.60	25.15
1.164	22.61	25.15
1.164	22.61	25.15
1.163	22.62	25.15
1.162	22.63	25.15
1.161	22.61	25.15
1.160	22.63	25.15
1.159	22.63	25.15
1.158	22.64	25.15
1.157	22.64	25.15
1.157	22.65	25.15
1.156	22.68	25.15
1.155	22.70	25.15
1.155	22.70	25.15
1.154	22.74	25.15
1.153	22.78	25.15
1.152	22.76	25.15
1.151	22.80	25.15
1.151	22.81	25.15
1.150	22.83	25.15
1.149	22.88	25.15
1.148	22.88	25.15
1.147	22.94	25.15
1.146	22.95	25.15
1.145	22.97	25.15
1.144	22.99	25.15
1.143	23.01	25.15
1.142	23.04	25.15
1.141	23.07	25.15
1.140	23.07	25.15
1.140	23.08	25.15
1.139	23.11	25.15
1.138	23.08	25.15
1.137	23.18	25.15
1.136	23.23	25.15
1.135	23.18	25.15
1.134	23.32	25.15
1.133	23.22	25.15
1.132	23.26	25.15
1.132	23.31	25.15
1.131	23.28	25.15
1.130	23.36	25.15
1.130	23.31	25.15
1.129	23.34	25.15
1.128	23.36	25.15
1.127	23.36	25.15
1.126	23.37	25.15
1.125	23.35	25.15
1.123	23.16	25.15
1.122	23.24	25.15
1.121	23.36	25.15
1.120	23.23	25.15
1.119	23.32	25.15
1.118	23.35	25.15
1.118	23.26	25.15
1.117	23.31	25.15
1.116	23.29	25.15
1.115	23.27	25.15
1.114	23.34	25.15
1.113	23.27	25.15
1.112	23.35	25.15
1.111	23.35	25.15
1.110	23.24	25.15
1.110	23.30	25.15
1.109	23.35	25.15
1.108	23.27	25.15
1.107	23.35	25.16
1.106	23.26	25.16
1.106	23.28	25.16
1.105	23.33	25.16
1.104	23.26	25.16
1.104	23.36	25.16
1.104	23.35	25.16
1.104	23.28	25.16
1.104	23.36	25.16
1.104	23.31	25.16
1.104	23.28	25.16
1.104	23.53	25.16
1.104	23.19	25.16
1.105	23.30	25.16
1.105	23.33	25.16
1.105	23.21	25.16
1.105	23.28	25.16
1.105	23.30	25.16
1.105	23.27	25.16
1.105	23.30	25.16
1.105	23.27	25.16
1.105	23.28	25.16
1.105	23.30	25.16
1.105	23.23	25.16
1.105	23.30	25.16
1.105	23.32	25.16
1.105	23.23	25.16
1.105	23.31	25.16
1.105	23.27	25.16
1.105	23.27	25.16
1.105	23.29	25.16
1.105	23.21	25.16
1.105	23.28	25.16
1.105	23.31	25.16
1.105	23.23	25.16
1.105	23.30	25.16
1.105	23.27	25.16
1.105	23.24	25.16
1.105	23.32	25.16
1.105	23.24	25.16
1.105	23.27	25.16
1.105	23.30	25.16
1.105	23.17	25.16
1.105	23.28	25.16
1.105	23.29	25.16
1.105	23.23	25.16
1.105	23.29	25.16
1.105	23.22	25.16
1.105	23.23	25.16
1.105	23.32	25.16
1.105	23.21	25.16
1.105	23.26	25.16
1.105	23.29	25.16
