****************************************************************************************************
SERIE 1
****************************************************************************************************

Verifica ipotesi linearità_________________________________
Covarianza = -787.51282
Indice Pearson = -0.90124 +/- 0.07029
Gradi di Liberta' = 38
	t = 12.82092666654784
	p-value (due code) = 2.2425165959713653e-15

Parametri___________________________________________________
y = a + bx
a = 379.49330 +/- 17.05216
b = -0.77087 +/- 0.04839

Test Chi Quadro_____________________________________________
x         y         sy           y*            Chi-quadro   
310.50000 149.00000 12.20656     140.13825     0.52705      
311.50000 155.00000 12.44990     139.36738     1.57664      
312.50000 119.00000 10.90871     138.59651     3.22709      
313.50000 143.00000 11.95826     137.82564     0.18723      
314.50000 134.00000 11.57584     137.05477     0.06964      
315.50000 132.00000 11.48913     136.28390     0.13903      
316.50000 160.00000 12.64911     135.51303     3.74757      
317.50000 158.00000 12.56981     134.74216     3.42359      
318.50000 138.00000 11.74734     133.97129     0.11761      
319.50000 122.00000 11.04536     133.20042     1.02827      
320.50000 131.00000 11.44552     132.42955     0.01560      
321.50000 157.00000 12.52996     131.65868     4.09033      
322.50000 133.00000 11.53256     130.88781     0.03354      
323.50000 115.00000 10.72381     130.11694     1.98715      
324.50000 101.00000 10.04988     129.34607     7.95544      
325.50000 134.00000 11.57584     128.57520     0.21962      
326.50000 121.00000 11.00000     127.80433     0.38264      
327.50000 133.00000 11.53256     127.03346     0.26767      
328.50000 143.00000 11.95826     126.26259     1.95903      
329.50000 114.00000 10.67708     125.49172     1.15842      
330.50000 114.00000 10.67708     124.72085     1.00822      
331.50000 131.00000 11.44552     123.94998     0.37941      
332.50000 132.00000 11.48913     123.17911     0.58945      
333.50000 138.00000 11.74734     122.40824     1.76161      
334.50000 115.00000 10.72381     121.63737     0.38308      
335.50000 117.00000 10.81665     120.86650     0.12778      
336.50000 124.00000 11.13553     120.09564     0.12294      
337.50000 104.00000 10.19804     119.32477     2.25816      
338.50000 117.00000 10.81665     118.55390     0.02064      
339.50000 122.00000 11.04536     117.78303     0.14576      
390.50000 77.00000  8.77496      78.46867      0.02801      
391.50000 75.00000  8.66025      77.69780      0.09704      
392.50000 69.00000  8.30662      76.92693      0.91067      
393.50000 80.00000  8.94427      76.15606      0.18470      
394.50000 74.00000  8.60233      75.38519      0.02593      
395.50000 84.00000  9.16515      74.61432      1.04870      
396.50000 80.00000  8.94427      73.84345      0.47379      
397.50000 65.00000  8.06226      73.07258      1.00256      
398.50000 67.00000  8.18535      72.30171      0.41952      
399.50000 88.00000  9.38083      71.53084      3.08219      

Gradi di liberta = 38
Chi-quadro = 46.183327790754355
p-value = 0.1700497757119054

Verifica ipotesi funzione costante_________________________
Gradi di Liberta' = 38
t = 15.930207659247348
p-value = 2.0794721543133177e-18

x         y         sy           y_media_p     Chi-quadro   
310.50000 149.00000 12.20656     109.12613     10.67064     
311.50000 155.00000 12.44990     109.12613     13.57685     
312.50000 119.00000 10.90871     109.12613     0.81927      
313.50000 143.00000 11.95826     109.12613     8.02405      
314.50000 134.00000 11.57584     109.12613     4.61723      
315.50000 132.00000 11.48913     109.12613     3.96374      
316.50000 160.00000 12.64911     109.12613     16.17594     
317.50000 158.00000 12.56981     109.12613     15.11807     
318.50000 138.00000 11.74734     109.12613     6.04131      
319.50000 122.00000 11.04536     109.12613     1.35850      
320.50000 131.00000 11.44552     109.12613     3.65241      
321.50000 157.00000 12.52996     109.12613     14.59814     
322.50000 133.00000 11.53256     109.12613     4.28543      
323.50000 115.00000 10.72381     109.12613     0.30002      
324.50000 101.00000 10.04988     109.12613     0.65380      
325.50000 134.00000 11.57584     109.12613     4.61723      
326.50000 121.00000 11.00000     109.12613     1.16520      
327.50000 133.00000 11.53256     109.12613     4.28543      
328.50000 143.00000 11.95826     109.12613     8.02405      
329.50000 114.00000 10.67708     109.12613     0.20837      
330.50000 114.00000 10.67708     109.12613     0.20837      
331.50000 131.00000 11.44552     109.12613     3.65241      
332.50000 132.00000 11.48913     109.12613     3.96374      
333.50000 138.00000 11.74734     109.12613     6.04131      
334.50000 115.00000 10.72381     109.12613     0.30002      
335.50000 117.00000 10.81665     109.12613     0.52990      
336.50000 124.00000 11.13553     109.12613     1.78413      
337.50000 104.00000 10.19804     109.12613     0.25267      
338.50000 117.00000 10.81665     109.12613     0.52990      
339.50000 122.00000 11.04536     109.12613     1.35850      
390.50000 77.00000  8.77496      109.12613     13.40374     
391.50000 75.00000  8.66025      109.12613     15.52790     
392.50000 69.00000  8.30662      109.12613     23.33487     
393.50000 80.00000  8.94427      109.12613     10.60414     
394.50000 74.00000  8.60233      109.12613     16.67358     
395.50000 84.00000  9.16515      109.12613     7.51574      
396.50000 80.00000  8.94427      109.12613     10.60414     
397.50000 65.00000  8.06226      109.12613     29.95562     
398.50000 67.00000  8.18535      109.12613     26.48673     
399.50000 88.00000  9.38083      109.12613     5.07174      

Gradi di liberta = 38
Chi-quadro = 299.9548464157893
p-value = 0.1700497757119054

Media pesata = 109.12612883960526 +/- 1.651712208888138

****************************************************************************************************
SERIE 1
****************************************************************************************************

Verifica ipotesi linearità_________________________________
Covarianza = -787.51282
Indice Pearson = -0.90124 +/- 0.07029
Gradi di Liberta' = 38
	t = 12.82092666654784
	p-value (due code) = 2.2425165959713653e-15

Parametri___________________________________________________
y = a + bx
a = 379.49330 +/- 17.05216
b = -0.77087 +/- 0.04839

Test Chi Quadro_____________________________________________
x         y         sy           y*            Chi-quadro   
310.50000 149.00000 12.20656     140.13825     0.52705      
311.50000 155.00000 12.44990     139.36738     1.57664      
312.50000 119.00000 10.90871     138.59651     3.22709      
313.50000 143.00000 11.95826     137.82564     0.18723      
314.50000 134.00000 11.57584     137.05477     0.06964      
315.50000 132.00000 11.48913     136.28390     0.13903      
316.50000 160.00000 12.64911     135.51303     3.74757      
317.50000 158.00000 12.56981     134.74216     3.42359      
318.50000 138.00000 11.74734     133.97129     0.11761      
319.50000 122.00000 11.04536     133.20042     1.02827      
320.50000 131.00000 11.44552     132.42955     0.01560      
321.50000 157.00000 12.52996     131.65868     4.09033      
322.50000 133.00000 11.53256     130.88781     0.03354      
323.50000 115.00000 10.72381     130.11694     1.98715      
324.50000 101.00000 10.04988     129.34607     7.95544      
325.50000 134.00000 11.57584     128.57520     0.21962      
326.50000 121.00000 11.00000     127.80433     0.38264      
327.50000 133.00000 11.53256     127.03346     0.26767      
328.50000 143.00000 11.95826     126.26259     1.95903      
329.50000 114.00000 10.67708     125.49172     1.15842      
330.50000 114.00000 10.67708     124.72085     1.00822      
331.50000 131.00000 11.44552     123.94998     0.37941      
332.50000 132.00000 11.48913     123.17911     0.58945      
333.50000 138.00000 11.74734     122.40824     1.76161      
334.50000 115.00000 10.72381     121.63737     0.38308      
335.50000 117.00000 10.81665     120.86650     0.12778      
336.50000 124.00000 11.13553     120.09564     0.12294      
337.50000 104.00000 10.19804     119.32477     2.25816      
338.50000 117.00000 10.81665     118.55390     0.02064      
339.50000 122.00000 11.04536     117.78303     0.14576      
390.50000 77.00000  8.77496      78.46867      0.02801      
391.50000 75.00000  8.66025      77.69780      0.09704      
392.50000 69.00000  8.30662      76.92693      0.91067      
393.50000 80.00000  8.94427      76.15606      0.18470      
394.50000 74.00000  8.60233      75.38519      0.02593      
395.50000 84.00000  9.16515      74.61432      1.04870      
396.50000 80.00000  8.94427      73.84345      0.47379      
397.50000 65.00000  8.06226      73.07258      1.00256      
398.50000 67.00000  8.18535      72.30171      0.41952      
399.50000 88.00000  9.38083      71.53084      3.08219      

Gradi di liberta = 38
Chi-quadro = 46.183327790754355
p-value = 0.1700497757119054

Verifica ipotesi funzione costante_________________________
Gradi di Liberta' = 38
t = 15.930207659247348
p-value = 2.0794721543133177e-18

x         y         sy           y_media_p     Chi-quadro   
310.50000 149.00000 12.20656     109.12613     10.67064     
311.50000 155.00000 12.44990     109.12613     13.57685     
312.50000 119.00000 10.90871     109.12613     0.81927      
313.50000 143.00000 11.95826     109.12613     8.02405      
314.50000 134.00000 11.57584     109.12613     4.61723      
315.50000 132.00000 11.48913     109.12613     3.96374      
316.50000 160.00000 12.64911     109.12613     16.17594     
317.50000 158.00000 12.56981     109.12613     15.11807     
318.50000 138.00000 11.74734     109.12613     6.04131      
319.50000 122.00000 11.04536     109.12613     1.35850      
320.50000 131.00000 11.44552     109.12613     3.65241      
321.50000 157.00000 12.52996     109.12613     14.59814     
322.50000 133.00000 11.53256     109.12613     4.28543      
323.50000 115.00000 10.72381     109.12613     0.30002      
324.50000 101.00000 10.04988     109.12613     0.65380      
325.50000 134.00000 11.57584     109.12613     4.61723      
326.50000 121.00000 11.00000     109.12613     1.16520      
327.50000 133.00000 11.53256     109.12613     4.28543      
328.50000 143.00000 11.95826     109.12613     8.02405      
329.50000 114.00000 10.67708     109.12613     0.20837      
330.50000 114.00000 10.67708     109.12613     0.20837      
331.50000 131.00000 11.44552     109.12613     3.65241      
332.50000 132.00000 11.48913     109.12613     3.96374      
333.50000 138.00000 11.74734     109.12613     6.04131      
334.50000 115.00000 10.72381     109.12613     0.30002      
335.50000 117.00000 10.81665     109.12613     0.52990      
336.50000 124.00000 11.13553     109.12613     1.78413      
337.50000 104.00000 10.19804     109.12613     0.25267      
338.50000 117.00000 10.81665     109.12613     0.52990      
339.50000 122.00000 11.04536     109.12613     1.35850      
390.50000 77.00000  8.77496      109.12613     13.40374     
391.50000 75.00000  8.66025      109.12613     15.52790     
392.50000 69.00000  8.30662      109.12613     23.33487     
393.50000 80.00000  8.94427      109.12613     10.60414     
394.50000 74.00000  8.60233      109.12613     16.67358     
395.50000 84.00000  9.16515      109.12613     7.51574      
396.50000 80.00000  8.94427      109.12613     10.60414     
397.50000 65.00000  8.06226      109.12613     29.95562     
398.50000 67.00000  8.18535      109.12613     26.48673     
399.50000 88.00000  9.38083      109.12613     5.07174      

Gradi di liberta = 38
Chi-quadro = 299.9548464157893
p-value = 0.1700497757119054

Media pesata = 109.12612883960526 +/- 1.651712208888138

****************************************************************************************************
SERIE 1
****************************************************************************************************

Verifica ipotesi linearità_________________________________
Covarianza = -722.97368
Indice Pearson = -0.93934 +/- 0.08084
Gradi di Liberta' = 18
	t = 11.619393214350284
	p-value (due code) = 8.463797995033688e-10

Parametri___________________________________________________
y = a + bx
a = 373.42264 +/- 27.43012
b = -0.75472 +/- 0.07351

Test Chi Quadro_____________________________________________
x         y         sy           y*            Chi-quadro   
330.50000 114.00000 10.67708     123.98687     0.87489      
331.50000 131.00000 11.44552     123.23215     0.46061      
332.50000 132.00000 11.48913     122.47743     0.68697      
333.50000 138.00000 11.74734     121.72271     1.91993      
334.50000 115.00000 10.72381     120.96798     0.30971      
335.50000 117.00000 10.81665     120.21326     0.08825      
336.50000 124.00000 11.13553     119.45854     0.16633      
337.50000 104.00000 10.19804     118.70382     2.07887      
338.50000 117.00000 10.81665     117.94909     0.00770      
339.50000 122.00000 11.04536     117.19437     0.18930      
390.50000 77.00000  8.77496      78.70353      0.03769      
391.50000 75.00000  8.66025      77.94880      0.11594      
392.50000 69.00000  8.30662      77.19408      0.97309      
393.50000 80.00000  8.94427      76.43936      0.15848      
394.50000 74.00000  8.60233      75.68464      0.03835      
395.50000 84.00000  9.16515      74.92991      0.97936      
396.50000 80.00000  8.94427      74.17519      0.42411      
397.50000 65.00000  8.06226      73.42047      1.09084      
398.50000 67.00000  8.18535      72.66575      0.47911      
399.50000 88.00000  9.38083      71.91102      2.94154      

Gradi di liberta = 18
Chi-quadro = 14.021040180960842
p-value = 0.7277186583150631

Verifica ipotesi funzione costante_________________________
Gradi di Liberta' = 18
t = 10.266536280849293
p-value = 5.94883305565394e-09

x         y         sy           y_media_p     Chi-quadro   
330.50000 114.00000 10.67708     92.67886      3.98764      
331.50000 131.00000 11.44552     92.67886      11.21000     
332.50000 132.00000 11.48913     92.67886      11.71327     
333.50000 138.00000 11.74734     92.67886      14.88410     
334.50000 115.00000 10.72381     92.67886      4.33246      
335.50000 117.00000 10.81665     92.67886      5.05571      
336.50000 124.00000 11.13553     92.67886      7.91140      
337.50000 104.00000 10.19804     92.67886      1.23239      
338.50000 117.00000 10.81665     92.67886      5.05571      
339.50000 122.00000 11.04536     92.67886      7.04696      
390.50000 77.00000  8.77496      92.67886      3.19255      
391.50000 75.00000  8.66025      92.67886      4.16723      
392.50000 69.00000  8.30662      92.67886      8.12592      
393.50000 80.00000  8.94427      92.67886      2.00942      
394.50000 74.00000  8.60233      92.67886      4.71486      
395.50000 84.00000  9.16515      92.67886      0.89670      
396.50000 80.00000  8.94427      92.67886      2.00942      
397.50000 65.00000  8.06226      92.67886      11.78645     
398.50000 67.00000  8.18535      92.67886      9.84185      
399.50000 88.00000  9.38083      92.67886      0.24877      

Gradi di liberta = 18
Chi-quadro = 119.42280731578495
p-value = 0.7277186583150631

Media pesata = 92.67885963421077 +/- 2.1526595136506232

****************************************************************************************************
SERIE 1
****************************************************************************************************

Verifica ipotesi linearità_________________________________
Covarianza = -1299.04237
Indice Pearson = -0.94578 +/- 0.04265
Gradi di Liberta' = 58
	t = 22.174734788099524
	p-value (due code) = 5.2125420671719176e-30

Parametri___________________________________________________
y = a + bx
a = 372.31239 +/- 11.85580
b = -0.75003 +/- 0.03121

Test Chi Quadro_____________________________________________
x         y         sy           y*            Chi-quadro   
310.50000 149.00000 12.20656     139.42780     0.61495      
311.50000 155.00000 12.44990     138.67777     1.71881      
312.50000 119.00000 10.90871     137.92774     3.01058      
313.50000 143.00000 11.95826     137.17770     0.23706      
314.50000 134.00000 11.57584     136.42767     0.04398      
315.50000 132.00000 11.48913     135.67764     0.10246      
316.50000 160.00000 12.64911     134.92761     3.92890      
317.50000 158.00000 12.56981     134.17758     3.59182      
318.50000 138.00000 11.74734     133.42755     0.15150      
319.50000 122.00000 11.04536     132.67752     0.93450      
320.50000 131.00000 11.44552     131.92749     0.00657      
321.50000 157.00000 12.52996     131.17746     4.24716      
322.50000 133.00000 11.53256     130.42743     0.04976      
323.50000 115.00000 10.72381     129.67740     1.87327      
324.50000 101.00000 10.04988     128.92736     7.72216      
325.50000 134.00000 11.57584     128.17733     0.25301      
326.50000 121.00000 11.00000     127.42730     0.34141      
327.50000 133.00000 11.53256     126.67727     0.30058      
328.50000 143.00000 11.95826     125.92724     2.03832      
329.50000 114.00000 10.67708     125.17721     1.09588      
330.50000 114.00000 10.67708     124.42718     0.95374      
331.50000 131.00000 11.44552     123.67715     0.40934      
332.50000 132.00000 11.48913     122.92712     0.62362      
333.50000 138.00000 11.74734     122.17709     1.81424      
334.50000 115.00000 10.72381     121.42706     0.35919      
335.50000 117.00000 10.81665     120.67702     0.11556      
336.50000 124.00000 11.13553     119.92699     0.13379      
337.50000 104.00000 10.19804     119.17696     2.21481      
338.50000 117.00000 10.81665     118.42693     0.01740      
339.50000 122.00000 11.04536     117.67690     0.15319      
390.50000 77.00000  8.77496      79.42533      0.07639      
391.50000 75.00000  8.66025      78.67530      0.18010      
392.50000 69.00000  8.30662      77.92526      1.15450      
393.50000 80.00000  8.94427      77.17523      0.09974      
394.50000 74.00000  8.60233      76.42520      0.07948      
395.50000 84.00000  9.16515      75.67517      0.82503      
396.50000 80.00000  8.94427      74.92514      0.32193      
397.50000 65.00000  8.06226      74.17511      1.29512      
398.50000 67.00000  8.18535      73.42508      0.61614      
399.50000 88.00000  9.38083      72.67505      2.66880      
400.50000 63.00000  7.93725      71.92502      1.26438      
401.50000 75.00000  8.66025      71.17499      0.19508      
402.50000 66.00000  8.12404      70.42496      0.29667      
403.50000 81.00000  9.00000      69.67492      1.58342      
404.50000 62.00000  7.87401      68.92489      0.77345      
405.50000 62.00000  7.87401      68.17486      0.61498      
406.50000 67.00000  8.18535      67.42483      0.00269      
407.50000 72.00000  8.48528      66.67480      0.39386      
408.50000 56.00000  7.48331      65.92477      1.75895      
409.50000 58.00000  7.61577      65.17474      0.88753      
410.50000 51.00000  7.14143      64.42471      3.53378      
411.50000 69.00000  8.30662      63.67468      0.41100      
412.50000 75.00000  8.66025      62.92465      1.94419      
413.50000 62.00000  7.87401      62.17462      0.00049      
414.50000 68.00000  8.24621      61.42459      0.63582      
415.50000 67.00000  8.18535      60.67455      0.59718      
416.50000 63.00000  7.93725      59.92452      0.15014      
417.50000 61.00000  7.81025      59.17449      0.05463      
418.50000 60.00000  7.74597      58.42446      0.04137      
419.50000 76.00000  8.71780      57.67443      4.41877      

Gradi di liberta = 58
Chi-quadro = 65.9331704825521
p-value = 0.22162505922973438

Verifica ipotesi funzione costante_________________________
Gradi di Liberta' = 58
t = 24.029669023188884
p-value = 7.743935397441566e-32

x         y         sy           y_media_p     Chi-quadro   
310.50000 149.00000 12.20656     88.92736      24.21961     
311.50000 155.00000 12.44990     88.92736      28.16512     
312.50000 119.00000 10.90871     88.92736      7.59969      
313.50000 143.00000 11.95826     88.92736      20.44650     
314.50000 134.00000 11.57584     88.92736      15.16077     
315.50000 132.00000 11.48913     88.92736      14.05494     
316.50000 160.00000 12.64911     88.92736      31.57075     
317.50000 158.00000 12.56981     88.92736      30.19639     
318.50000 138.00000 11.74734     88.92736      17.45017     
319.50000 122.00000 11.04536     88.92736      8.96557      
320.50000 131.00000 11.44552     88.92736      13.51226     
321.50000 157.00000 12.52996     88.92736      29.51518     
322.50000 133.00000 11.53256     88.92736      14.60449     
323.50000 115.00000 10.72381     88.92736      5.91115      
324.50000 101.00000 10.04988     88.92736      1.44305      
325.50000 134.00000 11.57584     88.92736      15.16077     
326.50000 121.00000 11.00000     88.92736      8.50127      
327.50000 133.00000 11.53256     88.92736      14.60449     
328.50000 143.00000 11.95826     88.92736      20.44650     
329.50000 114.00000 10.67708     88.92736      5.51436      
330.50000 114.00000 10.67708     88.92736      5.51436      
331.50000 131.00000 11.44552     88.92736      13.51226     
332.50000 132.00000 11.48913     88.92736      14.05494     
333.50000 138.00000 11.74734     88.92736      17.45017     
334.50000 115.00000 10.72381     88.92736      5.91115      
335.50000 117.00000 10.81665     88.92736      6.73567      
336.50000 124.00000 11.13553     88.92736      9.92008      
337.50000 104.00000 10.19804     88.92736      2.18447      
338.50000 117.00000 10.81665     88.92736      6.73567      
339.50000 122.00000 11.04536     88.92736      8.96557      
390.50000 77.00000  8.77496      88.92736      1.84756      
391.50000 75.00000  8.66025      88.92736      2.58629      
392.50000 69.00000  8.30662      88.92736      5.75507      
393.50000 80.00000  8.94427      88.92736      0.99622      
394.50000 74.00000  8.60233      88.92736      3.01116      
395.50000 84.00000  9.16515      88.92736      0.28903      
396.50000 80.00000  8.94427      88.92736      0.99622      
397.50000 65.00000  8.06226      88.92736      8.80798      
398.50000 67.00000  8.18535      88.92736      7.17626      
399.50000 88.00000  9.38083      88.92736      0.00977      
400.50000 63.00000  7.93725      88.92736      10.67029     
401.50000 75.00000  8.66025      88.92736      2.58629      
402.50000 66.00000  8.12404      88.92736      7.96461      
403.50000 81.00000  9.00000      88.92736      0.77584      
404.50000 62.00000  7.87401      88.92736      11.69489     
405.50000 62.00000  7.87401      88.92736      11.69489     
406.50000 67.00000  8.18535      88.92736      7.17626      
407.50000 72.00000  8.48528      88.92736      3.97966      
408.50000 56.00000  7.48331      88.92736      19.36092     
409.50000 58.00000  7.61577      88.92736      16.49141     
410.50000 51.00000  7.14143      88.92736      28.20559     
411.50000 69.00000  8.30662      88.92736      5.75507      
412.50000 75.00000  8.66025      88.92736      2.58629      
413.50000 62.00000  7.87401      88.92736      11.69489     
414.50000 68.00000  8.24621      88.92736      6.44051      
415.50000 67.00000  8.18535      88.92736      7.17626      
416.50000 63.00000  7.93725      88.92736      10.67029     
417.50000 61.00000  7.81025      88.92736      12.78586     
418.50000 60.00000  7.74597      88.92736      13.94654     
419.50000 76.00000  8.71780      88.92736      2.19890      

Gradi di liberta = 58
Chi-quadro = 643.358169208309
p-value = 0.22162505922973438

Media pesata = 88.9273638465282 +/- 1.217424630429116

****************************************************************************************************
SERIE 1
****************************************************************************************************

Verifica ipotesi linearità_________________________________
Covarianza = -787.51282
Indice Pearson = -0.90124 +/- 0.07029
Gradi di Liberta' = 38
	t = 12.82092666654784
	p-value (due code) = 2.2425165959713653e-15

Parametri___________________________________________________
y = a + bx
a = 379.49330 +/- 17.05216
b = -0.77087 +/- 0.04839

Test Chi Quadro_____________________________________________
x         y         sy           y*            Chi-quadro   
310.50000 149.00000 12.20656     140.13825     0.52705      
311.50000 155.00000 12.44990     139.36738     1.57664      
312.50000 119.00000 10.90871     138.59651     3.22709      
313.50000 143.00000 11.95826     137.82564     0.18723      
314.50000 134.00000 11.57584     137.05477     0.06964      
315.50000 132.00000 11.48913     136.28390     0.13903      
316.50000 160.00000 12.64911     135.51303     3.74757      
317.50000 158.00000 12.56981     134.74216     3.42359      
318.50000 138.00000 11.74734     133.97129     0.11761      
319.50000 122.00000 11.04536     133.20042     1.02827      
320.50000 131.00000 11.44552     132.42955     0.01560      
321.50000 157.00000 12.52996     131.65868     4.09033      
322.50000 133.00000 11.53256     130.88781     0.03354      
323.50000 115.00000 10.72381     130.11694     1.98715      
324.50000 101.00000 10.04988     129.34607     7.95544      
325.50000 134.00000 11.57584     128.57520     0.21962      
326.50000 121.00000 11.00000     127.80433     0.38264      
327.50000 133.00000 11.53256     127.03346     0.26767      
328.50000 143.00000 11.95826     126.26259     1.95903      
329.50000 114.00000 10.67708     125.49172     1.15842      
330.50000 114.00000 10.67708     124.72085     1.00822      
331.50000 131.00000 11.44552     123.94998     0.37941      
332.50000 132.00000 11.48913     123.17911     0.58945      
333.50000 138.00000 11.74734     122.40824     1.76161      
334.50000 115.00000 10.72381     121.63737     0.38308      
335.50000 117.00000 10.81665     120.86650     0.12778      
336.50000 124.00000 11.13553     120.09564     0.12294      
337.50000 104.00000 10.19804     119.32477     2.25816      
338.50000 117.00000 10.81665     118.55390     0.02064      
339.50000 122.00000 11.04536     117.78303     0.14576      
390.50000 77.00000  8.77496      78.46867      0.02801      
391.50000 75.00000  8.66025      77.69780      0.09704      
392.50000 69.00000  8.30662      76.92693      0.91067      
393.50000 80.00000  8.94427      76.15606      0.18470      
394.50000 74.00000  8.60233      75.38519      0.02593      
395.50000 84.00000  9.16515      74.61432      1.04870      
396.50000 80.00000  8.94427      73.84345      0.47379      
397.50000 65.00000  8.06226      73.07258      1.00256      
398.50000 67.00000  8.18535      72.30171      0.41952      
399.50000 88.00000  9.38083      71.53084      3.08219      

Gradi di liberta = 38
Chi-quadro = 46.183327790754355
p-value = 0.1700497757119054

Verifica ipotesi funzione costante_________________________
Gradi di Liberta' = 38
t = 15.930207659247348
p-value = 2.0794721543133177e-18

x         y         sy           y_media_p     Chi-quadro   
310.50000 149.00000 12.20656     109.12613     10.67064     
311.50000 155.00000 12.44990     109.12613     13.57685     
312.50000 119.00000 10.90871     109.12613     0.81927      
313.50000 143.00000 11.95826     109.12613     8.02405      
314.50000 134.00000 11.57584     109.12613     4.61723      
315.50000 132.00000 11.48913     109.12613     3.96374      
316.50000 160.00000 12.64911     109.12613     16.17594     
317.50000 158.00000 12.56981     109.12613     15.11807     
318.50000 138.00000 11.74734     109.12613     6.04131      
319.50000 122.00000 11.04536     109.12613     1.35850      
320.50000 131.00000 11.44552     109.12613     3.65241      
321.50000 157.00000 12.52996     109.12613     14.59814     
322.50000 133.00000 11.53256     109.12613     4.28543      
323.50000 115.00000 10.72381     109.12613     0.30002      
324.50000 101.00000 10.04988     109.12613     0.65380      
325.50000 134.00000 11.57584     109.12613     4.61723      
326.50000 121.00000 11.00000     109.12613     1.16520      
327.50000 133.00000 11.53256     109.12613     4.28543      
328.50000 143.00000 11.95826     109.12613     8.02405      
329.50000 114.00000 10.67708     109.12613     0.20837      
330.50000 114.00000 10.67708     109.12613     0.20837      
331.50000 131.00000 11.44552     109.12613     3.65241      
332.50000 132.00000 11.48913     109.12613     3.96374      
333.50000 138.00000 11.74734     109.12613     6.04131      
334.50000 115.00000 10.72381     109.12613     0.30002      
335.50000 117.00000 10.81665     109.12613     0.52990      
336.50000 124.00000 11.13553     109.12613     1.78413      
337.50000 104.00000 10.19804     109.12613     0.25267      
338.50000 117.00000 10.81665     109.12613     0.52990      
339.50000 122.00000 11.04536     109.12613     1.35850      
390.50000 77.00000  8.77496      109.12613     13.40374     
391.50000 75.00000  8.66025      109.12613     15.52790     
392.50000 69.00000  8.30662      109.12613     23.33487     
393.50000 80.00000  8.94427      109.12613     10.60414     
394.50000 74.00000  8.60233      109.12613     16.67358     
395.50000 84.00000  9.16515      109.12613     7.51574      
396.50000 80.00000  8.94427      109.12613     10.60414     
397.50000 65.00000  8.06226      109.12613     29.95562     
398.50000 67.00000  8.18535      109.12613     26.48673     
399.50000 88.00000  9.38083      109.12613     5.07174      

Gradi di liberta = 38
Chi-quadro = 299.9548464157893
p-value = 0.1700497757119054

Media pesata = 109.12612883960526 +/- 1.651712208888138

****************************************************************************************************
SERIE 1
****************************************************************************************************

Verifica ipotesi linearità_________________________________
Covarianza = -787.51282
Indice Pearson = -0.90124 +/- 0.07029
Gradi di Liberta' = 38
	t = 12.82092666654784
	p-value (due code) = 2.2425165959713653e-15

Parametri___________________________________________________
y = a + bx
a = 379.49330 +/- 17.05216
b = -0.77087 +/- 0.04839

Test Chi Quadro_____________________________________________
x         y         sy           y*            Chi-quadro   
310.50000 149.00000 12.20656     140.13825     0.52705      
311.50000 155.00000 12.44990     139.36738     1.57664      
312.50000 119.00000 10.90871     138.59651     3.22709      
313.50000 143.00000 11.95826     137.82564     0.18723      
314.50000 134.00000 11.57584     137.05477     0.06964      
315.50000 132.00000 11.48913     136.28390     0.13903      
316.50000 160.00000 12.64911     135.51303     3.74757      
317.50000 158.00000 12.56981     134.74216     3.42359      
318.50000 138.00000 11.74734     133.97129     0.11761      
319.50000 122.00000 11.04536     133.20042     1.02827      
320.50000 131.00000 11.44552     132.42955     0.01560      
321.50000 157.00000 12.52996     131.65868     4.09033      
322.50000 133.00000 11.53256     130.88781     0.03354      
323.50000 115.00000 10.72381     130.11694     1.98715      
324.50000 101.00000 10.04988     129.34607     7.95544      
325.50000 134.00000 11.57584     128.57520     0.21962      
326.50000 121.00000 11.00000     127.80433     0.38264      
327.50000 133.00000 11.53256     127.03346     0.26767      
328.50000 143.00000 11.95826     126.26259     1.95903      
329.50000 114.00000 10.67708     125.49172     1.15842      
330.50000 114.00000 10.67708     124.72085     1.00822      
331.50000 131.00000 11.44552     123.94998     0.37941      
332.50000 132.00000 11.48913     123.17911     0.58945      
333.50000 138.00000 11.74734     122.40824     1.76161      
334.50000 115.00000 10.72381     121.63737     0.38308      
335.50000 117.00000 10.81665     120.86650     0.12778      
336.50000 124.00000 11.13553     120.09564     0.12294      
337.50000 104.00000 10.19804     119.32477     2.25816      
338.50000 117.00000 10.81665     118.55390     0.02064      
339.50000 122.00000 11.04536     117.78303     0.14576      
390.50000 77.00000  8.77496      78.46867      0.02801      
391.50000 75.00000  8.66025      77.69780      0.09704      
392.50000 69.00000  8.30662      76.92693      0.91067      
393.50000 80.00000  8.94427      76.15606      0.18470      
394.50000 74.00000  8.60233      75.38519      0.02593      
395.50000 84.00000  9.16515      74.61432      1.04870      
396.50000 80.00000  8.94427      73.84345      0.47379      
397.50000 65.00000  8.06226      73.07258      1.00256      
398.50000 67.00000  8.18535      72.30171      0.41952      
399.50000 88.00000  9.38083      71.53084      3.08219      

Gradi di liberta = 38
Chi-quadro = 46.183327790754355
p-value = 0.1700497757119054

Verifica ipotesi funzione costante_________________________
Gradi di Liberta' = 38
t = 15.930207659247348
p-value = 2.0794721543133177e-18

x         y         sy           y_media_p     Chi-quadro   
310.50000 149.00000 12.20656     109.12613     10.67064     
311.50000 155.00000 12.44990     109.12613     13.57685     
312.50000 119.00000 10.90871     109.12613     0.81927      
313.50000 143.00000 11.95826     109.12613     8.02405      
314.50000 134.00000 11.57584     109.12613     4.61723      
315.50000 132.00000 11.48913     109.12613     3.96374      
316.50000 160.00000 12.64911     109.12613     16.17594     
317.50000 158.00000 12.56981     109.12613     15.11807     
318.50000 138.00000 11.74734     109.12613     6.04131      
319.50000 122.00000 11.04536     109.12613     1.35850      
320.50000 131.00000 11.44552     109.12613     3.65241      
321.50000 157.00000 12.52996     109.12613     14.59814     
322.50000 133.00000 11.53256     109.12613     4.28543      
323.50000 115.00000 10.72381     109.12613     0.30002      
324.50000 101.00000 10.04988     109.12613     0.65380      
325.50000 134.00000 11.57584     109.12613     4.61723      
326.50000 121.00000 11.00000     109.12613     1.16520      
327.50000 133.00000 11.53256     109.12613     4.28543      
328.50000 143.00000 11.95826     109.12613     8.02405      
329.50000 114.00000 10.67708     109.12613     0.20837      
330.50000 114.00000 10.67708     109.12613     0.20837      
331.50000 131.00000 11.44552     109.12613     3.65241      
332.50000 132.00000 11.48913     109.12613     3.96374      
333.50000 138.00000 11.74734     109.12613     6.04131      
334.50000 115.00000 10.72381     109.12613     0.30002      
335.50000 117.00000 10.81665     109.12613     0.52990      
336.50000 124.00000 11.13553     109.12613     1.78413      
337.50000 104.00000 10.19804     109.12613     0.25267      
338.50000 117.00000 10.81665     109.12613     0.52990      
339.50000 122.00000 11.04536     109.12613     1.35850      
390.50000 77.00000  8.77496      109.12613     13.40374     
391.50000 75.00000  8.66025      109.12613     15.52790     
392.50000 69.00000  8.30662      109.12613     23.33487     
393.50000 80.00000  8.94427      109.12613     10.60414     
394.50000 74.00000  8.60233      109.12613     16.67358     
395.50000 84.00000  9.16515      109.12613     7.51574      
396.50000 80.00000  8.94427      109.12613     10.60414     
397.50000 65.00000  8.06226      109.12613     29.95562     
398.50000 67.00000  8.18535      109.12613     26.48673     
399.50000 88.00000  9.38083      109.12613     5.07174      

Gradi di liberta = 38
Chi-quadro = 299.9548464157893
p-value = 0.1700497757119054

Media pesata = 109.12612883960526 +/- 1.651712208888138

****************************************************************************************************
SERIE 1
****************************************************************************************************

Verifica ipotesi linearità_________________________________
Covarianza = -787.51282
Indice Pearson = -0.90124 +/- 0.07029
Gradi di Liberta' = 38
	t = 12.82092666654784
	p-value (due code) = 2.2425165959713653e-15

Parametri___________________________________________________
y = a + bx
a = 379.49330 +/- 17.05216
b = -0.77087 +/- 0.04839

Test Chi Quadro_____________________________________________
x         y         sy           y*            Chi-quadro   
310.50000 149.00000 12.20656     140.13825     0.52705      
311.50000 155.00000 12.44990     139.36738     1.57664      
312.50000 119.00000 10.90871     138.59651     3.22709      
313.50000 143.00000 11.95826     137.82564     0.18723      
314.50000 134.00000 11.57584     137.05477     0.06964      
315.50000 132.00000 11.48913     136.28390     0.13903      
316.50000 160.00000 12.64911     135.51303     3.74757      
317.50000 158.00000 12.56981     134.74216     3.42359      
318.50000 138.00000 11.74734     133.97129     0.11761      
319.50000 122.00000 11.04536     133.20042     1.02827      
320.50000 131.00000 11.44552     132.42955     0.01560      
321.50000 157.00000 12.52996     131.65868     4.09033      
322.50000 133.00000 11.53256     130.88781     0.03354      
323.50000 115.00000 10.72381     130.11694     1.98715      
324.50000 101.00000 10.04988     129.34607     7.95544      
325.50000 134.00000 11.57584     128.57520     0.21962      
326.50000 121.00000 11.00000     127.80433     0.38264      
327.50000 133.00000 11.53256     127.03346     0.26767      
328.50000 143.00000 11.95826     126.26259     1.95903      
329.50000 114.00000 10.67708     125.49172     1.15842      
330.50000 114.00000 10.67708     124.72085     1.00822      
331.50000 131.00000 11.44552     123.94998     0.37941      
332.50000 132.00000 11.48913     123.17911     0.58945      
333.50000 138.00000 11.74734     122.40824     1.76161      
334.50000 115.00000 10.72381     121.63737     0.38308      
335.50000 117.00000 10.81665     120.86650     0.12778      
336.50000 124.00000 11.13553     120.09564     0.12294      
337.50000 104.00000 10.19804     119.32477     2.25816      
338.50000 117.00000 10.81665     118.55390     0.02064      
339.50000 122.00000 11.04536     117.78303     0.14576      
390.50000 77.00000  8.77496      78.46867      0.02801      
391.50000 75.00000  8.66025      77.69780      0.09704      
392.50000 69.00000  8.30662      76.92693      0.91067      
393.50000 80.00000  8.94427      76.15606      0.18470      
394.50000 74.00000  8.60233      75.38519      0.02593      
395.50000 84.00000  9.16515      74.61432      1.04870      
396.50000 80.00000  8.94427      73.84345      0.47379      
397.50000 65.00000  8.06226      73.07258      1.00256      
398.50000 67.00000  8.18535      72.30171      0.41952      
399.50000 88.00000  9.38083      71.53084      3.08219      

Gradi di liberta = 38
Chi-quadro = 46.183327790754355
p-value = 0.1700497757119054

Verifica ipotesi funzione costante_________________________
Gradi di Liberta' = 38
t = 15.930207659247348
p-value = 2.0794721543133177e-18

x         y         sy           y_media_p     Chi-quadro   
310.50000 149.00000 12.20656     109.12613     10.67064     
311.50000 155.00000 12.44990     109.12613     13.57685     
312.50000 119.00000 10.90871     109.12613     0.81927      
313.50000 143.00000 11.95826     109.12613     8.02405      
314.50000 134.00000 11.57584     109.12613     4.61723      
315.50000 132.00000 11.48913     109.12613     3.96374      
316.50000 160.00000 12.64911     109.12613     16.17594     
317.50000 158.00000 12.56981     109.12613     15.11807     
318.50000 138.00000 11.74734     109.12613     6.04131      
319.50000 122.00000 11.04536     109.12613     1.35850      
320.50000 131.00000 11.44552     109.12613     3.65241      
321.50000 157.00000 12.52996     109.12613     14.59814     
322.50000 133.00000 11.53256     109.12613     4.28543      
323.50000 115.00000 10.72381     109.12613     0.30002      
324.50000 101.00000 10.04988     109.12613     0.65380      
325.50000 134.00000 11.57584     109.12613     4.61723      
326.50000 121.00000 11.00000     109.12613     1.16520      
327.50000 133.00000 11.53256     109.12613     4.28543      
328.50000 143.00000 11.95826     109.12613     8.02405      
329.50000 114.00000 10.67708     109.12613     0.20837      
330.50000 114.00000 10.67708     109.12613     0.20837      
331.50000 131.00000 11.44552     109.12613     3.65241      
332.50000 132.00000 11.48913     109.12613     3.96374      
333.50000 138.00000 11.74734     109.12613     6.04131      
334.50000 115.00000 10.72381     109.12613     0.30002      
335.50000 117.00000 10.81665     109.12613     0.52990      
336.50000 124.00000 11.13553     109.12613     1.78413      
337.50000 104.00000 10.19804     109.12613     0.25267      
338.50000 117.00000 10.81665     109.12613     0.52990      
339.50000 122.00000 11.04536     109.12613     1.35850      
390.50000 77.00000  8.77496      109.12613     13.40374     
391.50000 75.00000  8.66025      109.12613     15.52790     
392.50000 69.00000  8.30662      109.12613     23.33487     
393.50000 80.00000  8.94427      109.12613     10.60414     
394.50000 74.00000  8.60233      109.12613     16.67358     
395.50000 84.00000  9.16515      109.12613     7.51574      
396.50000 80.00000  8.94427      109.12613     10.60414     
397.50000 65.00000  8.06226      109.12613     29.95562     
398.50000 67.00000  8.18535      109.12613     26.48673     
399.50000 88.00000  9.38083      109.12613     5.07174      

Gradi di liberta = 38
Chi-quadro = 299.9548464157893
p-value = 0.1700497757119054

Media pesata = 109.12612883960526 +/- 1.651712208888138

****************************************************************************************************
SERIE 1
****************************************************************************************************

Verifica ipotesi linearità_________________________________
Covarianza = -787.51282
Indice Pearson = -0.90124 +/- 0.07029
Gradi di Liberta' = 38
	t = 12.82092666654784
	p-value (due code) = 2.2425165959713653e-15

Parametri___________________________________________________
y = a + bx
a = 379.49330 +/- 17.05216
b = -0.77087 +/- 0.04839

Test Chi Quadro_____________________________________________
x         y         sy           y*            Chi-quadro   
310.50000 149.00000 12.20656     140.13825     0.52705      
311.50000 155.00000 12.44990     139.36738     1.57664      
312.50000 119.00000 10.90871     138.59651     3.22709      
313.50000 143.00000 11.95826     137.82564     0.18723      
314.50000 134.00000 11.57584     137.05477     0.06964      
315.50000 132.00000 11.48913     136.28390     0.13903      
316.50000 160.00000 12.64911     135.51303     3.74757      
317.50000 158.00000 12.56981     134.74216     3.42359      
318.50000 138.00000 11.74734     133.97129     0.11761      
319.50000 122.00000 11.04536     133.20042     1.02827      
320.50000 131.00000 11.44552     132.42955     0.01560      
321.50000 157.00000 12.52996     131.65868     4.09033      
322.50000 133.00000 11.53256     130.88781     0.03354      
323.50000 115.00000 10.72381     130.11694     1.98715      
324.50000 101.00000 10.04988     129.34607     7.95544      
325.50000 134.00000 11.57584     128.57520     0.21962      
326.50000 121.00000 11.00000     127.80433     0.38264      
327.50000 133.00000 11.53256     127.03346     0.26767      
328.50000 143.00000 11.95826     126.26259     1.95903      
329.50000 114.00000 10.67708     125.49172     1.15842      
330.50000 114.00000 10.67708     124.72085     1.00822      
331.50000 131.00000 11.44552     123.94998     0.37941      
332.50000 132.00000 11.48913     123.17911     0.58945      
333.50000 138.00000 11.74734     122.40824     1.76161      
334.50000 115.00000 10.72381     121.63737     0.38308      
335.50000 117.00000 10.81665     120.86650     0.12778      
336.50000 124.00000 11.13553     120.09564     0.12294      
337.50000 104.00000 10.19804     119.32477     2.25816      
338.50000 117.00000 10.81665     118.55390     0.02064      
339.50000 122.00000 11.04536     117.78303     0.14576      
390.50000 77.00000  8.77496      78.46867      0.02801      
391.50000 75.00000  8.66025      77.69780      0.09704      
392.50000 69.00000  8.30662      76.92693      0.91067      
393.50000 80.00000  8.94427      76.15606      0.18470      
394.50000 74.00000  8.60233      75.38519      0.02593      
395.50000 84.00000  9.16515      74.61432      1.04870      
396.50000 80.00000  8.94427      73.84345      0.47379      
397.50000 65.00000  8.06226      73.07258      1.00256      
398.50000 67.00000  8.18535      72.30171      0.41952      
399.50000 88.00000  9.38083      71.53084      3.08219      

Gradi di liberta = 38
Chi-quadro = 46.183327790754355
p-value = 0.1700497757119054

Verifica ipotesi funzione costante_________________________
Gradi di Liberta' = 38
t = 15.930207659247348
p-value = 2.0794721543133177e-18

x         y         sy           y_media_p     Chi-quadro   
310.50000 149.00000 12.20656     109.12613     10.67064     
311.50000 155.00000 12.44990     109.12613     13.57685     
312.50000 119.00000 10.90871     109.12613     0.81927      
313.50000 143.00000 11.95826     109.12613     8.02405      
314.50000 134.00000 11.57584     109.12613     4.61723      
315.50000 132.00000 11.48913     109.12613     3.96374      
316.50000 160.00000 12.64911     109.12613     16.17594     
317.50000 158.00000 12.56981     109.12613     15.11807     
318.50000 138.00000 11.74734     109.12613     6.04131      
319.50000 122.00000 11.04536     109.12613     1.35850      
320.50000 131.00000 11.44552     109.12613     3.65241      
321.50000 157.00000 12.52996     109.12613     14.59814     
322.50000 133.00000 11.53256     109.12613     4.28543      
323.50000 115.00000 10.72381     109.12613     0.30002      
324.50000 101.00000 10.04988     109.12613     0.65380      
325.50000 134.00000 11.57584     109.12613     4.61723      
326.50000 121.00000 11.00000     109.12613     1.16520      
327.50000 133.00000 11.53256     109.12613     4.28543      
328.50000 143.00000 11.95826     109.12613     8.02405      
329.50000 114.00000 10.67708     109.12613     0.20837      
330.50000 114.00000 10.67708     109.12613     0.20837      
331.50000 131.00000 11.44552     109.12613     3.65241      
332.50000 132.00000 11.48913     109.12613     3.96374      
333.50000 138.00000 11.74734     109.12613     6.04131      
334.50000 115.00000 10.72381     109.12613     0.30002      
335.50000 117.00000 10.81665     109.12613     0.52990      
336.50000 124.00000 11.13553     109.12613     1.78413      
337.50000 104.00000 10.19804     109.12613     0.25267      
338.50000 117.00000 10.81665     109.12613     0.52990      
339.50000 122.00000 11.04536     109.12613     1.35850      
390.50000 77.00000  8.77496      109.12613     13.40374     
391.50000 75.00000  8.66025      109.12613     15.52790     
392.50000 69.00000  8.30662      109.12613     23.33487     
393.50000 80.00000  8.94427      109.12613     10.60414     
394.50000 74.00000  8.60233      109.12613     16.67358     
395.50000 84.00000  9.16515      109.12613     7.51574      
396.50000 80.00000  8.94427      109.12613     10.60414     
397.50000 65.00000  8.06226      109.12613     29.95562     
398.50000 67.00000  8.18535      109.12613     26.48673     
399.50000 88.00000  9.38083      109.12613     5.07174      

Gradi di liberta = 38
Chi-quadro = 299.9548464157893
p-value = 0.1700497757119054

Media pesata = 109.12612883960526 +/- 1.651712208888138

****************************************************************************************************
SERIE 1
****************************************************************************************************

Verifica ipotesi linearità_________________________________
Covarianza = -787.51282
Indice Pearson = -0.90124 +/- 0.07029
Gradi di Liberta' = 38
	t = 12.82092666654784
	p-value (due code) = 2.2425165959713653e-15

Parametri___________________________________________________
y = a + bx
a = 379.49330 +/- 17.05216
b = -0.77087 +/- 0.04839

Test Chi Quadro_____________________________________________
x         y         sy           y*            Chi-quadro   
310.50000 149.00000 12.20656     140.13825     0.52705      
311.50000 155.00000 12.44990     139.36738     1.57664      
312.50000 119.00000 10.90871     138.59651     3.22709      
313.50000 143.00000 11.95826     137.82564     0.18723      
314.50000 134.00000 11.57584     137.05477     0.06964      
315.50000 132.00000 11.48913     136.28390     0.13903      
316.50000 160.00000 12.64911     135.51303     3.74757      
317.50000 158.00000 12.56981     134.74216     3.42359      
318.50000 138.00000 11.74734     133.97129     0.11761      
319.50000 122.00000 11.04536     133.20042     1.02827      
320.50000 131.00000 11.44552     132.42955     0.01560      
321.50000 157.00000 12.52996     131.65868     4.09033      
322.50000 133.00000 11.53256     130.88781     0.03354      
323.50000 115.00000 10.72381     130.11694     1.98715      
324.50000 101.00000 10.04988     129.34607     7.95544      
325.50000 134.00000 11.57584     128.57520     0.21962      
326.50000 121.00000 11.00000     127.80433     0.38264      
327.50000 133.00000 11.53256     127.03346     0.26767      
328.50000 143.00000 11.95826     126.26259     1.95903      
329.50000 114.00000 10.67708     125.49172     1.15842      
330.50000 114.00000 10.67708     124.72085     1.00822      
331.50000 131.00000 11.44552     123.94998     0.37941      
332.50000 132.00000 11.48913     123.17911     0.58945      
333.50000 138.00000 11.74734     122.40824     1.76161      
334.50000 115.00000 10.72381     121.63737     0.38308      
335.50000 117.00000 10.81665     120.86650     0.12778      
336.50000 124.00000 11.13553     120.09564     0.12294      
337.50000 104.00000 10.19804     119.32477     2.25816      
338.50000 117.00000 10.81665     118.55390     0.02064      
339.50000 122.00000 11.04536     117.78303     0.14576      
390.50000 77.00000  8.77496      78.46867      0.02801      
391.50000 75.00000  8.66025      77.69780      0.09704      
392.50000 69.00000  8.30662      76.92693      0.91067      
393.50000 80.00000  8.94427      76.15606      0.18470      
394.50000 74.00000  8.60233      75.38519      0.02593      
395.50000 84.00000  9.16515      74.61432      1.04870      
396.50000 80.00000  8.94427      73.84345      0.47379      
397.50000 65.00000  8.06226      73.07258      1.00256      
398.50000 67.00000  8.18535      72.30171      0.41952      
399.50000 88.00000  9.38083      71.53084      3.08219      

Gradi di liberta = 38
Chi-quadro = 46.183327790754355
p-value = 0.1700497757119054

Verifica ipotesi funzione costante_________________________
Gradi di Liberta' = 38
t = 15.930207659247348
p-value = 2.0794721543133177e-18

x         y         sy           y_media_p     Chi-quadro   
310.50000 149.00000 12.20656     109.12613     10.67064     
311.50000 155.00000 12.44990     109.12613     13.57685     
312.50000 119.00000 10.90871     109.12613     0.81927      
313.50000 143.00000 11.95826     109.12613     8.02405      
314.50000 134.00000 11.57584     109.12613     4.61723      
315.50000 132.00000 11.48913     109.12613     3.96374      
316.50000 160.00000 12.64911     109.12613     16.17594     
317.50000 158.00000 12.56981     109.12613     15.11807     
318.50000 138.00000 11.74734     109.12613     6.04131      
319.50000 122.00000 11.04536     109.12613     1.35850      
320.50000 131.00000 11.44552     109.12613     3.65241      
321.50000 157.00000 12.52996     109.12613     14.59814     
322.50000 133.00000 11.53256     109.12613     4.28543      
323.50000 115.00000 10.72381     109.12613     0.30002      
324.50000 101.00000 10.04988     109.12613     0.65380      
325.50000 134.00000 11.57584     109.12613     4.61723      
326.50000 121.00000 11.00000     109.12613     1.16520      
327.50000 133.00000 11.53256     109.12613     4.28543      
328.50000 143.00000 11.95826     109.12613     8.02405      
329.50000 114.00000 10.67708     109.12613     0.20837      
330.50000 114.00000 10.67708     109.12613     0.20837      
331.50000 131.00000 11.44552     109.12613     3.65241      
332.50000 132.00000 11.48913     109.12613     3.96374      
333.50000 138.00000 11.74734     109.12613     6.04131      
334.50000 115.00000 10.72381     109.12613     0.30002      
335.50000 117.00000 10.81665     109.12613     0.52990      
336.50000 124.00000 11.13553     109.12613     1.78413      
337.50000 104.00000 10.19804     109.12613     0.25267      
338.50000 117.00000 10.81665     109.12613     0.52990      
339.50000 122.00000 11.04536     109.12613     1.35850      
390.50000 77.00000  8.77496      109.12613     13.40374     
391.50000 75.00000  8.66025      109.12613     15.52790     
392.50000 69.00000  8.30662      109.12613     23.33487     
393.50000 80.00000  8.94427      109.12613     10.60414     
394.50000 74.00000  8.60233      109.12613     16.67358     
395.50000 84.00000  9.16515      109.12613     7.51574      
396.50000 80.00000  8.94427      109.12613     10.60414     
397.50000 65.00000  8.06226      109.12613     29.95562     
398.50000 67.00000  8.18535      109.12613     26.48673     
399.50000 88.00000  9.38083      109.12613     5.07174      

Gradi di liberta = 38
Chi-quadro = 299.9548464157893
p-value = 0.1700497757119054

Media pesata = 109.12612883960526 +/- 1.651712208888138

****************************************************************************************************
SERIE 1
****************************************************************************************************

Verifica ipotesi linearità_________________________________
Covarianza = -787.51282
Indice Pearson = -0.90124 +/- 0.07029
Gradi di Liberta' = 38
	t = 12.82092666654784
	p-value (due code) = 2.2425165959713653e-15

Parametri___________________________________________________
y = a + bx
a = 379.49330 +/- 17.05216
b = -0.77087 +/- 0.04839

Test Chi Quadro_____________________________________________
x         y         sy           y*            Chi-quadro   
310.50000 149.00000 12.20656     140.13825     0.52705      
311.50000 155.00000 12.44990     139.36738     1.57664      
312.50000 119.00000 10.90871     138.59651     3.22709      
313.50000 143.00000 11.95826     137.82564     0.18723      
314.50000 134.00000 11.57584     137.05477     0.06964      
315.50000 132.00000 11.48913     136.28390     0.13903      
316.50000 160.00000 12.64911     135.51303     3.74757      
317.50000 158.00000 12.56981     134.74216     3.42359      
318.50000 138.00000 11.74734     133.97129     0.11761      
319.50000 122.00000 11.04536     133.20042     1.02827      
320.50000 131.00000 11.44552     132.42955     0.01560      
321.50000 157.00000 12.52996     131.65868     4.09033      
322.50000 133.00000 11.53256     130.88781     0.03354      
323.50000 115.00000 10.72381     130.11694     1.98715      
324.50000 101.00000 10.04988     129.34607     7.95544      
325.50000 134.00000 11.57584     128.57520     0.21962      
326.50000 121.00000 11.00000     127.80433     0.38264      
327.50000 133.00000 11.53256     127.03346     0.26767      
328.50000 143.00000 11.95826     126.26259     1.95903      
329.50000 114.00000 10.67708     125.49172     1.15842      
330.50000 114.00000 10.67708     124.72085     1.00822      
331.50000 131.00000 11.44552     123.94998     0.37941      
332.50000 132.00000 11.48913     123.17911     0.58945      
333.50000 138.00000 11.74734     122.40824     1.76161      
334.50000 115.00000 10.72381     121.63737     0.38308      
335.50000 117.00000 10.81665     120.86650     0.12778      
336.50000 124.00000 11.13553     120.09564     0.12294      
337.50000 104.00000 10.19804     119.32477     2.25816      
338.50000 117.00000 10.81665     118.55390     0.02064      
339.50000 122.00000 11.04536     117.78303     0.14576      
390.50000 77.00000  8.77496      78.46867      0.02801      
391.50000 75.00000  8.66025      77.69780      0.09704      
392.50000 69.00000  8.30662      76.92693      0.91067      
393.50000 80.00000  8.94427      76.15606      0.18470      
394.50000 74.00000  8.60233      75.38519      0.02593      
395.50000 84.00000  9.16515      74.61432      1.04870      
396.50000 80.00000  8.94427      73.84345      0.47379      
397.50000 65.00000  8.06226      73.07258      1.00256      
398.50000 67.00000  8.18535      72.30171      0.41952      
399.50000 88.00000  9.38083      71.53084      3.08219      

Gradi di liberta = 38
Chi-quadro = 46.183327790754355
p-value = 0.1700497757119054

Verifica ipotesi funzione costante_________________________
Gradi di Liberta' = 38
t = 15.930207659247348
p-value = 2.0794721543133177e-18

x         y         sy           y_media_p     Chi-quadro   
310.50000 149.00000 12.20656     109.12613     10.67064     
311.50000 155.00000 12.44990     109.12613     13.57685     
312.50000 119.00000 10.90871     109.12613     0.81927      
313.50000 143.00000 11.95826     109.12613     8.02405      
314.50000 134.00000 11.57584     109.12613     4.61723      
315.50000 132.00000 11.48913     109.12613     3.96374      
316.50000 160.00000 12.64911     109.12613     16.17594     
317.50000 158.00000 12.56981     109.12613     15.11807     
318.50000 138.00000 11.74734     109.12613     6.04131      
319.50000 122.00000 11.04536     109.12613     1.35850      
320.50000 131.00000 11.44552     109.12613     3.65241      
321.50000 157.00000 12.52996     109.12613     14.59814     
322.50000 133.00000 11.53256     109.12613     4.28543      
323.50000 115.00000 10.72381     109.12613     0.30002      
324.50000 101.00000 10.04988     109.12613     0.65380      
325.50000 134.00000 11.57584     109.12613     4.61723      
326.50000 121.00000 11.00000     109.12613     1.16520      
327.50000 133.00000 11.53256     109.12613     4.28543      
328.50000 143.00000 11.95826     109.12613     8.02405      
329.50000 114.00000 10.67708     109.12613     0.20837      
330.50000 114.00000 10.67708     109.12613     0.20837      
331.50000 131.00000 11.44552     109.12613     3.65241      
332.50000 132.00000 11.48913     109.12613     3.96374      
333.50000 138.00000 11.74734     109.12613     6.04131      
334.50000 115.00000 10.72381     109.12613     0.30002      
335.50000 117.00000 10.81665     109.12613     0.52990      
336.50000 124.00000 11.13553     109.12613     1.78413      
337.50000 104.00000 10.19804     109.12613     0.25267      
338.50000 117.00000 10.81665     109.12613     0.52990      
339.50000 122.00000 11.04536     109.12613     1.35850      
390.50000 77.00000  8.77496      109.12613     13.40374     
391.50000 75.00000  8.66025      109.12613     15.52790     
392.50000 69.00000  8.30662      109.12613     23.33487     
393.50000 80.00000  8.94427      109.12613     10.60414     
394.50000 74.00000  8.60233      109.12613     16.67358     
395.50000 84.00000  9.16515      109.12613     7.51574      
396.50000 80.00000  8.94427      109.12613     10.60414     
397.50000 65.00000  8.06226      109.12613     29.95562     
398.50000 67.00000  8.18535      109.12613     26.48673     
399.50000 88.00000  9.38083      109.12613     5.07174      

Gradi di liberta = 38
Chi-quadro = 299.9548464157893
p-value = 0.1700497757119054

Media pesata = 109.12612883960526 +/- 1.651712208888138

