****************************************************************************************************
SERIE 1
****************************************************************************************************

Verifica ipotesi linearità_________________________________
Covarianza = -1492.76923
Indice Pearson = -0.95485 +/- 0.04819
Gradi di Liberta' = 38
	t = 19.813553096449045
	p-value (due code) = 1.2506453004033369e-21

Parametri___________________________________________________
y = a + bx
a = 735.68155 +/- 24.06585
b = -1.48016 +/- 0.06835

Test Chi Quadro_____________________________________________
x         y         sy           y*            Chi-quadro   
310.50000 273.00000 16.52271     276.09340     0.03505      
311.50000 281.00000 16.76305     274.61324     0.14516      
312.50000 257.00000 16.03122     273.13309     1.01275      
313.50000 280.00000 16.73320     271.65293     0.24883      
314.50000 273.00000 16.52271     270.17278     0.02928      
315.50000 261.00000 16.15549     268.69262     0.22673      
316.50000 292.00000 17.08801     267.21247     2.10418      
317.50000 285.00000 16.88194     265.73231     1.30261      
318.50000 281.00000 16.76305     264.25216     0.99819      
319.50000 254.00000 15.93738     262.77200     0.30294      
320.50000 248.00000 15.74802     261.29185     0.71239      
321.50000 276.00000 16.61325     259.81169     0.94950      
322.50000 261.00000 16.15549     258.33154     0.02728      
323.50000 234.00000 15.29706     256.85138     2.23156      
324.50000 224.00000 14.96663     255.37123     4.39354      
325.50000 265.00000 16.27882     253.89107     0.46569      
326.50000 261.00000 16.15549     252.41092     0.28265      
327.50000 264.00000 16.24808     250.93076     0.64699      
328.50000 260.00000 16.12452     249.45061     0.42804      
329.50000 249.00000 15.77973     247.97045     0.00426      
330.50000 216.00000 14.69694     246.49030     4.30397      
331.50000 270.00000 16.43168     245.01014     2.31294      
332.50000 257.00000 16.03122     243.52999     0.70600      
333.50000 246.00000 15.68439     242.04983     0.06343      
334.50000 252.00000 15.87451     240.56968     0.51846      
335.50000 251.00000 15.84298     239.08952     0.56518      
336.50000 213.00000 14.59452     237.60936     2.84329      
337.50000 219.00000 14.79865     236.12921     1.33977      
338.50000 226.00000 15.03330     234.64905     0.33100      
339.50000 242.00000 15.55635     233.16890     0.32227      
390.50000 149.00000 12.20656     157.68099     0.50577      
391.50000 153.00000 12.36932     156.20083     0.06696      
392.50000 140.00000 11.83216     154.72068     1.54785      
393.50000 149.00000 12.20656     153.24052     0.12068      
394.50000 156.00000 12.49000     151.76037     0.11522      
395.50000 151.00000 12.28821     150.28021     0.00343      
396.50000 146.00000 12.08305     148.80006     0.05370      
397.50000 152.00000 12.32883     147.31990     0.14410      
398.50000 147.00000 12.12436     145.83975     0.00916      
399.50000 172.00000 13.11488     144.35959     4.44181      

Gradi di liberta = 38
Chi-quadro = 36.862629273023074
p-value = 0.5219437052995992

Verifica ipotesi funzione costante_________________________
Gradi di Liberta' = 38
t = 21.65399898023852
p-value = 5.593351324419603e-23

x         y         sy           y_media_p     Chi-quadro   
310.50000 273.00000 16.52271     217.00604     11.48470     
311.50000 281.00000 16.76305     217.00604     14.57376     
312.50000 257.00000 16.03122     217.00604     6.22380      
313.50000 280.00000 16.73320     217.00604     14.17228     
314.50000 273.00000 16.52271     217.00604     11.48470     
315.50000 261.00000 16.15549     217.00604     7.41559      
316.50000 292.00000 17.08801     217.00604     19.26059     
317.50000 285.00000 16.88194     217.00604     16.22168     
318.50000 281.00000 16.76305     217.00604     14.57376     
319.50000 254.00000 15.93738     217.00604     5.38800      
320.50000 248.00000 15.74802     217.00604     3.87349      
321.50000 276.00000 16.61325     217.00604     12.60974     
322.50000 261.00000 16.15549     217.00604     7.41559      
323.50000 234.00000 15.29706     217.00604     1.23416      
324.50000 224.00000 14.96663     217.00604     0.21837      
325.50000 265.00000 16.27882     217.00604     8.69215      
326.50000 261.00000 16.15549     217.00604     7.41559      
327.50000 264.00000 16.24808     217.00604     8.36527      
328.50000 260.00000 16.12452     217.00604     7.10954      
329.50000 249.00000 15.77973     217.00604     4.11090      
330.50000 216.00000 14.69694     217.00604     0.00469      
331.50000 270.00000 16.43168     217.00604     10.40133     
332.50000 257.00000 16.03122     217.00604     6.22380      
333.50000 246.00000 15.68439     217.00604     3.41727      
334.50000 252.00000 15.87451     217.00604     4.85943      
335.50000 251.00000 15.84298     217.00604     4.60394      
336.50000 213.00000 14.59452     217.00604     0.07534      
337.50000 219.00000 14.79865     217.00604     0.01815      
338.50000 226.00000 15.03330     217.00604     0.35793      
339.50000 242.00000 15.55635     217.00604     2.58140      
390.50000 149.00000 12.20656     217.00604     31.03907     
391.50000 153.00000 12.36932     217.00604     26.77630     
392.50000 140.00000 11.83216     217.00604     42.35665     
393.50000 149.00000 12.20656     217.00604     31.03907     
394.50000 156.00000 12.49000     217.00604     23.85729     
395.50000 151.00000 12.28821     217.00604     28.85296     
396.50000 146.00000 12.08305     217.00604     34.53327     
397.50000 152.00000 12.32883     217.00604     27.80122     
398.50000 147.00000 12.12436     217.00604     33.33909     
399.50000 172.00000 13.11488     217.00604     11.77642     

Gradi di liberta = 38
Chi-quadro = 505.7582965250509
p-value = 0.5219437052995992

Media pesata = 217.00604258687372 +/- 2.3291953685064386

****************************************************************************************************
SERIE 1
****************************************************************************************************

Verifica ipotesi linearità_________________________________
Covarianza = -1492.76923
Indice Pearson = -0.95485 +/- 0.04819
Gradi di Liberta' = 38
	t = 19.813553096449045
	p-value (due code) = 1.2506453004033369e-21

Parametri___________________________________________________
y = a + bx
a = 735.68155 +/- 24.06585
b = -1.48016 +/- 0.06835

Test Chi Quadro_____________________________________________
x         y         sy           y*            Chi-quadro   
310.50000 273.00000 16.52271     276.09340     0.03505      
311.50000 281.00000 16.76305     274.61324     0.14516      
312.50000 257.00000 16.03122     273.13309     1.01275      
313.50000 280.00000 16.73320     271.65293     0.24883      
314.50000 273.00000 16.52271     270.17278     0.02928      
315.50000 261.00000 16.15549     268.69262     0.22673      
316.50000 292.00000 17.08801     267.21247     2.10418      
317.50000 285.00000 16.88194     265.73231     1.30261      
318.50000 281.00000 16.76305     264.25216     0.99819      
319.50000 254.00000 15.93738     262.77200     0.30294      
320.50000 248.00000 15.74802     261.29185     0.71239      
321.50000 276.00000 16.61325     259.81169     0.94950      
322.50000 261.00000 16.15549     258.33154     0.02728      
323.50000 234.00000 15.29706     256.85138     2.23156      
324.50000 224.00000 14.96663     255.37123     4.39354      
325.50000 265.00000 16.27882     253.89107     0.46569      
326.50000 261.00000 16.15549     252.41092     0.28265      
327.50000 264.00000 16.24808     250.93076     0.64699      
328.50000 260.00000 16.12452     249.45061     0.42804      
329.50000 249.00000 15.77973     247.97045     0.00426      
330.50000 216.00000 14.69694     246.49030     4.30397      
331.50000 270.00000 16.43168     245.01014     2.31294      
332.50000 257.00000 16.03122     243.52999     0.70600      
333.50000 246.00000 15.68439     242.04983     0.06343      
334.50000 252.00000 15.87451     240.56968     0.51846      
335.50000 251.00000 15.84298     239.08952     0.56518      
336.50000 213.00000 14.59452     237.60936     2.84329      
337.50000 219.00000 14.79865     236.12921     1.33977      
338.50000 226.00000 15.03330     234.64905     0.33100      
339.50000 242.00000 15.55635     233.16890     0.32227      
390.50000 149.00000 12.20656     157.68099     0.50577      
391.50000 153.00000 12.36932     156.20083     0.06696      
392.50000 140.00000 11.83216     154.72068     1.54785      
393.50000 149.00000 12.20656     153.24052     0.12068      
394.50000 156.00000 12.49000     151.76037     0.11522      
395.50000 151.00000 12.28821     150.28021     0.00343      
396.50000 146.00000 12.08305     148.80006     0.05370      
397.50000 152.00000 12.32883     147.31990     0.14410      
398.50000 147.00000 12.12436     145.83975     0.00916      
399.50000 172.00000 13.11488     144.35959     4.44181      

Gradi di liberta = 38
Chi-quadro = 36.862629273023074
p-value = 0.5219437052995992

Verifica ipotesi funzione costante_________________________
Gradi di Liberta' = 38
t = 21.65399898023852
p-value = 5.593351324419603e-23

x         y         sy           y_media_p     Chi-quadro   
310.50000 273.00000 16.52271     217.00604     11.48470     
311.50000 281.00000 16.76305     217.00604     14.57376     
312.50000 257.00000 16.03122     217.00604     6.22380      
313.50000 280.00000 16.73320     217.00604     14.17228     
314.50000 273.00000 16.52271     217.00604     11.48470     
315.50000 261.00000 16.15549     217.00604     7.41559      
316.50000 292.00000 17.08801     217.00604     19.26059     
317.50000 285.00000 16.88194     217.00604     16.22168     
318.50000 281.00000 16.76305     217.00604     14.57376     
319.50000 254.00000 15.93738     217.00604     5.38800      
320.50000 248.00000 15.74802     217.00604     3.87349      
321.50000 276.00000 16.61325     217.00604     12.60974     
322.50000 261.00000 16.15549     217.00604     7.41559      
323.50000 234.00000 15.29706     217.00604     1.23416      
324.50000 224.00000 14.96663     217.00604     0.21837      
325.50000 265.00000 16.27882     217.00604     8.69215      
326.50000 261.00000 16.15549     217.00604     7.41559      
327.50000 264.00000 16.24808     217.00604     8.36527      
328.50000 260.00000 16.12452     217.00604     7.10954      
329.50000 249.00000 15.77973     217.00604     4.11090      
330.50000 216.00000 14.69694     217.00604     0.00469      
331.50000 270.00000 16.43168     217.00604     10.40133     
332.50000 257.00000 16.03122     217.00604     6.22380      
333.50000 246.00000 15.68439     217.00604     3.41727      
334.50000 252.00000 15.87451     217.00604     4.85943      
335.50000 251.00000 15.84298     217.00604     4.60394      
336.50000 213.00000 14.59452     217.00604     0.07534      
337.50000 219.00000 14.79865     217.00604     0.01815      
338.50000 226.00000 15.03330     217.00604     0.35793      
339.50000 242.00000 15.55635     217.00604     2.58140      
390.50000 149.00000 12.20656     217.00604     31.03907     
391.50000 153.00000 12.36932     217.00604     26.77630     
392.50000 140.00000 11.83216     217.00604     42.35665     
393.50000 149.00000 12.20656     217.00604     31.03907     
394.50000 156.00000 12.49000     217.00604     23.85729     
395.50000 151.00000 12.28821     217.00604     28.85296     
396.50000 146.00000 12.08305     217.00604     34.53327     
397.50000 152.00000 12.32883     217.00604     27.80122     
398.50000 147.00000 12.12436     217.00604     33.33909     
399.50000 172.00000 13.11488     217.00604     11.77642     

Gradi di liberta = 38
Chi-quadro = 505.7582965250509
p-value = 0.5219437052995992

Media pesata = 217.00604258687372 +/- 2.3291953685064386

****************************************************************************************************
SERIE 1
****************************************************************************************************

Verifica ipotesi linearità_________________________________
Covarianza = -1388.76316
Indice Pearson = -0.94939 +/- 0.07403
Gradi di Liberta' = 18
	t = 12.823572010515262
	p-value (due code) = 1.7209512616959529e-10

Parametri___________________________________________________
y = a + bx
a = 717.85168 +/- 38.64893
b = -1.43426 +/- 0.10366

Test Chi Quadro_____________________________________________
x         y         sy           y*            Chi-quadro   
330.50000 216.00000 14.69694     243.82920     3.58548      
331.50000 270.00000 16.43168     242.39494     2.82237      
332.50000 257.00000 16.03122     240.96068     1.00101      
333.50000 246.00000 15.68439     239.52642     0.17035      
334.50000 252.00000 15.87451     238.09216     0.76757      
335.50000 251.00000 15.84298     236.65790     0.81951      
336.50000 213.00000 14.59452     235.22364     2.31873      
337.50000 219.00000 14.79865     233.78938     0.99875      
338.50000 226.00000 15.03330     232.35513     0.17871      
339.50000 242.00000 15.55635     230.92087     0.50722      
390.50000 149.00000 12.20656     157.77368     0.51663      
391.50000 153.00000 12.36932     156.33942     0.07289      
392.50000 140.00000 11.83216     154.90516     1.58688      
393.50000 149.00000 12.20656     153.47090     0.13415      
394.50000 156.00000 12.49000     152.03664     0.10069      
395.50000 151.00000 12.28821     150.60238     0.00105      
396.50000 146.00000 12.08305     149.16812     0.06875      
397.50000 152.00000 12.32883     147.73387     0.11974      
398.50000 147.00000 12.12436     146.29961     0.00334      
399.50000 172.00000 13.11488     144.86535     4.28075      

Gradi di liberta = 18
Chi-quadro = 20.05456551575093
p-value = 0.3297560630148876

Verifica ipotesi funzione costante_________________________
Gradi di Liberta' = 18
t = 13.835616804670492
p-value = 4.9428585338302526e-11

x         y         sy           y_media_p     Chi-quadro   
330.50000 216.00000 14.69694     184.77606     4.51359      
331.50000 270.00000 16.43168     184.77606     26.90045     
332.50000 257.00000 16.03122     184.77606     20.29688     
333.50000 246.00000 15.68439     184.77606     15.23728     
334.50000 252.00000 15.87451     184.77606     17.93277     
335.50000 251.00000 15.84298     184.77606     17.47255     
336.50000 213.00000 14.59452     184.77606     3.73986      
337.50000 219.00000 14.79865     184.77606     5.34830      
338.50000 226.00000 15.03330     184.77606     7.51953      
339.50000 242.00000 15.55635     184.77606     13.53132     
390.50000 149.00000 12.20656     184.77606     8.59011      
391.50000 153.00000 12.36932     184.77606     6.59946      
392.50000 140.00000 11.83216     184.77606     14.32068     
393.50000 149.00000 12.20656     184.77606     8.59011      
394.50000 156.00000 12.49000     184.77606     5.30809      
395.50000 151.00000 12.28821     184.77606     7.55511      
396.50000 146.00000 12.08305     184.77606     10.29851     
397.50000 152.00000 12.32883     184.77606     7.06757      
398.50000 147.00000 12.12436     184.77606     9.70769      
399.50000 172.00000 13.11488     184.77606     0.94900      

Gradi di liberta = 18
Chi-quadro = 211.47885763810368
p-value = 0.3297560630148876

Media pesata = 184.7760571180948 +/- 3.0395399085889196

****************************************************************************************************
SERIE 1
****************************************************************************************************

Verifica ipotesi linearità_________________________________
Covarianza = -2503.41525
Indice Pearson = -0.97524 +/- 0.02904
Gradi di Liberta' = 58
	t = 33.5866822086147
	p-value (due code) = 1.0450407442164622e-39

Parametri___________________________________________________
y = a + bx
a = 728.48338 +/- 16.67682
b = -1.45983 +/- 0.04393

Test Chi Quadro_____________________________________________
x         y         sy           y*            Chi-quadro   
310.50000 273.00000 16.52271     275.20615     0.01783      
311.50000 281.00000 16.76305     273.74632     0.18725      
312.50000 257.00000 16.03122     272.28649     0.90925      
313.50000 280.00000 16.73320     270.82666     0.30054      
314.50000 273.00000 16.52271     269.36683     0.04835      
315.50000 261.00000 16.15549     267.90700     0.18278      
316.50000 292.00000 17.08801     266.44717     2.23612      
317.50000 285.00000 16.88194     264.98734     1.40529      
318.50000 281.00000 16.76305     263.52751     1.08643      
319.50000 254.00000 15.93738     262.06768     0.25625      
320.50000 248.00000 15.74802     260.60785     0.64096      
321.50000 276.00000 16.61325     259.14802     1.02895      
322.50000 261.00000 16.15549     257.68819     0.04202      
323.50000 234.00000 15.29706     256.22836     2.11154      
324.50000 224.00000 14.96663     254.76853     4.22635      
325.50000 265.00000 16.27882     253.30870     0.51580      
326.50000 261.00000 16.15549     251.84887     0.32086      
327.50000 264.00000 16.24808     250.38904     0.70174      
328.50000 260.00000 16.12452     248.92921     0.47139      
329.50000 249.00000 15.77973     247.46938     0.00941      
330.50000 216.00000 14.69694     246.00955     4.16932      
331.50000 270.00000 16.43168     244.54972     2.39895      
332.50000 257.00000 16.03122     243.08989     0.75288      
333.50000 246.00000 15.68439     241.63006     0.07763      
334.50000 252.00000 15.87451     240.17023     0.55533      
335.50000 251.00000 15.84298     238.71040     0.60173      
336.50000 213.00000 14.59452     237.25057     2.76099      
337.50000 219.00000 14.79865     235.79074     1.28735      
338.50000 226.00000 15.03330     234.33091     0.30710      
339.50000 242.00000 15.55635     232.87108     0.34437      
390.50000 149.00000 12.20656     158.41975     0.59551      
391.50000 153.00000 12.36932     156.95992     0.10249      
392.50000 140.00000 11.83216     155.50009     1.71609      
393.50000 149.00000 12.20656     154.04026     0.17050      
394.50000 156.00000 12.49000     152.58043     0.07496      
395.50000 151.00000 12.28821     151.12060     0.00010      
396.50000 146.00000 12.08305     149.66077     0.09179      
397.50000 152.00000 12.32883     148.20094     0.09495      
398.50000 147.00000 12.12436     146.74111     0.00046      
399.50000 172.00000 13.11488     145.28128     4.15052      
400.50000 131.00000 11.44552     143.82145     1.25488      
401.50000 152.00000 12.32883     142.36162     0.61117      
402.50000 123.00000 11.09054     140.90179     2.60548      
403.50000 146.00000 12.08305     139.44196     0.29457      
404.50000 132.00000 11.48913     137.98213     0.27110      
405.50000 127.00000 11.26943     136.52230     0.71397      
406.50000 129.00000 11.35782     135.06247     0.28491      
407.50000 136.00000 11.66190     133.60264     0.04226      
408.50000 119.00000 10.90871     132.14281     1.45154      
409.50000 137.00000 11.70470     130.68298     0.29128      
410.50000 107.00000 10.34408     129.22315     4.61559      
411.50000 141.00000 11.87434     127.76332     1.24262      
412.50000 137.00000 11.70470     126.30349     0.83515      
413.50000 126.00000 11.22497     124.84366     0.01061      
414.50000 132.00000 11.48913     123.38383     0.56241      
415.50000 127.00000 11.26943     121.92400     0.20288      
416.50000 122.00000 11.04536     120.46417     0.01933      
417.50000 117.00000 10.81665     119.00434     0.03434      
418.50000 126.00000 11.22497     117.54451     0.56742      
419.50000 144.00000 12.00000     116.08468     5.41156      

Gradi di liberta = 58
Chi-quadro = 58.27520374867742
p-value = 0.46516233190924233

Verifica ipotesi funzione costante_________________________
Gradi di Liberta' = 58
t = 33.23141630348864
p-value = 1.8792310819640612e-39

x         y         sy           y_media_p     Chi-quadro   
310.50000 273.00000 16.52271     177.23996     33.58969     
311.50000 281.00000 16.76305     177.23996     38.31368     
312.50000 257.00000 16.03122     177.23996     24.75355     
313.50000 280.00000 16.73320     177.23996     37.71295     
314.50000 273.00000 16.52271     177.23996     33.58969     
315.50000 261.00000 16.15549     177.23996     26.88024     
316.50000 292.00000 17.08801     177.23996     45.10228     
317.50000 285.00000 16.88194     177.23996     40.74465     
318.50000 281.00000 16.76305     177.23996     38.31368     
319.50000 254.00000 15.93738     177.23996     23.19726     
320.50000 248.00000 15.74802     177.23996     20.18945     
321.50000 276.00000 16.61325     177.23996     35.33893     
322.50000 261.00000 16.15549     177.23996     26.88024     
323.50000 234.00000 15.29706     177.23996     13.76796     
324.50000 224.00000 14.96663     177.23996     9.76117      
325.50000 265.00000 16.27882     177.23996     29.06349     
326.50000 261.00000 16.15549     177.23996     26.88024     
327.50000 264.00000 16.24808     177.23996     28.51252     
328.50000 260.00000 16.12452     177.23996     26.34317     
329.50000 249.00000 15.77973     177.23996     20.68073     
330.50000 216.00000 14.69694     177.23996     6.95528      
331.50000 270.00000 16.43168     177.23996     31.86824     
332.50000 257.00000 16.03122     177.23996     24.75355     
333.50000 246.00000 15.68439     177.23996     19.21928     
334.50000 252.00000 15.87451     177.23996     22.17882     
335.50000 251.00000 15.84298     177.23996     21.67547     
336.50000 213.00000 14.59452     177.23996     6.00366      
337.50000 219.00000 14.79865     177.23996     7.96302      
338.50000 226.00000 15.03330     177.23996     10.52009     
339.50000 242.00000 15.55635     177.23996     17.33001     
390.50000 149.00000 12.20656     177.23996     5.35232      
391.50000 153.00000 12.36932     177.23996     3.84036      
392.50000 140.00000 11.83216     177.23996     9.90582      
393.50000 149.00000 12.20656     177.23996     5.35232      
394.50000 156.00000 12.49000     177.23996     2.89190      
395.50000 151.00000 12.28821     177.23996     4.55984      
396.50000 146.00000 12.08305     177.23996     6.68449      
397.50000 152.00000 12.32883     177.23996     4.19116      
398.50000 147.00000 12.12436     177.23996     6.22078      
399.50000 172.00000 13.11488     177.23996     0.15963      
400.50000 131.00000 11.44552     177.23996     16.32163     
401.50000 152.00000 12.32883     177.23996     4.19116      
402.50000 123.00000 11.09054     177.23996     23.91848     
403.50000 146.00000 12.08305     177.23996     6.68449      
404.50000 132.00000 11.48913     177.23996     15.50496     
405.50000 127.00000 11.26943     177.23996     19.87444     
406.50000 129.00000 11.35782     177.23996     18.03949     
407.50000 136.00000 11.66190     177.23996     12.50540     
408.50000 119.00000 10.90871     177.23996     28.50330     
409.50000 137.00000 11.70470     177.23996     11.81938     
410.50000 107.00000 10.34408     177.23996     46.10890     
411.50000 141.00000 11.87434     177.23996     9.31443      
412.50000 137.00000 11.70470     177.23996     11.81938     
413.50000 126.00000 11.22497     177.23996     20.83757     
414.50000 132.00000 11.48913     177.23996     15.50496     
415.50000 127.00000 11.26943     177.23996     19.87444     
416.50000 122.00000 11.04536     177.23996     25.01191     
417.50000 117.00000 10.81665     177.23996     31.01584     
418.50000 126.00000 11.22497     177.23996     20.83757     
419.50000 144.00000 12.00000     177.23996     7.67288      

Gradi di liberta = 58
Chi-quadro = 1162.602237845159
p-value = 0.46516233190924233

Media pesata = 177.2399627025807 +/- 1.7187202734524152

****************************************************************************************************
SERIE 1
****************************************************************************************************

Verifica ipotesi linearità_________________________________
Covarianza = -1492.76923
Indice Pearson = -0.95485 +/- 0.04819
Gradi di Liberta' = 38
	t = 19.813553096449045
	p-value (due code) = 1.2506453004033369e-21

Parametri___________________________________________________
y = a + bx
a = 735.68155 +/- 24.06585
b = -1.48016 +/- 0.06835

Test Chi Quadro_____________________________________________
x         y         sy           y*            Chi-quadro   
310.50000 273.00000 16.52271     276.09340     0.03505      
311.50000 281.00000 16.76305     274.61324     0.14516      
312.50000 257.00000 16.03122     273.13309     1.01275      
313.50000 280.00000 16.73320     271.65293     0.24883      
314.50000 273.00000 16.52271     270.17278     0.02928      
315.50000 261.00000 16.15549     268.69262     0.22673      
316.50000 292.00000 17.08801     267.21247     2.10418      
317.50000 285.00000 16.88194     265.73231     1.30261      
318.50000 281.00000 16.76305     264.25216     0.99819      
319.50000 254.00000 15.93738     262.77200     0.30294      
320.50000 248.00000 15.74802     261.29185     0.71239      
321.50000 276.00000 16.61325     259.81169     0.94950      
322.50000 261.00000 16.15549     258.33154     0.02728      
323.50000 234.00000 15.29706     256.85138     2.23156      
324.50000 224.00000 14.96663     255.37123     4.39354      
325.50000 265.00000 16.27882     253.89107     0.46569      
326.50000 261.00000 16.15549     252.41092     0.28265      
327.50000 264.00000 16.24808     250.93076     0.64699      
328.50000 260.00000 16.12452     249.45061     0.42804      
329.50000 249.00000 15.77973     247.97045     0.00426      
330.50000 216.00000 14.69694     246.49030     4.30397      
331.50000 270.00000 16.43168     245.01014     2.31294      
332.50000 257.00000 16.03122     243.52999     0.70600      
333.50000 246.00000 15.68439     242.04983     0.06343      
334.50000 252.00000 15.87451     240.56968     0.51846      
335.50000 251.00000 15.84298     239.08952     0.56518      
336.50000 213.00000 14.59452     237.60936     2.84329      
337.50000 219.00000 14.79865     236.12921     1.33977      
338.50000 226.00000 15.03330     234.64905     0.33100      
339.50000 242.00000 15.55635     233.16890     0.32227      
390.50000 149.00000 12.20656     157.68099     0.50577      
391.50000 153.00000 12.36932     156.20083     0.06696      
392.50000 140.00000 11.83216     154.72068     1.54785      
393.50000 149.00000 12.20656     153.24052     0.12068      
394.50000 156.00000 12.49000     151.76037     0.11522      
395.50000 151.00000 12.28821     150.28021     0.00343      
396.50000 146.00000 12.08305     148.80006     0.05370      
397.50000 152.00000 12.32883     147.31990     0.14410      
398.50000 147.00000 12.12436     145.83975     0.00916      
399.50000 172.00000 13.11488     144.35959     4.44181      

Gradi di liberta = 38
Chi-quadro = 36.862629273023074
p-value = 0.5219437052995992

Verifica ipotesi funzione costante_________________________
Gradi di Liberta' = 38
t = 21.65399898023852
p-value = 5.593351324419603e-23

x         y         sy           y_media_p     Chi-quadro   
310.50000 273.00000 16.52271     217.00604     11.48470     
311.50000 281.00000 16.76305     217.00604     14.57376     
312.50000 257.00000 16.03122     217.00604     6.22380      
313.50000 280.00000 16.73320     217.00604     14.17228     
314.50000 273.00000 16.52271     217.00604     11.48470     
315.50000 261.00000 16.15549     217.00604     7.41559      
316.50000 292.00000 17.08801     217.00604     19.26059     
317.50000 285.00000 16.88194     217.00604     16.22168     
318.50000 281.00000 16.76305     217.00604     14.57376     
319.50000 254.00000 15.93738     217.00604     5.38800      
320.50000 248.00000 15.74802     217.00604     3.87349      
321.50000 276.00000 16.61325     217.00604     12.60974     
322.50000 261.00000 16.15549     217.00604     7.41559      
323.50000 234.00000 15.29706     217.00604     1.23416      
324.50000 224.00000 14.96663     217.00604     0.21837      
325.50000 265.00000 16.27882     217.00604     8.69215      
326.50000 261.00000 16.15549     217.00604     7.41559      
327.50000 264.00000 16.24808     217.00604     8.36527      
328.50000 260.00000 16.12452     217.00604     7.10954      
329.50000 249.00000 15.77973     217.00604     4.11090      
330.50000 216.00000 14.69694     217.00604     0.00469      
331.50000 270.00000 16.43168     217.00604     10.40133     
332.50000 257.00000 16.03122     217.00604     6.22380      
333.50000 246.00000 15.68439     217.00604     3.41727      
334.50000 252.00000 15.87451     217.00604     4.85943      
335.50000 251.00000 15.84298     217.00604     4.60394      
336.50000 213.00000 14.59452     217.00604     0.07534      
337.50000 219.00000 14.79865     217.00604     0.01815      
338.50000 226.00000 15.03330     217.00604     0.35793      
339.50000 242.00000 15.55635     217.00604     2.58140      
390.50000 149.00000 12.20656     217.00604     31.03907     
391.50000 153.00000 12.36932     217.00604     26.77630     
392.50000 140.00000 11.83216     217.00604     42.35665     
393.50000 149.00000 12.20656     217.00604     31.03907     
394.50000 156.00000 12.49000     217.00604     23.85729     
395.50000 151.00000 12.28821     217.00604     28.85296     
396.50000 146.00000 12.08305     217.00604     34.53327     
397.50000 152.00000 12.32883     217.00604     27.80122     
398.50000 147.00000 12.12436     217.00604     33.33909     
399.50000 172.00000 13.11488     217.00604     11.77642     

Gradi di liberta = 38
Chi-quadro = 505.7582965250509
p-value = 0.5219437052995992

Media pesata = 217.00604258687372 +/- 2.3291953685064386

****************************************************************************************************
SERIE 1
****************************************************************************************************

Verifica ipotesi linearità_________________________________
Covarianza = -1492.76923
Indice Pearson = -0.95485 +/- 0.04819
Gradi di Liberta' = 38
	t = 19.813553096449045
	p-value (due code) = 1.2506453004033369e-21

Parametri___________________________________________________
y = a + bx
a = 735.68155 +/- 24.06585
b = -1.48016 +/- 0.06835

Test Chi Quadro_____________________________________________
x         y         sy           y*            Chi-quadro   
310.50000 273.00000 16.52271     276.09340     0.03505      
311.50000 281.00000 16.76305     274.61324     0.14516      
312.50000 257.00000 16.03122     273.13309     1.01275      
313.50000 280.00000 16.73320     271.65293     0.24883      
314.50000 273.00000 16.52271     270.17278     0.02928      
315.50000 261.00000 16.15549     268.69262     0.22673      
316.50000 292.00000 17.08801     267.21247     2.10418      
317.50000 285.00000 16.88194     265.73231     1.30261      
318.50000 281.00000 16.76305     264.25216     0.99819      
319.50000 254.00000 15.93738     262.77200     0.30294      
320.50000 248.00000 15.74802     261.29185     0.71239      
321.50000 276.00000 16.61325     259.81169     0.94950      
322.50000 261.00000 16.15549     258.33154     0.02728      
323.50000 234.00000 15.29706     256.85138     2.23156      
324.50000 224.00000 14.96663     255.37123     4.39354      
325.50000 265.00000 16.27882     253.89107     0.46569      
326.50000 261.00000 16.15549     252.41092     0.28265      
327.50000 264.00000 16.24808     250.93076     0.64699      
328.50000 260.00000 16.12452     249.45061     0.42804      
329.50000 249.00000 15.77973     247.97045     0.00426      
330.50000 216.00000 14.69694     246.49030     4.30397      
331.50000 270.00000 16.43168     245.01014     2.31294      
332.50000 257.00000 16.03122     243.52999     0.70600      
333.50000 246.00000 15.68439     242.04983     0.06343      
334.50000 252.00000 15.87451     240.56968     0.51846      
335.50000 251.00000 15.84298     239.08952     0.56518      
336.50000 213.00000 14.59452     237.60936     2.84329      
337.50000 219.00000 14.79865     236.12921     1.33977      
338.50000 226.00000 15.03330     234.64905     0.33100      
339.50000 242.00000 15.55635     233.16890     0.32227      
390.50000 149.00000 12.20656     157.68099     0.50577      
391.50000 153.00000 12.36932     156.20083     0.06696      
392.50000 140.00000 11.83216     154.72068     1.54785      
393.50000 149.00000 12.20656     153.24052     0.12068      
394.50000 156.00000 12.49000     151.76037     0.11522      
395.50000 151.00000 12.28821     150.28021     0.00343      
396.50000 146.00000 12.08305     148.80006     0.05370      
397.50000 152.00000 12.32883     147.31990     0.14410      
398.50000 147.00000 12.12436     145.83975     0.00916      
399.50000 172.00000 13.11488     144.35959     4.44181      

Gradi di liberta = 38
Chi-quadro = 36.862629273023074
p-value = 0.5219437052995992

Verifica ipotesi funzione costante_________________________
Gradi di Liberta' = 38
t = 21.65399898023852
p-value = 5.593351324419603e-23

x         y         sy           y_media_p     Chi-quadro   
310.50000 273.00000 16.52271     217.00604     11.48470     
311.50000 281.00000 16.76305     217.00604     14.57376     
312.50000 257.00000 16.03122     217.00604     6.22380      
313.50000 280.00000 16.73320     217.00604     14.17228     
314.50000 273.00000 16.52271     217.00604     11.48470     
315.50000 261.00000 16.15549     217.00604     7.41559      
316.50000 292.00000 17.08801     217.00604     19.26059     
317.50000 285.00000 16.88194     217.00604     16.22168     
318.50000 281.00000 16.76305     217.00604     14.57376     
319.50000 254.00000 15.93738     217.00604     5.38800      
320.50000 248.00000 15.74802     217.00604     3.87349      
321.50000 276.00000 16.61325     217.00604     12.60974     
322.50000 261.00000 16.15549     217.00604     7.41559      
323.50000 234.00000 15.29706     217.00604     1.23416      
324.50000 224.00000 14.96663     217.00604     0.21837      
325.50000 265.00000 16.27882     217.00604     8.69215      
326.50000 261.00000 16.15549     217.00604     7.41559      
327.50000 264.00000 16.24808     217.00604     8.36527      
328.50000 260.00000 16.12452     217.00604     7.10954      
329.50000 249.00000 15.77973     217.00604     4.11090      
330.50000 216.00000 14.69694     217.00604     0.00469      
331.50000 270.00000 16.43168     217.00604     10.40133     
332.50000 257.00000 16.03122     217.00604     6.22380      
333.50000 246.00000 15.68439     217.00604     3.41727      
334.50000 252.00000 15.87451     217.00604     4.85943      
335.50000 251.00000 15.84298     217.00604     4.60394      
336.50000 213.00000 14.59452     217.00604     0.07534      
337.50000 219.00000 14.79865     217.00604     0.01815      
338.50000 226.00000 15.03330     217.00604     0.35793      
339.50000 242.00000 15.55635     217.00604     2.58140      
390.50000 149.00000 12.20656     217.00604     31.03907     
391.50000 153.00000 12.36932     217.00604     26.77630     
392.50000 140.00000 11.83216     217.00604     42.35665     
393.50000 149.00000 12.20656     217.00604     31.03907     
394.50000 156.00000 12.49000     217.00604     23.85729     
395.50000 151.00000 12.28821     217.00604     28.85296     
396.50000 146.00000 12.08305     217.00604     34.53327     
397.50000 152.00000 12.32883     217.00604     27.80122     
398.50000 147.00000 12.12436     217.00604     33.33909     
399.50000 172.00000 13.11488     217.00604     11.77642     

Gradi di liberta = 38
Chi-quadro = 505.7582965250509
p-value = 0.5219437052995992

Media pesata = 217.00604258687372 +/- 2.3291953685064386

****************************************************************************************************
SERIE 1
****************************************************************************************************

Verifica ipotesi linearità_________________________________
Covarianza = -1492.76923
Indice Pearson = -0.95485 +/- 0.04819
Gradi di Liberta' = 38
	t = 19.813553096449045
	p-value (due code) = 1.2506453004033369e-21

Parametri___________________________________________________
y = a + bx
a = 735.68155 +/- 24.06585
b = -1.48016 +/- 0.06835

Test Chi Quadro_____________________________________________
x         y         sy           y*            Chi-quadro   
310.50000 273.00000 16.52271     276.09340     0.03505      
311.50000 281.00000 16.76305     274.61324     0.14516      
312.50000 257.00000 16.03122     273.13309     1.01275      
313.50000 280.00000 16.73320     271.65293     0.24883      
314.50000 273.00000 16.52271     270.17278     0.02928      
315.50000 261.00000 16.15549     268.69262     0.22673      
316.50000 292.00000 17.08801     267.21247     2.10418      
317.50000 285.00000 16.88194     265.73231     1.30261      
318.50000 281.00000 16.76305     264.25216     0.99819      
319.50000 254.00000 15.93738     262.77200     0.30294      
320.50000 248.00000 15.74802     261.29185     0.71239      
321.50000 276.00000 16.61325     259.81169     0.94950      
322.50000 261.00000 16.15549     258.33154     0.02728      
323.50000 234.00000 15.29706     256.85138     2.23156      
324.50000 224.00000 14.96663     255.37123     4.39354      
325.50000 265.00000 16.27882     253.89107     0.46569      
326.50000 261.00000 16.15549     252.41092     0.28265      
327.50000 264.00000 16.24808     250.93076     0.64699      
328.50000 260.00000 16.12452     249.45061     0.42804      
329.50000 249.00000 15.77973     247.97045     0.00426      
330.50000 216.00000 14.69694     246.49030     4.30397      
331.50000 270.00000 16.43168     245.01014     2.31294      
332.50000 257.00000 16.03122     243.52999     0.70600      
333.50000 246.00000 15.68439     242.04983     0.06343      
334.50000 252.00000 15.87451     240.56968     0.51846      
335.50000 251.00000 15.84298     239.08952     0.56518      
336.50000 213.00000 14.59452     237.60936     2.84329      
337.50000 219.00000 14.79865     236.12921     1.33977      
338.50000 226.00000 15.03330     234.64905     0.33100      
339.50000 242.00000 15.55635     233.16890     0.32227      
390.50000 149.00000 12.20656     157.68099     0.50577      
391.50000 153.00000 12.36932     156.20083     0.06696      
392.50000 140.00000 11.83216     154.72068     1.54785      
393.50000 149.00000 12.20656     153.24052     0.12068      
394.50000 156.00000 12.49000     151.76037     0.11522      
395.50000 151.00000 12.28821     150.28021     0.00343      
396.50000 146.00000 12.08305     148.80006     0.05370      
397.50000 152.00000 12.32883     147.31990     0.14410      
398.50000 147.00000 12.12436     145.83975     0.00916      
399.50000 172.00000 13.11488     144.35959     4.44181      

Gradi di liberta = 38
Chi-quadro = 36.862629273023074
p-value = 0.5219437052995992

Verifica ipotesi funzione costante_________________________
Gradi di Liberta' = 38
t = 21.65399898023852
p-value = 5.593351324419603e-23

x         y         sy           y_media_p     Chi-quadro   
310.50000 273.00000 16.52271     217.00604     11.48470     
311.50000 281.00000 16.76305     217.00604     14.57376     
312.50000 257.00000 16.03122     217.00604     6.22380      
313.50000 280.00000 16.73320     217.00604     14.17228     
314.50000 273.00000 16.52271     217.00604     11.48470     
315.50000 261.00000 16.15549     217.00604     7.41559      
316.50000 292.00000 17.08801     217.00604     19.26059     
317.50000 285.00000 16.88194     217.00604     16.22168     
318.50000 281.00000 16.76305     217.00604     14.57376     
319.50000 254.00000 15.93738     217.00604     5.38800      
320.50000 248.00000 15.74802     217.00604     3.87349      
321.50000 276.00000 16.61325     217.00604     12.60974     
322.50000 261.00000 16.15549     217.00604     7.41559      
323.50000 234.00000 15.29706     217.00604     1.23416      
324.50000 224.00000 14.96663     217.00604     0.21837      
325.50000 265.00000 16.27882     217.00604     8.69215      
326.50000 261.00000 16.15549     217.00604     7.41559      
327.50000 264.00000 16.24808     217.00604     8.36527      
328.50000 260.00000 16.12452     217.00604     7.10954      
329.50000 249.00000 15.77973     217.00604     4.11090      
330.50000 216.00000 14.69694     217.00604     0.00469      
331.50000 270.00000 16.43168     217.00604     10.40133     
332.50000 257.00000 16.03122     217.00604     6.22380      
333.50000 246.00000 15.68439     217.00604     3.41727      
334.50000 252.00000 15.87451     217.00604     4.85943      
335.50000 251.00000 15.84298     217.00604     4.60394      
336.50000 213.00000 14.59452     217.00604     0.07534      
337.50000 219.00000 14.79865     217.00604     0.01815      
338.50000 226.00000 15.03330     217.00604     0.35793      
339.50000 242.00000 15.55635     217.00604     2.58140      
390.50000 149.00000 12.20656     217.00604     31.03907     
391.50000 153.00000 12.36932     217.00604     26.77630     
392.50000 140.00000 11.83216     217.00604     42.35665     
393.50000 149.00000 12.20656     217.00604     31.03907     
394.50000 156.00000 12.49000     217.00604     23.85729     
395.50000 151.00000 12.28821     217.00604     28.85296     
396.50000 146.00000 12.08305     217.00604     34.53327     
397.50000 152.00000 12.32883     217.00604     27.80122     
398.50000 147.00000 12.12436     217.00604     33.33909     
399.50000 172.00000 13.11488     217.00604     11.77642     

Gradi di liberta = 38
Chi-quadro = 505.7582965250509
p-value = 0.5219437052995992

Media pesata = 217.00604258687372 +/- 2.3291953685064386

****************************************************************************************************
SERIE 1
****************************************************************************************************

Verifica ipotesi linearità_________________________________
Covarianza = -1492.76923
Indice Pearson = -0.95485 +/- 0.04819
Gradi di Liberta' = 38
	t = 19.813553096449045
	p-value (due code) = 1.2506453004033369e-21

Parametri___________________________________________________
y = a + bx
a = 735.68155 +/- 24.06585
b = -1.48016 +/- 0.06835

Test Chi Quadro_____________________________________________
x         y         sy           y*            Chi-quadro   
310.50000 273.00000 16.52271     276.09340     0.03505      
311.50000 281.00000 16.76305     274.61324     0.14516      
312.50000 257.00000 16.03122     273.13309     1.01275      
313.50000 280.00000 16.73320     271.65293     0.24883      
314.50000 273.00000 16.52271     270.17278     0.02928      
315.50000 261.00000 16.15549     268.69262     0.22673      
316.50000 292.00000 17.08801     267.21247     2.10418      
317.50000 285.00000 16.88194     265.73231     1.30261      
318.50000 281.00000 16.76305     264.25216     0.99819      
319.50000 254.00000 15.93738     262.77200     0.30294      
320.50000 248.00000 15.74802     261.29185     0.71239      
321.50000 276.00000 16.61325     259.81169     0.94950      
322.50000 261.00000 16.15549     258.33154     0.02728      
323.50000 234.00000 15.29706     256.85138     2.23156      
324.50000 224.00000 14.96663     255.37123     4.39354      
325.50000 265.00000 16.27882     253.89107     0.46569      
326.50000 261.00000 16.15549     252.41092     0.28265      
327.50000 264.00000 16.24808     250.93076     0.64699      
328.50000 260.00000 16.12452     249.45061     0.42804      
329.50000 249.00000 15.77973     247.97045     0.00426      
330.50000 216.00000 14.69694     246.49030     4.30397      
331.50000 270.00000 16.43168     245.01014     2.31294      
332.50000 257.00000 16.03122     243.52999     0.70600      
333.50000 246.00000 15.68439     242.04983     0.06343      
334.50000 252.00000 15.87451     240.56968     0.51846      
335.50000 251.00000 15.84298     239.08952     0.56518      
336.50000 213.00000 14.59452     237.60936     2.84329      
337.50000 219.00000 14.79865     236.12921     1.33977      
338.50000 226.00000 15.03330     234.64905     0.33100      
339.50000 242.00000 15.55635     233.16890     0.32227      
390.50000 149.00000 12.20656     157.68099     0.50577      
391.50000 153.00000 12.36932     156.20083     0.06696      
392.50000 140.00000 11.83216     154.72068     1.54785      
393.50000 149.00000 12.20656     153.24052     0.12068      
394.50000 156.00000 12.49000     151.76037     0.11522      
395.50000 151.00000 12.28821     150.28021     0.00343      
396.50000 146.00000 12.08305     148.80006     0.05370      
397.50000 152.00000 12.32883     147.31990     0.14410      
398.50000 147.00000 12.12436     145.83975     0.00916      
399.50000 172.00000 13.11488     144.35959     4.44181      

Gradi di liberta = 38
Chi-quadro = 36.862629273023074
p-value = 0.5219437052995992

Verifica ipotesi funzione costante_________________________
Gradi di Liberta' = 38
t = 21.65399898023852
p-value = 5.593351324419603e-23

x         y         sy           y_media_p     Chi-quadro   
310.50000 273.00000 16.52271     217.00604     11.48470     
311.50000 281.00000 16.76305     217.00604     14.57376     
312.50000 257.00000 16.03122     217.00604     6.22380      
313.50000 280.00000 16.73320     217.00604     14.17228     
314.50000 273.00000 16.52271     217.00604     11.48470     
315.50000 261.00000 16.15549     217.00604     7.41559      
316.50000 292.00000 17.08801     217.00604     19.26059     
317.50000 285.00000 16.88194     217.00604     16.22168     
318.50000 281.00000 16.76305     217.00604     14.57376     
319.50000 254.00000 15.93738     217.00604     5.38800      
320.50000 248.00000 15.74802     217.00604     3.87349      
321.50000 276.00000 16.61325     217.00604     12.60974     
322.50000 261.00000 16.15549     217.00604     7.41559      
323.50000 234.00000 15.29706     217.00604     1.23416      
324.50000 224.00000 14.96663     217.00604     0.21837      
325.50000 265.00000 16.27882     217.00604     8.69215      
326.50000 261.00000 16.15549     217.00604     7.41559      
327.50000 264.00000 16.24808     217.00604     8.36527      
328.50000 260.00000 16.12452     217.00604     7.10954      
329.50000 249.00000 15.77973     217.00604     4.11090      
330.50000 216.00000 14.69694     217.00604     0.00469      
331.50000 270.00000 16.43168     217.00604     10.40133     
332.50000 257.00000 16.03122     217.00604     6.22380      
333.50000 246.00000 15.68439     217.00604     3.41727      
334.50000 252.00000 15.87451     217.00604     4.85943      
335.50000 251.00000 15.84298     217.00604     4.60394      
336.50000 213.00000 14.59452     217.00604     0.07534      
337.50000 219.00000 14.79865     217.00604     0.01815      
338.50000 226.00000 15.03330     217.00604     0.35793      
339.50000 242.00000 15.55635     217.00604     2.58140      
390.50000 149.00000 12.20656     217.00604     31.03907     
391.50000 153.00000 12.36932     217.00604     26.77630     
392.50000 140.00000 11.83216     217.00604     42.35665     
393.50000 149.00000 12.20656     217.00604     31.03907     
394.50000 156.00000 12.49000     217.00604     23.85729     
395.50000 151.00000 12.28821     217.00604     28.85296     
396.50000 146.00000 12.08305     217.00604     34.53327     
397.50000 152.00000 12.32883     217.00604     27.80122     
398.50000 147.00000 12.12436     217.00604     33.33909     
399.50000 172.00000 13.11488     217.00604     11.77642     

Gradi di liberta = 38
Chi-quadro = 505.7582965250509
p-value = 0.5219437052995992

Media pesata = 217.00604258687372 +/- 2.3291953685064386

****************************************************************************************************
SERIE 1
****************************************************************************************************

Verifica ipotesi linearità_________________________________
Covarianza = -1492.76923
Indice Pearson = -0.95485 +/- 0.04819
Gradi di Liberta' = 38
	t = 19.813553096449045
	p-value (due code) = 1.2506453004033369e-21

Parametri___________________________________________________
y = a + bx
a = 735.68155 +/- 24.06585
b = -1.48016 +/- 0.06835

Test Chi Quadro_____________________________________________
x         y         sy           y*            Chi-quadro   
310.50000 273.00000 16.52271     276.09340     0.03505      
311.50000 281.00000 16.76305     274.61324     0.14516      
312.50000 257.00000 16.03122     273.13309     1.01275      
313.50000 280.00000 16.73320     271.65293     0.24883      
314.50000 273.00000 16.52271     270.17278     0.02928      
315.50000 261.00000 16.15549     268.69262     0.22673      
316.50000 292.00000 17.08801     267.21247     2.10418      
317.50000 285.00000 16.88194     265.73231     1.30261      
318.50000 281.00000 16.76305     264.25216     0.99819      
319.50000 254.00000 15.93738     262.77200     0.30294      
320.50000 248.00000 15.74802     261.29185     0.71239      
321.50000 276.00000 16.61325     259.81169     0.94950      
322.50000 261.00000 16.15549     258.33154     0.02728      
323.50000 234.00000 15.29706     256.85138     2.23156      
324.50000 224.00000 14.96663     255.37123     4.39354      
325.50000 265.00000 16.27882     253.89107     0.46569      
326.50000 261.00000 16.15549     252.41092     0.28265      
327.50000 264.00000 16.24808     250.93076     0.64699      
328.50000 260.00000 16.12452     249.45061     0.42804      
329.50000 249.00000 15.77973     247.97045     0.00426      
330.50000 216.00000 14.69694     246.49030     4.30397      
331.50000 270.00000 16.43168     245.01014     2.31294      
332.50000 257.00000 16.03122     243.52999     0.70600      
333.50000 246.00000 15.68439     242.04983     0.06343      
334.50000 252.00000 15.87451     240.56968     0.51846      
335.50000 251.00000 15.84298     239.08952     0.56518      
336.50000 213.00000 14.59452     237.60936     2.84329      
337.50000 219.00000 14.79865     236.12921     1.33977      
338.50000 226.00000 15.03330     234.64905     0.33100      
339.50000 242.00000 15.55635     233.16890     0.32227      
390.50000 149.00000 12.20656     157.68099     0.50577      
391.50000 153.00000 12.36932     156.20083     0.06696      
392.50000 140.00000 11.83216     154.72068     1.54785      
393.50000 149.00000 12.20656     153.24052     0.12068      
394.50000 156.00000 12.49000     151.76037     0.11522      
395.50000 151.00000 12.28821     150.28021     0.00343      
396.50000 146.00000 12.08305     148.80006     0.05370      
397.50000 152.00000 12.32883     147.31990     0.14410      
398.50000 147.00000 12.12436     145.83975     0.00916      
399.50000 172.00000 13.11488     144.35959     4.44181      

Gradi di liberta = 38
Chi-quadro = 36.862629273023074
p-value = 0.5219437052995992

Verifica ipotesi funzione costante_________________________
Gradi di Liberta' = 38
t = 21.65399898023852
p-value = 5.593351324419603e-23

x         y         sy           y_media_p     Chi-quadro   
310.50000 273.00000 16.52271     217.00604     11.48470     
311.50000 281.00000 16.76305     217.00604     14.57376     
312.50000 257.00000 16.03122     217.00604     6.22380      
313.50000 280.00000 16.73320     217.00604     14.17228     
314.50000 273.00000 16.52271     217.00604     11.48470     
315.50000 261.00000 16.15549     217.00604     7.41559      
316.50000 292.00000 17.08801     217.00604     19.26059     
317.50000 285.00000 16.88194     217.00604     16.22168     
318.50000 281.00000 16.76305     217.00604     14.57376     
319.50000 254.00000 15.93738     217.00604     5.38800      
320.50000 248.00000 15.74802     217.00604     3.87349      
321.50000 276.00000 16.61325     217.00604     12.60974     
322.50000 261.00000 16.15549     217.00604     7.41559      
323.50000 234.00000 15.29706     217.00604     1.23416      
324.50000 224.00000 14.96663     217.00604     0.21837      
325.50000 265.00000 16.27882     217.00604     8.69215      
326.50000 261.00000 16.15549     217.00604     7.41559      
327.50000 264.00000 16.24808     217.00604     8.36527      
328.50000 260.00000 16.12452     217.00604     7.10954      
329.50000 249.00000 15.77973     217.00604     4.11090      
330.50000 216.00000 14.69694     217.00604     0.00469      
331.50000 270.00000 16.43168     217.00604     10.40133     
332.50000 257.00000 16.03122     217.00604     6.22380      
333.50000 246.00000 15.68439     217.00604     3.41727      
334.50000 252.00000 15.87451     217.00604     4.85943      
335.50000 251.00000 15.84298     217.00604     4.60394      
336.50000 213.00000 14.59452     217.00604     0.07534      
337.50000 219.00000 14.79865     217.00604     0.01815      
338.50000 226.00000 15.03330     217.00604     0.35793      
339.50000 242.00000 15.55635     217.00604     2.58140      
390.50000 149.00000 12.20656     217.00604     31.03907     
391.50000 153.00000 12.36932     217.00604     26.77630     
392.50000 140.00000 11.83216     217.00604     42.35665     
393.50000 149.00000 12.20656     217.00604     31.03907     
394.50000 156.00000 12.49000     217.00604     23.85729     
395.50000 151.00000 12.28821     217.00604     28.85296     
396.50000 146.00000 12.08305     217.00604     34.53327     
397.50000 152.00000 12.32883     217.00604     27.80122     
398.50000 147.00000 12.12436     217.00604     33.33909     
399.50000 172.00000 13.11488     217.00604     11.77642     

Gradi di liberta = 38
Chi-quadro = 505.7582965250509
p-value = 0.5219437052995992

Media pesata = 217.00604258687372 +/- 2.3291953685064386

****************************************************************************************************
SERIE 1
****************************************************************************************************

Verifica ipotesi linearità_________________________________
Covarianza = -1492.76923
Indice Pearson = -0.95485 +/- 0.04819
Gradi di Liberta' = 38
	t = 19.813553096449045
	p-value (due code) = 1.2506453004033369e-21

Parametri___________________________________________________
y = a + bx
a = 735.68155 +/- 24.06585
b = -1.48016 +/- 0.06835

Test Chi Quadro_____________________________________________
x         y         sy           y*            Chi-quadro   
310.50000 273.00000 16.52271     276.09340     0.03505      
311.50000 281.00000 16.76305     274.61324     0.14516      
312.50000 257.00000 16.03122     273.13309     1.01275      
313.50000 280.00000 16.73320     271.65293     0.24883      
314.50000 273.00000 16.52271     270.17278     0.02928      
315.50000 261.00000 16.15549     268.69262     0.22673      
316.50000 292.00000 17.08801     267.21247     2.10418      
317.50000 285.00000 16.88194     265.73231     1.30261      
318.50000 281.00000 16.76305     264.25216     0.99819      
319.50000 254.00000 15.93738     262.77200     0.30294      
320.50000 248.00000 15.74802     261.29185     0.71239      
321.50000 276.00000 16.61325     259.81169     0.94950      
322.50000 261.00000 16.15549     258.33154     0.02728      
323.50000 234.00000 15.29706     256.85138     2.23156      
324.50000 224.00000 14.96663     255.37123     4.39354      
325.50000 265.00000 16.27882     253.89107     0.46569      
326.50000 261.00000 16.15549     252.41092     0.28265      
327.50000 264.00000 16.24808     250.93076     0.64699      
328.50000 260.00000 16.12452     249.45061     0.42804      
329.50000 249.00000 15.77973     247.97045     0.00426      
330.50000 216.00000 14.69694     246.49030     4.30397      
331.50000 270.00000 16.43168     245.01014     2.31294      
332.50000 257.00000 16.03122     243.52999     0.70600      
333.50000 246.00000 15.68439     242.04983     0.06343      
334.50000 252.00000 15.87451     240.56968     0.51846      
335.50000 251.00000 15.84298     239.08952     0.56518      
336.50000 213.00000 14.59452     237.60936     2.84329      
337.50000 219.00000 14.79865     236.12921     1.33977      
338.50000 226.00000 15.03330     234.64905     0.33100      
339.50000 242.00000 15.55635     233.16890     0.32227      
390.50000 149.00000 12.20656     157.68099     0.50577      
391.50000 153.00000 12.36932     156.20083     0.06696      
392.50000 140.00000 11.83216     154.72068     1.54785      
393.50000 149.00000 12.20656     153.24052     0.12068      
394.50000 156.00000 12.49000     151.76037     0.11522      
395.50000 151.00000 12.28821     150.28021     0.00343      
396.50000 146.00000 12.08305     148.80006     0.05370      
397.50000 152.00000 12.32883     147.31990     0.14410      
398.50000 147.00000 12.12436     145.83975     0.00916      
399.50000 172.00000 13.11488     144.35959     4.44181      

Gradi di liberta = 38
Chi-quadro = 36.862629273023074
p-value = 0.5219437052995992

Verifica ipotesi funzione costante_________________________
Gradi di Liberta' = 38
t = 21.65399898023852
p-value = 5.593351324419603e-23

x         y         sy           y_media_p     Chi-quadro   
310.50000 273.00000 16.52271     217.00604     11.48470     
311.50000 281.00000 16.76305     217.00604     14.57376     
312.50000 257.00000 16.03122     217.00604     6.22380      
313.50000 280.00000 16.73320     217.00604     14.17228     
314.50000 273.00000 16.52271     217.00604     11.48470     
315.50000 261.00000 16.15549     217.00604     7.41559      
316.50000 292.00000 17.08801     217.00604     19.26059     
317.50000 285.00000 16.88194     217.00604     16.22168     
318.50000 281.00000 16.76305     217.00604     14.57376     
319.50000 254.00000 15.93738     217.00604     5.38800      
320.50000 248.00000 15.74802     217.00604     3.87349      
321.50000 276.00000 16.61325     217.00604     12.60974     
322.50000 261.00000 16.15549     217.00604     7.41559      
323.50000 234.00000 15.29706     217.00604     1.23416      
324.50000 224.00000 14.96663     217.00604     0.21837      
325.50000 265.00000 16.27882     217.00604     8.69215      
326.50000 261.00000 16.15549     217.00604     7.41559      
327.50000 264.00000 16.24808     217.00604     8.36527      
328.50000 260.00000 16.12452     217.00604     7.10954      
329.50000 249.00000 15.77973     217.00604     4.11090      
330.50000 216.00000 14.69694     217.00604     0.00469      
331.50000 270.00000 16.43168     217.00604     10.40133     
332.50000 257.00000 16.03122     217.00604     6.22380      
333.50000 246.00000 15.68439     217.00604     3.41727      
334.50000 252.00000 15.87451     217.00604     4.85943      
335.50000 251.00000 15.84298     217.00604     4.60394      
336.50000 213.00000 14.59452     217.00604     0.07534      
337.50000 219.00000 14.79865     217.00604     0.01815      
338.50000 226.00000 15.03330     217.00604     0.35793      
339.50000 242.00000 15.55635     217.00604     2.58140      
390.50000 149.00000 12.20656     217.00604     31.03907     
391.50000 153.00000 12.36932     217.00604     26.77630     
392.50000 140.00000 11.83216     217.00604     42.35665     
393.50000 149.00000 12.20656     217.00604     31.03907     
394.50000 156.00000 12.49000     217.00604     23.85729     
395.50000 151.00000 12.28821     217.00604     28.85296     
396.50000 146.00000 12.08305     217.00604     34.53327     
397.50000 152.00000 12.32883     217.00604     27.80122     
398.50000 147.00000 12.12436     217.00604     33.33909     
399.50000 172.00000 13.11488     217.00604     11.77642     

Gradi di liberta = 38
Chi-quadro = 505.7582965250509
p-value = 0.5219437052995992

Media pesata = 217.00604258687372 +/- 2.3291953685064386

