****************************************************************************************************
SERIE 1
****************************************************************************************************

Verifica ipotesi linearità_________________________________
Covarianza = -2227.20513
Indice Pearson = -0.96547 +/- 0.04226
Gradi di Liberta' = 38
	t = 22.843994134249844
	p-value (due code) = 8.437660358432253e-24

Parametri___________________________________________________
y = a + bx
a = 1102.37345 +/- 29.27703
b = -2.22590 +/- 0.08312

Test Chi Quadro_____________________________________________
x         y         sy           y*            Chi-quadro   
310.50000 391.00000 19.77372     411.23116     1.04680      
311.50000 422.00000 20.54264     409.00526     0.40015      
312.50000 388.00000 19.69772     406.77935     0.90893      
313.50000 419.00000 20.46949     404.55345     0.49810      
314.50000 407.00000 20.17424     402.32755     0.05364      
315.50000 397.00000 19.92486     400.10165     0.02423      
316.50000 415.00000 20.37155     397.87575     0.70660      
317.50000 425.00000 20.61553     395.64985     2.02690      
318.50000 416.00000 20.39608     393.42395     1.22519      
319.50000 381.00000 19.51922     391.19805     0.27297      
320.50000 375.00000 19.36492     388.97215     0.52059      
321.50000 387.00000 19.67232     386.74624     0.00017      
322.50000 389.00000 19.72308     384.52034     0.05159      
323.50000 366.00000 19.13113     382.29444     0.72543      
324.50000 337.00000 18.35756     380.06854     5.50415      
325.50000 396.00000 19.89975     377.84264     0.83255      
326.50000 390.00000 19.74842     375.61674     0.53046      
327.50000 368.00000 19.18333     373.39084     0.07897      
328.50000 394.00000 19.84943     371.16494     1.32345      
329.50000 372.00000 19.28730     368.93904     0.02519      
330.50000 326.00000 18.05547     366.71313     5.08454      
331.50000 383.00000 19.57039     364.48723     0.89484      
332.50000 374.00000 19.33908     362.26133     0.36844      
333.50000 362.00000 19.02630     360.03543     0.01066      
334.50000 353.00000 18.78829     357.80953     0.06553      
335.50000 380.00000 19.49359     355.58363     1.56884      
336.50000 326.00000 18.05547     353.35773     2.29584      
337.50000 341.00000 18.46619     351.13183     0.30104      
338.50000 363.00000 19.05256     348.90593     0.54723      
339.50000 364.00000 19.07878     346.68002     0.82413      
390.50000 221.00000 14.86607     233.15907     0.66897      
391.50000 206.00000 14.35270     230.93317     3.01778      
392.50000 214.00000 14.62874     228.70727     1.01076      
393.50000 219.00000 14.79865     226.48136     0.25557      
394.50000 243.00000 15.58846     224.25546     1.44592      
395.50000 232.00000 15.23155     222.02956     0.42849      
396.50000 215.00000 14.66288     219.80366     0.10733      
397.50000 209.00000 14.45683     217.57776     0.35205      
398.50000 220.00000 14.83240     215.35186     0.09821      
399.50000 258.00000 16.06238     213.12596     7.80496      

Gradi di liberta = 38
Chi-quadro = 43.90716430865164
p-value = 0.23545824912777613

Verifica ipotesi funzione costante_________________________
Gradi di Liberta' = 38
t = 26.778300674671687
p-value = 2.843682129480246e-26

x         y         sy           y_media_p     Chi-quadro   
310.50000 391.00000 19.77372     322.07539     12.14988     
311.50000 422.00000 20.54264     322.07539     23.66097     
312.50000 388.00000 19.69772     322.07539     11.20117     
313.50000 419.00000 20.46949     322.07539     22.42096     
314.50000 407.00000 20.17424     322.07539     17.72037     
315.50000 397.00000 19.92486     322.07539     14.14030     
316.50000 415.00000 20.37155     322.07539     20.80719     
317.50000 425.00000 20.61553     322.07539     24.92583     
318.50000 416.00000 20.39608     322.07539     21.20633     
319.50000 381.00000 19.51922     322.07539     9.11315      
320.50000 375.00000 19.36492     322.07539     7.46937      
321.50000 387.00000 19.67232     322.07539     10.89200     
322.50000 389.00000 19.72308     322.07539     11.51389     
323.50000 366.00000 19.13113     322.07539     5.27151      
324.50000 337.00000 18.35756     322.07539     0.66096      
325.50000 396.00000 19.89975     322.07539     13.80012     
326.50000 390.00000 19.74842     322.07539     11.83014     
327.50000 368.00000 19.18333     322.07539     5.73117      
328.50000 394.00000 19.84943     322.07539     13.12982     
329.50000 372.00000 19.28730     322.07539     6.70018      
330.50000 326.00000 18.05547     322.07539     0.04725      
331.50000 383.00000 19.57039     322.07539     9.69141      
332.50000 374.00000 19.33908     322.07539     7.20900      
333.50000 362.00000 19.02630     322.07539     4.40325      
334.50000 353.00000 18.78829     322.07539     2.70916      
335.50000 380.00000 19.49359     322.07539     8.82963      
336.50000 326.00000 18.05547     322.07539     0.04725      
337.50000 341.00000 18.46619     322.07539     1.05027      
338.50000 363.00000 19.05256     322.07539     4.61384      
339.50000 364.00000 19.07878     322.07539     4.82877      
390.50000 221.00000 14.86607     322.07539     46.22730     
391.50000 206.00000 14.35270     322.07539     65.40532     
392.50000 214.00000 14.62874     322.07539     54.58079     
393.50000 219.00000 14.79865     322.07539     48.51386     
394.50000 243.00000 15.58846     322.07539     25.73217     
395.50000 232.00000 15.23155     322.07539     34.97231     
396.50000 215.00000 14.66288     322.07539     53.32622     
397.50000 209.00000 14.45683     322.07539     61.17724     
398.50000 220.00000 14.83240     322.07539     47.36084     
399.50000 258.00000 16.06238     322.07539     15.91339     

Gradi di liberta = 38
Chi-quadro = 760.9845537055385
p-value = 0.23545824912777613

Media pesata = 322.0753861573616 +/- 2.837584299000479

****************************************************************************************************
SERIE 1
****************************************************************************************************

Verifica ipotesi linearità_________________________________
Covarianza = -2227.20513
Indice Pearson = -0.96547 +/- 0.04226
Gradi di Liberta' = 38
	t = 22.843994134249844
	p-value (due code) = 8.437660358432253e-24

Parametri___________________________________________________
y = a + bx
a = 1102.37345 +/- 29.27703
b = -2.22590 +/- 0.08312

Test Chi Quadro_____________________________________________
x         y         sy           y*            Chi-quadro   
310.50000 391.00000 19.77372     411.23116     1.04680      
311.50000 422.00000 20.54264     409.00526     0.40015      
312.50000 388.00000 19.69772     406.77935     0.90893      
313.50000 419.00000 20.46949     404.55345     0.49810      
314.50000 407.00000 20.17424     402.32755     0.05364      
315.50000 397.00000 19.92486     400.10165     0.02423      
316.50000 415.00000 20.37155     397.87575     0.70660      
317.50000 425.00000 20.61553     395.64985     2.02690      
318.50000 416.00000 20.39608     393.42395     1.22519      
319.50000 381.00000 19.51922     391.19805     0.27297      
320.50000 375.00000 19.36492     388.97215     0.52059      
321.50000 387.00000 19.67232     386.74624     0.00017      
322.50000 389.00000 19.72308     384.52034     0.05159      
323.50000 366.00000 19.13113     382.29444     0.72543      
324.50000 337.00000 18.35756     380.06854     5.50415      
325.50000 396.00000 19.89975     377.84264     0.83255      
326.50000 390.00000 19.74842     375.61674     0.53046      
327.50000 368.00000 19.18333     373.39084     0.07897      
328.50000 394.00000 19.84943     371.16494     1.32345      
329.50000 372.00000 19.28730     368.93904     0.02519      
330.50000 326.00000 18.05547     366.71313     5.08454      
331.50000 383.00000 19.57039     364.48723     0.89484      
332.50000 374.00000 19.33908     362.26133     0.36844      
333.50000 362.00000 19.02630     360.03543     0.01066      
334.50000 353.00000 18.78829     357.80953     0.06553      
335.50000 380.00000 19.49359     355.58363     1.56884      
336.50000 326.00000 18.05547     353.35773     2.29584      
337.50000 341.00000 18.46619     351.13183     0.30104      
338.50000 363.00000 19.05256     348.90593     0.54723      
339.50000 364.00000 19.07878     346.68002     0.82413      
390.50000 221.00000 14.86607     233.15907     0.66897      
391.50000 206.00000 14.35270     230.93317     3.01778      
392.50000 214.00000 14.62874     228.70727     1.01076      
393.50000 219.00000 14.79865     226.48136     0.25557      
394.50000 243.00000 15.58846     224.25546     1.44592      
395.50000 232.00000 15.23155     222.02956     0.42849      
396.50000 215.00000 14.66288     219.80366     0.10733      
397.50000 209.00000 14.45683     217.57776     0.35205      
398.50000 220.00000 14.83240     215.35186     0.09821      
399.50000 258.00000 16.06238     213.12596     7.80496      

Gradi di liberta = 38
Chi-quadro = 43.90716430865164
p-value = 0.23545824912777613

Verifica ipotesi funzione costante_________________________
Gradi di Liberta' = 38
t = 26.778300674671687
p-value = 2.843682129480246e-26

x         y         sy           y_media_p     Chi-quadro   
310.50000 391.00000 19.77372     322.07539     12.14988     
311.50000 422.00000 20.54264     322.07539     23.66097     
312.50000 388.00000 19.69772     322.07539     11.20117     
313.50000 419.00000 20.46949     322.07539     22.42096     
314.50000 407.00000 20.17424     322.07539     17.72037     
315.50000 397.00000 19.92486     322.07539     14.14030     
316.50000 415.00000 20.37155     322.07539     20.80719     
317.50000 425.00000 20.61553     322.07539     24.92583     
318.50000 416.00000 20.39608     322.07539     21.20633     
319.50000 381.00000 19.51922     322.07539     9.11315      
320.50000 375.00000 19.36492     322.07539     7.46937      
321.50000 387.00000 19.67232     322.07539     10.89200     
322.50000 389.00000 19.72308     322.07539     11.51389     
323.50000 366.00000 19.13113     322.07539     5.27151      
324.50000 337.00000 18.35756     322.07539     0.66096      
325.50000 396.00000 19.89975     322.07539     13.80012     
326.50000 390.00000 19.74842     322.07539     11.83014     
327.50000 368.00000 19.18333     322.07539     5.73117      
328.50000 394.00000 19.84943     322.07539     13.12982     
329.50000 372.00000 19.28730     322.07539     6.70018      
330.50000 326.00000 18.05547     322.07539     0.04725      
331.50000 383.00000 19.57039     322.07539     9.69141      
332.50000 374.00000 19.33908     322.07539     7.20900      
333.50000 362.00000 19.02630     322.07539     4.40325      
334.50000 353.00000 18.78829     322.07539     2.70916      
335.50000 380.00000 19.49359     322.07539     8.82963      
336.50000 326.00000 18.05547     322.07539     0.04725      
337.50000 341.00000 18.46619     322.07539     1.05027      
338.50000 363.00000 19.05256     322.07539     4.61384      
339.50000 364.00000 19.07878     322.07539     4.82877      
390.50000 221.00000 14.86607     322.07539     46.22730     
391.50000 206.00000 14.35270     322.07539     65.40532     
392.50000 214.00000 14.62874     322.07539     54.58079     
393.50000 219.00000 14.79865     322.07539     48.51386     
394.50000 243.00000 15.58846     322.07539     25.73217     
395.50000 232.00000 15.23155     322.07539     34.97231     
396.50000 215.00000 14.66288     322.07539     53.32622     
397.50000 209.00000 14.45683     322.07539     61.17724     
398.50000 220.00000 14.83240     322.07539     47.36084     
399.50000 258.00000 16.06238     322.07539     15.91339     

Gradi di liberta = 38
Chi-quadro = 760.9845537055385
p-value = 0.23545824912777613

Media pesata = 322.0753861573616 +/- 2.837584299000479

****************************************************************************************************
SERIE 1
****************************************************************************************************

Verifica ipotesi linearità_________________________________
Covarianza = -2098.97368
Indice Pearson = -0.95867 +/- 0.06707
Gradi di Liberta' = 18
	t = 14.294473883039192
	p-value (due code) = 2.8783820581886872e-11

Parametri___________________________________________________
y = a + bx
a = 1089.50678 +/- 47.13493
b = -2.19290 +/- 0.12636

Test Chi Quadro_____________________________________________
x         y         sy           y*            Chi-quadro   
330.50000 326.00000 18.05547     364.75231     4.60657      
331.50000 383.00000 19.57039     362.55940     1.09091      
332.50000 374.00000 19.33908     360.36650     0.49698      
333.50000 362.00000 19.02630     358.17360     0.04045      
334.50000 353.00000 18.78829     355.98069     0.02517      
335.50000 380.00000 19.49359     353.78779     1.80811      
336.50000 326.00000 18.05547     351.59489     2.00950      
337.50000 341.00000 18.46619     349.40198     0.20702      
338.50000 363.00000 19.05256     347.20908     0.68692      
339.50000 364.00000 19.07878     345.01618     0.99007      
390.50000 221.00000 14.86607     233.17812     0.67107      
391.50000 206.00000 14.35270     230.98522     3.03039      
392.50000 214.00000 14.62874     228.79231     1.02249      
393.50000 219.00000 14.79865     226.59941     0.26370      
394.50000 243.00000 15.58846     224.40651     1.42271      
395.50000 232.00000 15.23155     222.21361     0.41282      
396.50000 215.00000 14.66288     220.02070     0.11724      
397.50000 209.00000 14.45683     217.82780     0.37287      
398.50000 220.00000 14.83240     215.63490     0.08661      
399.50000 258.00000 16.06238     213.44199     7.69541      

Gradi di liberta = 18
Chi-quadro = 27.057013166754395
p-value = 0.0779323331387385

Verifica ipotesi funzione costante_________________________
Gradi di Liberta' = 18
t = 17.354318367215573
p-value = 1.0985399025672407e-12

x         y         sy           y_media_p     Chi-quadro   
330.50000 326.00000 18.05547     274.03853     8.28219      
331.50000 383.00000 19.57039     274.03853     30.99896     
332.50000 374.00000 19.33908     274.03853     26.71737     
333.50000 362.00000 19.02630     274.03853     21.37354     
334.50000 353.00000 18.78829     274.03853     17.66264     
335.50000 380.00000 19.49359     274.03853     29.54693     
336.50000 326.00000 18.05547     274.03853     8.28219      
337.50000 341.00000 18.46619     274.03853     13.14909     
338.50000 363.00000 19.05256     274.03853     21.80205     
339.50000 364.00000 19.07878     274.03853     22.23370     
390.50000 221.00000 14.86607     274.03853     12.72889     
391.50000 206.00000 14.35270     274.03853     22.47205     
392.50000 214.00000 14.62874     274.03853     16.84404     
393.50000 219.00000 14.79865     274.03853     13.83215     
394.50000 243.00000 15.58846     274.03853     3.96457      
395.50000 232.00000 15.23155     274.03853     7.61741      
396.50000 215.00000 14.66288     274.03853     16.21185     
397.50000 209.00000 14.45683     274.03853     20.23928     
398.50000 220.00000 14.83240     274.03853     13.27347     
399.50000 258.00000 16.06238     274.03853     0.99703      

Gradi di liberta = 18
Chi-quadro = 328.2293915043213
p-value = 0.0779323331387385

Media pesata = 274.03853042478386 +/- 3.701611341191724

****************************************************************************************************
SERIE 1
****************************************************************************************************

Verifica ipotesi linearità_________________________________
Covarianza = -3689.18644
Indice Pearson = -0.98162 +/- 0.02506
Gradi di Liberta' = 58
	t = 39.16984280525864
	p-value (due code) = 2.0277456078870924e-43

Parametri___________________________________________________
y = a + bx
a = 1077.95472 +/- 20.36211
b = -2.15376 +/- 0.05366

Test Chi Quadro_____________________________________________
x         y         sy           y*            Chi-quadro   
310.50000 391.00000 19.77372     409.21349     0.84842      
311.50000 422.00000 20.54264     407.05973     0.52894      
312.50000 388.00000 19.69772     404.90598     0.73663      
313.50000 419.00000 20.46949     402.75222     0.63005      
314.50000 407.00000 20.17424     400.59846     0.10069      
315.50000 397.00000 19.92486     398.44471     0.00526      
316.50000 415.00000 20.37155     396.29095     0.84344      
317.50000 425.00000 20.61553     394.13720     2.24121      
318.50000 416.00000 20.39608     391.98344     1.38653      
319.50000 381.00000 19.51922     389.82968     0.20463      
320.50000 375.00000 19.36492     387.67593     0.42848      
321.50000 387.00000 19.67232     385.52217     0.00564      
322.50000 389.00000 19.72308     383.36842     0.08153      
323.50000 366.00000 19.13113     381.21466     0.63248      
324.50000 337.00000 18.35756     379.06090     5.24961      
325.50000 396.00000 19.89975     376.90715     0.92055      
326.50000 390.00000 19.74842     374.75339     0.59605      
327.50000 368.00000 19.18333     372.59964     0.05749      
328.50000 394.00000 19.84943     370.44588     1.40811      
329.50000 372.00000 19.28730     368.29212     0.03696      
330.50000 326.00000 18.05547     366.13837     4.94199      
331.50000 383.00000 19.57039     363.98461     0.94409      
332.50000 374.00000 19.33908     361.83086     0.39596      
333.50000 362.00000 19.02630     359.67710     0.01491      
334.50000 353.00000 18.78829     357.52334     0.05796      
335.50000 380.00000 19.49359     355.36959     1.59647      
336.50000 326.00000 18.05547     353.21583     2.27209      
337.50000 341.00000 18.46619     351.06208     0.29691      
338.50000 363.00000 19.05256     348.90832     0.54704      
339.50000 364.00000 19.07878     346.75456     0.81705      
390.50000 221.00000 14.86607     236.91301     1.14581      
391.50000 206.00000 14.35270     234.75925     4.01502      
392.50000 214.00000 14.62874     232.60550     1.61759      
393.50000 219.00000 14.79865     230.45174     0.59882      
394.50000 243.00000 15.58846     228.29799     0.88950      
395.50000 232.00000 15.23155     226.14423     0.14780      
396.50000 215.00000 14.66288     223.99047     0.37595      
397.50000 209.00000 14.45683     221.83672     0.78843      
398.50000 220.00000 14.83240     219.68296     0.00046      
399.50000 258.00000 16.06238     217.52921     6.34839      
400.50000 208.00000 14.42221     215.37545     0.26153      
401.50000 218.00000 14.76482     213.22169     0.10473      
402.50000 182.00000 13.49074     211.06794     4.64256      
403.50000 216.00000 14.69694     208.91418     0.23245      
404.50000 203.00000 14.24781     206.76043     0.06966      
405.50000 198.00000 14.07125     204.60667     0.22044      
406.50000 202.00000 14.21267     202.45291     0.00102      
407.50000 204.00000 14.28286     200.29916     0.06714      
408.50000 189.00000 13.74773     198.14540     0.44253      
409.50000 213.00000 14.59452     195.99165     1.35814      
410.50000 167.00000 12.92285     193.83789     4.31301      
411.50000 189.00000 13.74773     191.68413     0.03812      
412.50000 204.00000 14.28286     189.53038     1.02632      
413.50000 196.00000 14.00000     187.37662     0.37940      
414.50000 201.00000 14.17745     185.22287     1.23840      
415.50000 190.00000 13.78405     183.06911     0.25283      
416.50000 177.00000 13.30413     180.91535     0.08661      
417.50000 184.00000 13.56466     178.76160     0.14914      
418.50000 187.00000 13.67479     176.60784     0.57752      
419.50000 202.00000 14.21267     174.45409     3.75632      

Gradi di liberta = 58
Chi-quadro = 63.972767929308596
p-value = 0.2749115561096875

Verifica ipotesi funzione costante_________________________
Gradi di Liberta' = 58
t = 40.14021615657255
p-value = 5.1542252697445245e-44

x         y         sy           y_media_p     Chi-quadro   
310.50000 391.00000 19.77372     264.97984     40.61658     
311.50000 422.00000 20.54264     264.97984     58.42496     
312.50000 388.00000 19.69772     264.97984     39.00505     
313.50000 419.00000 20.46949     264.97984     56.61625     
314.50000 407.00000 20.17424     264.97984     49.55707     
315.50000 397.00000 19.92486     264.97984     43.90258     
316.50000 415.00000 20.37155     264.97984     54.23144     
317.50000 425.00000 20.61553     264.97984     60.25048     
318.50000 416.00000 20.39608     264.97984     54.82473     
319.50000 381.00000 19.51922     264.97984     35.32986     
320.50000 375.00000 19.36492     264.97984     32.27850     
321.50000 387.00000 19.67232     264.97984     38.47266     
322.50000 389.00000 19.72308     264.97984     39.53985     
323.50000 366.00000 19.13113     264.97984     27.88271     
324.50000 337.00000 18.35756     264.97984     15.39141     
325.50000 396.00000 19.89975     264.97984     43.34920     
326.50000 390.00000 19.74842     264.97984     40.07703     
327.50000 368.00000 19.18333     264.97984     28.84009     
328.50000 394.00000 19.84943     264.97984     42.24924     
329.50000 372.00000 19.28730     264.97984     30.78848     
330.50000 326.00000 18.05547     264.97984     11.42166     
331.50000 383.00000 19.57039     264.97984     36.36752     
332.50000 374.00000 19.33908     264.97984     31.77913     
333.50000 362.00000 19.02630     264.97984     26.00252     
334.50000 353.00000 18.78829     264.97984     21.94773     
335.50000 380.00000 19.49359     264.97984     34.81484     
336.50000 326.00000 18.05547     264.97984     11.42166     
337.50000 341.00000 18.46619     264.97984     16.94740     
338.50000 363.00000 19.05256     264.97984     26.46819     
339.50000 364.00000 19.07878     264.97984     26.93679     
390.50000 221.00000 14.86607     264.97984     8.75215      
391.50000 206.00000 14.35270     264.97984     16.88651     
392.50000 214.00000 14.62874     264.97984     12.14460     
393.50000 219.00000 14.79865     264.97984     9.65363      
394.50000 243.00000 15.58846     264.97984     1.98812      
395.50000 232.00000 15.23155     264.97984     4.68823      
396.50000 215.00000 14.66288     264.97984     11.61853     
397.50000 209.00000 14.45683     264.97984     14.99398     
398.50000 220.00000 14.83240     264.97984     9.19630      
399.50000 258.00000 16.06238     264.97984     0.18883      
400.50000 208.00000 14.42221     264.97984     15.60914     
401.50000 218.00000 14.76482     264.97984     10.12434     
402.50000 182.00000 13.49074     264.97984     37.83326     
403.50000 216.00000 14.69694     264.97984     11.10660     
404.50000 203.00000 14.24781     264.97984     18.92365     
405.50000 198.00000 14.07125     264.97984     22.65807     
406.50000 202.00000 14.21267     264.97984     19.63594     
407.50000 204.00000 14.28286     264.97984     18.22814     
408.50000 189.00000 13.74773     264.97984     30.54463     
409.50000 213.00000 14.59452     264.97984     12.68499     
410.50000 167.00000 12.92285     264.97984     57.48532     
411.50000 189.00000 13.74773     264.97984     30.54463     
412.50000 204.00000 14.28286     264.97984     18.22814     
413.50000 196.00000 14.00000     264.97984     24.27662     
414.50000 201.00000 14.17745     264.97984     20.36527     
415.50000 190.00000 13.78405     264.97984     29.58935     
416.50000 177.00000 13.30413     264.97984     43.73137     
417.50000 184.00000 13.56466     264.97984     35.63986     
418.50000 187.00000 13.67479     264.97984     32.51794     
419.50000 202.00000 14.21267     264.97984     19.63594     

Gradi di liberta = 58
Chi-quadro = 1675.2097025366327
p-value = 0.2749115561096875

Media pesata = 264.9798382910561 +/- 2.101506754256162

****************************************************************************************************
SERIE 1
****************************************************************************************************

Verifica ipotesi linearità_________________________________
Covarianza = -2227.20513
Indice Pearson = -0.96547 +/- 0.04226
Gradi di Liberta' = 38
	t = 22.843994134249844
	p-value (due code) = 8.437660358432253e-24

Parametri___________________________________________________
y = a + bx
a = 1102.37345 +/- 29.27703
b = -2.22590 +/- 0.08312

Test Chi Quadro_____________________________________________
x         y         sy           y*            Chi-quadro   
310.50000 391.00000 19.77372     411.23116     1.04680      
311.50000 422.00000 20.54264     409.00526     0.40015      
312.50000 388.00000 19.69772     406.77935     0.90893      
313.50000 419.00000 20.46949     404.55345     0.49810      
314.50000 407.00000 20.17424     402.32755     0.05364      
315.50000 397.00000 19.92486     400.10165     0.02423      
316.50000 415.00000 20.37155     397.87575     0.70660      
317.50000 425.00000 20.61553     395.64985     2.02690      
318.50000 416.00000 20.39608     393.42395     1.22519      
319.50000 381.00000 19.51922     391.19805     0.27297      
320.50000 375.00000 19.36492     388.97215     0.52059      
321.50000 387.00000 19.67232     386.74624     0.00017      
322.50000 389.00000 19.72308     384.52034     0.05159      
323.50000 366.00000 19.13113     382.29444     0.72543      
324.50000 337.00000 18.35756     380.06854     5.50415      
325.50000 396.00000 19.89975     377.84264     0.83255      
326.50000 390.00000 19.74842     375.61674     0.53046      
327.50000 368.00000 19.18333     373.39084     0.07897      
328.50000 394.00000 19.84943     371.16494     1.32345      
329.50000 372.00000 19.28730     368.93904     0.02519      
330.50000 326.00000 18.05547     366.71313     5.08454      
331.50000 383.00000 19.57039     364.48723     0.89484      
332.50000 374.00000 19.33908     362.26133     0.36844      
333.50000 362.00000 19.02630     360.03543     0.01066      
334.50000 353.00000 18.78829     357.80953     0.06553      
335.50000 380.00000 19.49359     355.58363     1.56884      
336.50000 326.00000 18.05547     353.35773     2.29584      
337.50000 341.00000 18.46619     351.13183     0.30104      
338.50000 363.00000 19.05256     348.90593     0.54723      
339.50000 364.00000 19.07878     346.68002     0.82413      
390.50000 221.00000 14.86607     233.15907     0.66897      
391.50000 206.00000 14.35270     230.93317     3.01778      
392.50000 214.00000 14.62874     228.70727     1.01076      
393.50000 219.00000 14.79865     226.48136     0.25557      
394.50000 243.00000 15.58846     224.25546     1.44592      
395.50000 232.00000 15.23155     222.02956     0.42849      
396.50000 215.00000 14.66288     219.80366     0.10733      
397.50000 209.00000 14.45683     217.57776     0.35205      
398.50000 220.00000 14.83240     215.35186     0.09821      
399.50000 258.00000 16.06238     213.12596     7.80496      

Gradi di liberta = 38
Chi-quadro = 43.90716430865164
p-value = 0.23545824912777613

Verifica ipotesi funzione costante_________________________
Gradi di Liberta' = 38
t = 26.778300674671687
p-value = 2.843682129480246e-26

x         y         sy           y_media_p     Chi-quadro   
310.50000 391.00000 19.77372     322.07539     12.14988     
311.50000 422.00000 20.54264     322.07539     23.66097     
312.50000 388.00000 19.69772     322.07539     11.20117     
313.50000 419.00000 20.46949     322.07539     22.42096     
314.50000 407.00000 20.17424     322.07539     17.72037     
315.50000 397.00000 19.92486     322.07539     14.14030     
316.50000 415.00000 20.37155     322.07539     20.80719     
317.50000 425.00000 20.61553     322.07539     24.92583     
318.50000 416.00000 20.39608     322.07539     21.20633     
319.50000 381.00000 19.51922     322.07539     9.11315      
320.50000 375.00000 19.36492     322.07539     7.46937      
321.50000 387.00000 19.67232     322.07539     10.89200     
322.50000 389.00000 19.72308     322.07539     11.51389     
323.50000 366.00000 19.13113     322.07539     5.27151      
324.50000 337.00000 18.35756     322.07539     0.66096      
325.50000 396.00000 19.89975     322.07539     13.80012     
326.50000 390.00000 19.74842     322.07539     11.83014     
327.50000 368.00000 19.18333     322.07539     5.73117      
328.50000 394.00000 19.84943     322.07539     13.12982     
329.50000 372.00000 19.28730     322.07539     6.70018      
330.50000 326.00000 18.05547     322.07539     0.04725      
331.50000 383.00000 19.57039     322.07539     9.69141      
332.50000 374.00000 19.33908     322.07539     7.20900      
333.50000 362.00000 19.02630     322.07539     4.40325      
334.50000 353.00000 18.78829     322.07539     2.70916      
335.50000 380.00000 19.49359     322.07539     8.82963      
336.50000 326.00000 18.05547     322.07539     0.04725      
337.50000 341.00000 18.46619     322.07539     1.05027      
338.50000 363.00000 19.05256     322.07539     4.61384      
339.50000 364.00000 19.07878     322.07539     4.82877      
390.50000 221.00000 14.86607     322.07539     46.22730     
391.50000 206.00000 14.35270     322.07539     65.40532     
392.50000 214.00000 14.62874     322.07539     54.58079     
393.50000 219.00000 14.79865     322.07539     48.51386     
394.50000 243.00000 15.58846     322.07539     25.73217     
395.50000 232.00000 15.23155     322.07539     34.97231     
396.50000 215.00000 14.66288     322.07539     53.32622     
397.50000 209.00000 14.45683     322.07539     61.17724     
398.50000 220.00000 14.83240     322.07539     47.36084     
399.50000 258.00000 16.06238     322.07539     15.91339     

Gradi di liberta = 38
Chi-quadro = 760.9845537055385
p-value = 0.23545824912777613

Media pesata = 322.0753861573616 +/- 2.837584299000479

****************************************************************************************************
SERIE 1
****************************************************************************************************

Verifica ipotesi linearità_________________________________
Covarianza = -2227.20513
Indice Pearson = -0.96547 +/- 0.04226
Gradi di Liberta' = 38
	t = 22.843994134249844
	p-value (due code) = 8.437660358432253e-24

Parametri___________________________________________________
y = a + bx
a = 1102.37345 +/- 29.27703
b = -2.22590 +/- 0.08312

Test Chi Quadro_____________________________________________
x         y         sy           y*            Chi-quadro   
310.50000 391.00000 19.77372     411.23116     1.04680      
311.50000 422.00000 20.54264     409.00526     0.40015      
312.50000 388.00000 19.69772     406.77935     0.90893      
313.50000 419.00000 20.46949     404.55345     0.49810      
314.50000 407.00000 20.17424     402.32755     0.05364      
315.50000 397.00000 19.92486     400.10165     0.02423      
316.50000 415.00000 20.37155     397.87575     0.70660      
317.50000 425.00000 20.61553     395.64985     2.02690      
318.50000 416.00000 20.39608     393.42395     1.22519      
319.50000 381.00000 19.51922     391.19805     0.27297      
320.50000 375.00000 19.36492     388.97215     0.52059      
321.50000 387.00000 19.67232     386.74624     0.00017      
322.50000 389.00000 19.72308     384.52034     0.05159      
323.50000 366.00000 19.13113     382.29444     0.72543      
324.50000 337.00000 18.35756     380.06854     5.50415      
325.50000 396.00000 19.89975     377.84264     0.83255      
326.50000 390.00000 19.74842     375.61674     0.53046      
327.50000 368.00000 19.18333     373.39084     0.07897      
328.50000 394.00000 19.84943     371.16494     1.32345      
329.50000 372.00000 19.28730     368.93904     0.02519      
330.50000 326.00000 18.05547     366.71313     5.08454      
331.50000 383.00000 19.57039     364.48723     0.89484      
332.50000 374.00000 19.33908     362.26133     0.36844      
333.50000 362.00000 19.02630     360.03543     0.01066      
334.50000 353.00000 18.78829     357.80953     0.06553      
335.50000 380.00000 19.49359     355.58363     1.56884      
336.50000 326.00000 18.05547     353.35773     2.29584      
337.50000 341.00000 18.46619     351.13183     0.30104      
338.50000 363.00000 19.05256     348.90593     0.54723      
339.50000 364.00000 19.07878     346.68002     0.82413      
390.50000 221.00000 14.86607     233.15907     0.66897      
391.50000 206.00000 14.35270     230.93317     3.01778      
392.50000 214.00000 14.62874     228.70727     1.01076      
393.50000 219.00000 14.79865     226.48136     0.25557      
394.50000 243.00000 15.58846     224.25546     1.44592      
395.50000 232.00000 15.23155     222.02956     0.42849      
396.50000 215.00000 14.66288     219.80366     0.10733      
397.50000 209.00000 14.45683     217.57776     0.35205      
398.50000 220.00000 14.83240     215.35186     0.09821      
399.50000 258.00000 16.06238     213.12596     7.80496      

Gradi di liberta = 38
Chi-quadro = 43.90716430865164
p-value = 0.23545824912777613

Verifica ipotesi funzione costante_________________________
Gradi di Liberta' = 38
t = 26.778300674671687
p-value = 2.843682129480246e-26

x         y         sy           y_media_p     Chi-quadro   
310.50000 391.00000 19.77372     322.07539     12.14988     
311.50000 422.00000 20.54264     322.07539     23.66097     
312.50000 388.00000 19.69772     322.07539     11.20117     
313.50000 419.00000 20.46949     322.07539     22.42096     
314.50000 407.00000 20.17424     322.07539     17.72037     
315.50000 397.00000 19.92486     322.07539     14.14030     
316.50000 415.00000 20.37155     322.07539     20.80719     
317.50000 425.00000 20.61553     322.07539     24.92583     
318.50000 416.00000 20.39608     322.07539     21.20633     
319.50000 381.00000 19.51922     322.07539     9.11315      
320.50000 375.00000 19.36492     322.07539     7.46937      
321.50000 387.00000 19.67232     322.07539     10.89200     
322.50000 389.00000 19.72308     322.07539     11.51389     
323.50000 366.00000 19.13113     322.07539     5.27151      
324.50000 337.00000 18.35756     322.07539     0.66096      
325.50000 396.00000 19.89975     322.07539     13.80012     
326.50000 390.00000 19.74842     322.07539     11.83014     
327.50000 368.00000 19.18333     322.07539     5.73117      
328.50000 394.00000 19.84943     322.07539     13.12982     
329.50000 372.00000 19.28730     322.07539     6.70018      
330.50000 326.00000 18.05547     322.07539     0.04725      
331.50000 383.00000 19.57039     322.07539     9.69141      
332.50000 374.00000 19.33908     322.07539     7.20900      
333.50000 362.00000 19.02630     322.07539     4.40325      
334.50000 353.00000 18.78829     322.07539     2.70916      
335.50000 380.00000 19.49359     322.07539     8.82963      
336.50000 326.00000 18.05547     322.07539     0.04725      
337.50000 341.00000 18.46619     322.07539     1.05027      
338.50000 363.00000 19.05256     322.07539     4.61384      
339.50000 364.00000 19.07878     322.07539     4.82877      
390.50000 221.00000 14.86607     322.07539     46.22730     
391.50000 206.00000 14.35270     322.07539     65.40532     
392.50000 214.00000 14.62874     322.07539     54.58079     
393.50000 219.00000 14.79865     322.07539     48.51386     
394.50000 243.00000 15.58846     322.07539     25.73217     
395.50000 232.00000 15.23155     322.07539     34.97231     
396.50000 215.00000 14.66288     322.07539     53.32622     
397.50000 209.00000 14.45683     322.07539     61.17724     
398.50000 220.00000 14.83240     322.07539     47.36084     
399.50000 258.00000 16.06238     322.07539     15.91339     

Gradi di liberta = 38
Chi-quadro = 760.9845537055385
p-value = 0.23545824912777613

Media pesata = 322.0753861573616 +/- 2.837584299000479

****************************************************************************************************
SERIE 1
****************************************************************************************************

Verifica ipotesi linearità_________________________________
Covarianza = -2227.20513
Indice Pearson = -0.96547 +/- 0.04226
Gradi di Liberta' = 38
	t = 22.843994134249844
	p-value (due code) = 8.437660358432253e-24

Parametri___________________________________________________
y = a + bx
a = 1102.37345 +/- 29.27703
b = -2.22590 +/- 0.08312

Test Chi Quadro_____________________________________________
x         y         sy           y*            Chi-quadro   
310.50000 391.00000 19.77372     411.23116     1.04680      
311.50000 422.00000 20.54264     409.00526     0.40015      
312.50000 388.00000 19.69772     406.77935     0.90893      
313.50000 419.00000 20.46949     404.55345     0.49810      
314.50000 407.00000 20.17424     402.32755     0.05364      
315.50000 397.00000 19.92486     400.10165     0.02423      
316.50000 415.00000 20.37155     397.87575     0.70660      
317.50000 425.00000 20.61553     395.64985     2.02690      
318.50000 416.00000 20.39608     393.42395     1.22519      
319.50000 381.00000 19.51922     391.19805     0.27297      
320.50000 375.00000 19.36492     388.97215     0.52059      
321.50000 387.00000 19.67232     386.74624     0.00017      
322.50000 389.00000 19.72308     384.52034     0.05159      
323.50000 366.00000 19.13113     382.29444     0.72543      
324.50000 337.00000 18.35756     380.06854     5.50415      
325.50000 396.00000 19.89975     377.84264     0.83255      
326.50000 390.00000 19.74842     375.61674     0.53046      
327.50000 368.00000 19.18333     373.39084     0.07897      
328.50000 394.00000 19.84943     371.16494     1.32345      
329.50000 372.00000 19.28730     368.93904     0.02519      
330.50000 326.00000 18.05547     366.71313     5.08454      
331.50000 383.00000 19.57039     364.48723     0.89484      
332.50000 374.00000 19.33908     362.26133     0.36844      
333.50000 362.00000 19.02630     360.03543     0.01066      
334.50000 353.00000 18.78829     357.80953     0.06553      
335.50000 380.00000 19.49359     355.58363     1.56884      
336.50000 326.00000 18.05547     353.35773     2.29584      
337.50000 341.00000 18.46619     351.13183     0.30104      
338.50000 363.00000 19.05256     348.90593     0.54723      
339.50000 364.00000 19.07878     346.68002     0.82413      
390.50000 221.00000 14.86607     233.15907     0.66897      
391.50000 206.00000 14.35270     230.93317     3.01778      
392.50000 214.00000 14.62874     228.70727     1.01076      
393.50000 219.00000 14.79865     226.48136     0.25557      
394.50000 243.00000 15.58846     224.25546     1.44592      
395.50000 232.00000 15.23155     222.02956     0.42849      
396.50000 215.00000 14.66288     219.80366     0.10733      
397.50000 209.00000 14.45683     217.57776     0.35205      
398.50000 220.00000 14.83240     215.35186     0.09821      
399.50000 258.00000 16.06238     213.12596     7.80496      

Gradi di liberta = 38
Chi-quadro = 43.90716430865164
p-value = 0.23545824912777613

Verifica ipotesi funzione costante_________________________
Gradi di Liberta' = 38
t = 26.778300674671687
p-value = 2.843682129480246e-26

x         y         sy           y_media_p     Chi-quadro   
310.50000 391.00000 19.77372     322.07539     12.14988     
311.50000 422.00000 20.54264     322.07539     23.66097     
312.50000 388.00000 19.69772     322.07539     11.20117     
313.50000 419.00000 20.46949     322.07539     22.42096     
314.50000 407.00000 20.17424     322.07539     17.72037     
315.50000 397.00000 19.92486     322.07539     14.14030     
316.50000 415.00000 20.37155     322.07539     20.80719     
317.50000 425.00000 20.61553     322.07539     24.92583     
318.50000 416.00000 20.39608     322.07539     21.20633     
319.50000 381.00000 19.51922     322.07539     9.11315      
320.50000 375.00000 19.36492     322.07539     7.46937      
321.50000 387.00000 19.67232     322.07539     10.89200     
322.50000 389.00000 19.72308     322.07539     11.51389     
323.50000 366.00000 19.13113     322.07539     5.27151      
324.50000 337.00000 18.35756     322.07539     0.66096      
325.50000 396.00000 19.89975     322.07539     13.80012     
326.50000 390.00000 19.74842     322.07539     11.83014     
327.50000 368.00000 19.18333     322.07539     5.73117      
328.50000 394.00000 19.84943     322.07539     13.12982     
329.50000 372.00000 19.28730     322.07539     6.70018      
330.50000 326.00000 18.05547     322.07539     0.04725      
331.50000 383.00000 19.57039     322.07539     9.69141      
332.50000 374.00000 19.33908     322.07539     7.20900      
333.50000 362.00000 19.02630     322.07539     4.40325      
334.50000 353.00000 18.78829     322.07539     2.70916      
335.50000 380.00000 19.49359     322.07539     8.82963      
336.50000 326.00000 18.05547     322.07539     0.04725      
337.50000 341.00000 18.46619     322.07539     1.05027      
338.50000 363.00000 19.05256     322.07539     4.61384      
339.50000 364.00000 19.07878     322.07539     4.82877      
390.50000 221.00000 14.86607     322.07539     46.22730     
391.50000 206.00000 14.35270     322.07539     65.40532     
392.50000 214.00000 14.62874     322.07539     54.58079     
393.50000 219.00000 14.79865     322.07539     48.51386     
394.50000 243.00000 15.58846     322.07539     25.73217     
395.50000 232.00000 15.23155     322.07539     34.97231     
396.50000 215.00000 14.66288     322.07539     53.32622     
397.50000 209.00000 14.45683     322.07539     61.17724     
398.50000 220.00000 14.83240     322.07539     47.36084     
399.50000 258.00000 16.06238     322.07539     15.91339     

Gradi di liberta = 38
Chi-quadro = 760.9845537055385
p-value = 0.23545824912777613

Media pesata = 322.0753861573616 +/- 2.837584299000479

****************************************************************************************************
SERIE 1
****************************************************************************************************

Verifica ipotesi linearità_________________________________
Covarianza = -2227.20513
Indice Pearson = -0.96547 +/- 0.04226
Gradi di Liberta' = 38
	t = 22.843994134249844
	p-value (due code) = 8.437660358432253e-24

Parametri___________________________________________________
y = a + bx
a = 1102.37345 +/- 29.27703
b = -2.22590 +/- 0.08312

Test Chi Quadro_____________________________________________
x         y         sy           y*            Chi-quadro   
310.50000 391.00000 19.77372     411.23116     1.04680      
311.50000 422.00000 20.54264     409.00526     0.40015      
312.50000 388.00000 19.69772     406.77935     0.90893      
313.50000 419.00000 20.46949     404.55345     0.49810      
314.50000 407.00000 20.17424     402.32755     0.05364      
315.50000 397.00000 19.92486     400.10165     0.02423      
316.50000 415.00000 20.37155     397.87575     0.70660      
317.50000 425.00000 20.61553     395.64985     2.02690      
318.50000 416.00000 20.39608     393.42395     1.22519      
319.50000 381.00000 19.51922     391.19805     0.27297      
320.50000 375.00000 19.36492     388.97215     0.52059      
321.50000 387.00000 19.67232     386.74624     0.00017      
322.50000 389.00000 19.72308     384.52034     0.05159      
323.50000 366.00000 19.13113     382.29444     0.72543      
324.50000 337.00000 18.35756     380.06854     5.50415      
325.50000 396.00000 19.89975     377.84264     0.83255      
326.50000 390.00000 19.74842     375.61674     0.53046      
327.50000 368.00000 19.18333     373.39084     0.07897      
328.50000 394.00000 19.84943     371.16494     1.32345      
329.50000 372.00000 19.28730     368.93904     0.02519      
330.50000 326.00000 18.05547     366.71313     5.08454      
331.50000 383.00000 19.57039     364.48723     0.89484      
332.50000 374.00000 19.33908     362.26133     0.36844      
333.50000 362.00000 19.02630     360.03543     0.01066      
334.50000 353.00000 18.78829     357.80953     0.06553      
335.50000 380.00000 19.49359     355.58363     1.56884      
336.50000 326.00000 18.05547     353.35773     2.29584      
337.50000 341.00000 18.46619     351.13183     0.30104      
338.50000 363.00000 19.05256     348.90593     0.54723      
339.50000 364.00000 19.07878     346.68002     0.82413      
390.50000 221.00000 14.86607     233.15907     0.66897      
391.50000 206.00000 14.35270     230.93317     3.01778      
392.50000 214.00000 14.62874     228.70727     1.01076      
393.50000 219.00000 14.79865     226.48136     0.25557      
394.50000 243.00000 15.58846     224.25546     1.44592      
395.50000 232.00000 15.23155     222.02956     0.42849      
396.50000 215.00000 14.66288     219.80366     0.10733      
397.50000 209.00000 14.45683     217.57776     0.35205      
398.50000 220.00000 14.83240     215.35186     0.09821      
399.50000 258.00000 16.06238     213.12596     7.80496      

Gradi di liberta = 38
Chi-quadro = 43.90716430865164
p-value = 0.23545824912777613

Verifica ipotesi funzione costante_________________________
Gradi di Liberta' = 38
t = 26.778300674671687
p-value = 2.843682129480246e-26

x         y         sy           y_media_p     Chi-quadro   
310.50000 391.00000 19.77372     322.07539     12.14988     
311.50000 422.00000 20.54264     322.07539     23.66097     
312.50000 388.00000 19.69772     322.07539     11.20117     
313.50000 419.00000 20.46949     322.07539     22.42096     
314.50000 407.00000 20.17424     322.07539     17.72037     
315.50000 397.00000 19.92486     322.07539     14.14030     
316.50000 415.00000 20.37155     322.07539     20.80719     
317.50000 425.00000 20.61553     322.07539     24.92583     
318.50000 416.00000 20.39608     322.07539     21.20633     
319.50000 381.00000 19.51922     322.07539     9.11315      
320.50000 375.00000 19.36492     322.07539     7.46937      
321.50000 387.00000 19.67232     322.07539     10.89200     
322.50000 389.00000 19.72308     322.07539     11.51389     
323.50000 366.00000 19.13113     322.07539     5.27151      
324.50000 337.00000 18.35756     322.07539     0.66096      
325.50000 396.00000 19.89975     322.07539     13.80012     
326.50000 390.00000 19.74842     322.07539     11.83014     
327.50000 368.00000 19.18333     322.07539     5.73117      
328.50000 394.00000 19.84943     322.07539     13.12982     
329.50000 372.00000 19.28730     322.07539     6.70018      
330.50000 326.00000 18.05547     322.07539     0.04725      
331.50000 383.00000 19.57039     322.07539     9.69141      
332.50000 374.00000 19.33908     322.07539     7.20900      
333.50000 362.00000 19.02630     322.07539     4.40325      
334.50000 353.00000 18.78829     322.07539     2.70916      
335.50000 380.00000 19.49359     322.07539     8.82963      
336.50000 326.00000 18.05547     322.07539     0.04725      
337.50000 341.00000 18.46619     322.07539     1.05027      
338.50000 363.00000 19.05256     322.07539     4.61384      
339.50000 364.00000 19.07878     322.07539     4.82877      
390.50000 221.00000 14.86607     322.07539     46.22730     
391.50000 206.00000 14.35270     322.07539     65.40532     
392.50000 214.00000 14.62874     322.07539     54.58079     
393.50000 219.00000 14.79865     322.07539     48.51386     
394.50000 243.00000 15.58846     322.07539     25.73217     
395.50000 232.00000 15.23155     322.07539     34.97231     
396.50000 215.00000 14.66288     322.07539     53.32622     
397.50000 209.00000 14.45683     322.07539     61.17724     
398.50000 220.00000 14.83240     322.07539     47.36084     
399.50000 258.00000 16.06238     322.07539     15.91339     

Gradi di liberta = 38
Chi-quadro = 760.9845537055385
p-value = 0.23545824912777613

Media pesata = 322.0753861573616 +/- 2.837584299000479

****************************************************************************************************
SERIE 1
****************************************************************************************************

Verifica ipotesi linearità_________________________________
Covarianza = -2227.20513
Indice Pearson = -0.96547 +/- 0.04226
Gradi di Liberta' = 38
	t = 22.843994134249844
	p-value (due code) = 8.437660358432253e-24

Parametri___________________________________________________
y = a + bx
a = 1102.37345 +/- 29.27703
b = -2.22590 +/- 0.08312

Test Chi Quadro_____________________________________________
x         y         sy           y*            Chi-quadro   
310.50000 391.00000 19.77372     411.23116     1.04680      
311.50000 422.00000 20.54264     409.00526     0.40015      
312.50000 388.00000 19.69772     406.77935     0.90893      
313.50000 419.00000 20.46949     404.55345     0.49810      
314.50000 407.00000 20.17424     402.32755     0.05364      
315.50000 397.00000 19.92486     400.10165     0.02423      
316.50000 415.00000 20.37155     397.87575     0.70660      
317.50000 425.00000 20.61553     395.64985     2.02690      
318.50000 416.00000 20.39608     393.42395     1.22519      
319.50000 381.00000 19.51922     391.19805     0.27297      
320.50000 375.00000 19.36492     388.97215     0.52059      
321.50000 387.00000 19.67232     386.74624     0.00017      
322.50000 389.00000 19.72308     384.52034     0.05159      
323.50000 366.00000 19.13113     382.29444     0.72543      
324.50000 337.00000 18.35756     380.06854     5.50415      
325.50000 396.00000 19.89975     377.84264     0.83255      
326.50000 390.00000 19.74842     375.61674     0.53046      
327.50000 368.00000 19.18333     373.39084     0.07897      
328.50000 394.00000 19.84943     371.16494     1.32345      
329.50000 372.00000 19.28730     368.93904     0.02519      
330.50000 326.00000 18.05547     366.71313     5.08454      
331.50000 383.00000 19.57039     364.48723     0.89484      
332.50000 374.00000 19.33908     362.26133     0.36844      
333.50000 362.00000 19.02630     360.03543     0.01066      
334.50000 353.00000 18.78829     357.80953     0.06553      
335.50000 380.00000 19.49359     355.58363     1.56884      
336.50000 326.00000 18.05547     353.35773     2.29584      
337.50000 341.00000 18.46619     351.13183     0.30104      
338.50000 363.00000 19.05256     348.90593     0.54723      
339.50000 364.00000 19.07878     346.68002     0.82413      
390.50000 221.00000 14.86607     233.15907     0.66897      
391.50000 206.00000 14.35270     230.93317     3.01778      
392.50000 214.00000 14.62874     228.70727     1.01076      
393.50000 219.00000 14.79865     226.48136     0.25557      
394.50000 243.00000 15.58846     224.25546     1.44592      
395.50000 232.00000 15.23155     222.02956     0.42849      
396.50000 215.00000 14.66288     219.80366     0.10733      
397.50000 209.00000 14.45683     217.57776     0.35205      
398.50000 220.00000 14.83240     215.35186     0.09821      
399.50000 258.00000 16.06238     213.12596     7.80496      

Gradi di liberta = 38
Chi-quadro = 43.90716430865164
p-value = 0.23545824912777613

Verifica ipotesi funzione costante_________________________
Gradi di Liberta' = 38
t = 26.778300674671687
p-value = 2.843682129480246e-26

x         y         sy           y_media_p     Chi-quadro   
310.50000 391.00000 19.77372     322.07539     12.14988     
311.50000 422.00000 20.54264     322.07539     23.66097     
312.50000 388.00000 19.69772     322.07539     11.20117     
313.50000 419.00000 20.46949     322.07539     22.42096     
314.50000 407.00000 20.17424     322.07539     17.72037     
315.50000 397.00000 19.92486     322.07539     14.14030     
316.50000 415.00000 20.37155     322.07539     20.80719     
317.50000 425.00000 20.61553     322.07539     24.92583     
318.50000 416.00000 20.39608     322.07539     21.20633     
319.50000 381.00000 19.51922     322.07539     9.11315      
320.50000 375.00000 19.36492     322.07539     7.46937      
321.50000 387.00000 19.67232     322.07539     10.89200     
322.50000 389.00000 19.72308     322.07539     11.51389     
323.50000 366.00000 19.13113     322.07539     5.27151      
324.50000 337.00000 18.35756     322.07539     0.66096      
325.50000 396.00000 19.89975     322.07539     13.80012     
326.50000 390.00000 19.74842     322.07539     11.83014     
327.50000 368.00000 19.18333     322.07539     5.73117      
328.50000 394.00000 19.84943     322.07539     13.12982     
329.50000 372.00000 19.28730     322.07539     6.70018      
330.50000 326.00000 18.05547     322.07539     0.04725      
331.50000 383.00000 19.57039     322.07539     9.69141      
332.50000 374.00000 19.33908     322.07539     7.20900      
333.50000 362.00000 19.02630     322.07539     4.40325      
334.50000 353.00000 18.78829     322.07539     2.70916      
335.50000 380.00000 19.49359     322.07539     8.82963      
336.50000 326.00000 18.05547     322.07539     0.04725      
337.50000 341.00000 18.46619     322.07539     1.05027      
338.50000 363.00000 19.05256     322.07539     4.61384      
339.50000 364.00000 19.07878     322.07539     4.82877      
390.50000 221.00000 14.86607     322.07539     46.22730     
391.50000 206.00000 14.35270     322.07539     65.40532     
392.50000 214.00000 14.62874     322.07539     54.58079     
393.50000 219.00000 14.79865     322.07539     48.51386     
394.50000 243.00000 15.58846     322.07539     25.73217     
395.50000 232.00000 15.23155     322.07539     34.97231     
396.50000 215.00000 14.66288     322.07539     53.32622     
397.50000 209.00000 14.45683     322.07539     61.17724     
398.50000 220.00000 14.83240     322.07539     47.36084     
399.50000 258.00000 16.06238     322.07539     15.91339     

Gradi di liberta = 38
Chi-quadro = 760.9845537055385
p-value = 0.23545824912777613

Media pesata = 322.0753861573616 +/- 2.837584299000479

****************************************************************************************************
SERIE 1
****************************************************************************************************

Verifica ipotesi linearità_________________________________
Covarianza = -2227.20513
Indice Pearson = -0.96547 +/- 0.04226
Gradi di Liberta' = 38
	t = 22.843994134249844
	p-value (due code) = 8.437660358432253e-24

Parametri___________________________________________________
y = a + bx
a = 1102.37345 +/- 29.27703
b = -2.22590 +/- 0.08312

Test Chi Quadro_____________________________________________
x         y         sy           y*            Chi-quadro   
310.50000 391.00000 19.77372     411.23116     1.04680      
311.50000 422.00000 20.54264     409.00526     0.40015      
312.50000 388.00000 19.69772     406.77935     0.90893      
313.50000 419.00000 20.46949     404.55345     0.49810      
314.50000 407.00000 20.17424     402.32755     0.05364      
315.50000 397.00000 19.92486     400.10165     0.02423      
316.50000 415.00000 20.37155     397.87575     0.70660      
317.50000 425.00000 20.61553     395.64985     2.02690      
318.50000 416.00000 20.39608     393.42395     1.22519      
319.50000 381.00000 19.51922     391.19805     0.27297      
320.50000 375.00000 19.36492     388.97215     0.52059      
321.50000 387.00000 19.67232     386.74624     0.00017      
322.50000 389.00000 19.72308     384.52034     0.05159      
323.50000 366.00000 19.13113     382.29444     0.72543      
324.50000 337.00000 18.35756     380.06854     5.50415      
325.50000 396.00000 19.89975     377.84264     0.83255      
326.50000 390.00000 19.74842     375.61674     0.53046      
327.50000 368.00000 19.18333     373.39084     0.07897      
328.50000 394.00000 19.84943     371.16494     1.32345      
329.50000 372.00000 19.28730     368.93904     0.02519      
330.50000 326.00000 18.05547     366.71313     5.08454      
331.50000 383.00000 19.57039     364.48723     0.89484      
332.50000 374.00000 19.33908     362.26133     0.36844      
333.50000 362.00000 19.02630     360.03543     0.01066      
334.50000 353.00000 18.78829     357.80953     0.06553      
335.50000 380.00000 19.49359     355.58363     1.56884      
336.50000 326.00000 18.05547     353.35773     2.29584      
337.50000 341.00000 18.46619     351.13183     0.30104      
338.50000 363.00000 19.05256     348.90593     0.54723      
339.50000 364.00000 19.07878     346.68002     0.82413      
390.50000 221.00000 14.86607     233.15907     0.66897      
391.50000 206.00000 14.35270     230.93317     3.01778      
392.50000 214.00000 14.62874     228.70727     1.01076      
393.50000 219.00000 14.79865     226.48136     0.25557      
394.50000 243.00000 15.58846     224.25546     1.44592      
395.50000 232.00000 15.23155     222.02956     0.42849      
396.50000 215.00000 14.66288     219.80366     0.10733      
397.50000 209.00000 14.45683     217.57776     0.35205      
398.50000 220.00000 14.83240     215.35186     0.09821      
399.50000 258.00000 16.06238     213.12596     7.80496      

Gradi di liberta = 38
Chi-quadro = 43.90716430865164
p-value = 0.23545824912777613

Verifica ipotesi funzione costante_________________________
Gradi di Liberta' = 38
t = 26.778300674671687
p-value = 2.843682129480246e-26

x         y         sy           y_media_p     Chi-quadro   
310.50000 391.00000 19.77372     322.07539     12.14988     
311.50000 422.00000 20.54264     322.07539     23.66097     
312.50000 388.00000 19.69772     322.07539     11.20117     
313.50000 419.00000 20.46949     322.07539     22.42096     
314.50000 407.00000 20.17424     322.07539     17.72037     
315.50000 397.00000 19.92486     322.07539     14.14030     
316.50000 415.00000 20.37155     322.07539     20.80719     
317.50000 425.00000 20.61553     322.07539     24.92583     
318.50000 416.00000 20.39608     322.07539     21.20633     
319.50000 381.00000 19.51922     322.07539     9.11315      
320.50000 375.00000 19.36492     322.07539     7.46937      
321.50000 387.00000 19.67232     322.07539     10.89200     
322.50000 389.00000 19.72308     322.07539     11.51389     
323.50000 366.00000 19.13113     322.07539     5.27151      
324.50000 337.00000 18.35756     322.07539     0.66096      
325.50000 396.00000 19.89975     322.07539     13.80012     
326.50000 390.00000 19.74842     322.07539     11.83014     
327.50000 368.00000 19.18333     322.07539     5.73117      
328.50000 394.00000 19.84943     322.07539     13.12982     
329.50000 372.00000 19.28730     322.07539     6.70018      
330.50000 326.00000 18.05547     322.07539     0.04725      
331.50000 383.00000 19.57039     322.07539     9.69141      
332.50000 374.00000 19.33908     322.07539     7.20900      
333.50000 362.00000 19.02630     322.07539     4.40325      
334.50000 353.00000 18.78829     322.07539     2.70916      
335.50000 380.00000 19.49359     322.07539     8.82963      
336.50000 326.00000 18.05547     322.07539     0.04725      
337.50000 341.00000 18.46619     322.07539     1.05027      
338.50000 363.00000 19.05256     322.07539     4.61384      
339.50000 364.00000 19.07878     322.07539     4.82877      
390.50000 221.00000 14.86607     322.07539     46.22730     
391.50000 206.00000 14.35270     322.07539     65.40532     
392.50000 214.00000 14.62874     322.07539     54.58079     
393.50000 219.00000 14.79865     322.07539     48.51386     
394.50000 243.00000 15.58846     322.07539     25.73217     
395.50000 232.00000 15.23155     322.07539     34.97231     
396.50000 215.00000 14.66288     322.07539     53.32622     
397.50000 209.00000 14.45683     322.07539     61.17724     
398.50000 220.00000 14.83240     322.07539     47.36084     
399.50000 258.00000 16.06238     322.07539     15.91339     

Gradi di liberta = 38
Chi-quadro = 760.9845537055385
p-value = 0.23545824912777613

Media pesata = 322.0753861573616 +/- 2.837584299000479

