Test Chi Quadro_____________________________________________
x         y         sy           y*            Chi-quadro   
280.5     1750.0    41.833       1790.411      0.933        
281.5     1712.0    41.376       1779.450      2.657        
282.5     1829.0    42.767       1768.558      1.997        
283.5     1711.0    41.364       1757.732      1.276        
284.5     1650.0    40.620       1746.974      5.699        
285.5     1678.0    40.963       1736.282      2.024        
286.5     1773.0    42.107       1725.656      1.264        
287.5     1797.0    42.391       1715.096      3.733        
288.5     1770.0    42.071       1704.602      2.416        
289.5     1706.0    41.304       1694.172      0.082        
290.5     1706.0    41.304       1683.807      0.289        
291.5     1612.0    40.150       1673.506      2.347        
292.5     1653.0    40.657       1663.269      0.064        
293.5     1594.0    39.925       1653.095      2.191        
294.5     1664.0    40.792       1642.984      0.265        
295.5     1607.0    40.087       1632.935      0.419        
296.5     1560.0    39.497       1622.949      2.540        
297.5     1575.0    39.686       1613.024      0.918        
298.5     1648.0    40.596       1603.161      1.220        
299.5     1599.0    39.987       1593.359      0.020        
300.5     1563.0    39.535       1583.618      0.272        
301.5     1509.0    38.846       1573.937      2.794        
302.5     1593.0    39.912       1564.315      0.517        
303.5     1614.0    40.175       1554.753      2.175        
304.5     1540.0    39.243       1545.251      0.018        
305.5     1506.0    38.807       1535.807      0.590        
306.5     1468.0    38.314       1526.422      2.325        
307.5     1523.0    39.026       1517.094      0.023        
308.5     1428.0    37.789       1507.825      4.462        
309.5     1490.0    38.601       1498.613      0.050        
310.5     1568.0    39.598       1489.457      3.934        
311.5     1472.0    38.367       1480.359      0.047        
312.5     1417.0    37.643       1471.316      2.082        
313.5     1423.0    37.723       1462.330      1.087        
314.5     1430.0    37.815       1453.399      0.383        
315.5     1362.0    36.905       1444.524      5.000        
316.5     1366.0    36.959       1435.703      3.557        
317.5     1398.0    37.390       1426.937      0.599        
318.5     1395.0    37.350       1418.225      0.387        
319.5     1426.0    37.762       1409.567      0.189        
320.5     1420.0    37.683       1400.963      0.255        
321.5     1393.0    37.323       1392.412      0.000        
322.5     1359.0    36.865       1383.914      0.457        
323.5     1368.0    36.986       1375.468      0.041        
324.5     1302.0    36.083       1367.075      3.252        
325.5     1297.0    36.014       1358.733      2.938        
326.5     1205.0    34.713       1350.444      17.555       
327.5     1300.0    36.056       1342.205      1.370        
328.5     1253.0    35.398       1334.018      5.239        
329.5     1336.0    36.551       1325.881      0.077        
330.5     1303.0    36.097       1317.794      0.168        
331.5     1247.0    35.313       1309.758      3.158        
332.5     1251.0    35.369       1301.771      2.060        
333.5     1346.0    36.688       1293.833      2.022        
334.5     1250.0    35.355       1285.945      1.034        
335.5     1226.0    35.014       1278.106      2.215        
336.5     1280.0    35.777       1270.315      0.073        
337.5     1225.0    35.000       1262.572      1.152        
338.5     1246.0    35.299       1254.877      0.063        
339.5     1227.0    35.029       1247.230      0.334        
340.5     1207.0    34.742       1239.630      0.882        
341.5     1262.0    35.525       1232.077      0.710        
342.5     1265.0    35.567       1224.571      1.292        
343.5     1210.0    34.785       1217.111      0.042        
344.5     1180.0    34.351       1209.697      0.747        
345.5     1249.0    35.341       1202.330      1.744        
346.5     1287.0    35.875       1195.007      6.575        
347.5     1231.0    35.086       1187.731      1.521        
348.5     1295.0    35.986       1180.499      10.124       
349.5     1155.0    33.985       1173.312      0.290        
350.5     1252.0    35.384       1166.169      5.884        
351.5     1246.0    35.299       1159.071      6.065        
352.5     1166.0    34.147       1152.016      0.168        
353.5     1221.0    34.943       1145.005      4.730        
354.5     1216.0    34.871       1138.038      4.998        
355.5     1177.0    34.307       1131.113      1.789        
356.5     1212.0    34.814       1124.232      6.356        
357.5     1201.0    34.655       1117.393      5.820        
358.5     1181.0    34.366       1110.596      4.197        
359.5     1222.0    34.957       1103.841      11.425       
360.5     1223.0    34.971       1097.129      12.955       
361.5     1146.0    33.853       1090.457      2.692        
362.5     1180.0    34.351       1083.827      7.838        
363.5     1234.0    35.128       1077.238      19.914       
364.5     1189.0    34.482       1070.690      11.772       
365.5     1128.0    33.586       1064.182      3.611        
366.5     1138.0    33.734       1057.715      5.664        
367.5     1145.0    33.838       1051.288      7.670        
368.5     1149.0    33.897       1044.900      9.432        
369.5     1075.0    32.787       1038.552      1.236        
370.5     1120.0    33.466       1032.243      6.876        
371.5     1041.0    32.265       1025.973      0.217        
372.5     1055.0    32.481       1019.742      1.178        
373.5     1055.0    32.481       1013.550      1.629        
374.5     1043.0    32.296       1007.395      1.215        
375.5     995.0     31.544       1001.279      0.040        
376.5     1022.0    31.969       995.201       0.703        
377.5     1010.0    31.780       989.160       0.430        
378.5     1009.0    31.765       983.157       0.662        
379.5     970.0     31.145       977.191       0.053        
380.5     927.0     30.447       971.262       2.113        
381.5     941.0     30.676       965.369       0.631        
382.5     909.0     30.150       959.513       2.807        
383.5     875.0     29.580       953.693       7.077        
384.5     932.0     30.529       947.909       0.272        
385.5     927.0     30.447       942.161       0.248        
386.5     853.0     29.206       936.449       8.164        
387.5     865.0     29.411       930.772       5.001        
388.5     891.0     29.850       925.129       1.307        
389.5     836.0     28.914       919.522       8.344        
390.5     855.0     29.240       913.950       4.064        
391.5     832.0     28.844       908.412       7.018        
392.5     819.0     28.618       902.908       8.597        
393.5     811.0     28.478       897.439       9.213        
394.5     828.0     28.775       892.003       4.947        
395.5     802.0     28.320       886.601       8.924        
396.5     772.0     27.785       881.232       15.455       
397.5     784.0     28.000       875.896       10.772       
398.5     779.0     27.911       870.594       10.769       
399.5     760.0     27.568       865.324       14.596       
400.5     760.0     27.568       860.087       13.181       
401.5     759.0     27.550       854.882       12.113       
402.5     741.0     27.221       849.710       15.948       
403.5     739.0     27.185       844.569       15.081       
404.5     772.0     27.785       839.460       5.895        
405.5     822.0     28.671       834.383       0.187        
406.5     724.0     26.907       829.338       15.326       
407.5     741.0     27.221       824.323       9.369        
408.5     759.0     27.550       819.340       4.797        
409.5     714.0     26.721       814.387       14.114       
410.5     739.0     27.185       809.465       6.719        
411.5     751.0     27.404       804.574       3.822        
412.5     703.0     26.514       799.712       13.305       
413.5     678.0     26.038       794.881       20.149       
414.5     707.0     26.589       790.080       9.763        
415.5     697.0     26.401       785.308       11.188       
416.5     682.0     26.115       780.566       14.245       
417.5     670.0     25.884       775.854       16.724       
418.5     666.0     25.807       771.170       16.608       
419.5     663.0     25.749       766.515       16.162       
420.5     685.0     26.173       761.890       8.631        
421.5     684.0     26.153       757.292       7.853        
422.5     644.0     25.377       752.724       18.355       
423.5     692.0     26.306       748.183       4.561        
424.5     699.0     26.439       743.671       2.855        
425.5     708.0     26.608       739.186       1.374        
426.5     683.0     26.134       734.730       3.918        
427.5     668.0     25.846       730.300       5.810        
428.5     644.0     25.377       725.899       10.415       
429.5     631.0     25.120       721.524       12.987       
430.5     618.0     24.860       717.177       15.916       
431.5     667.0     25.826       712.856       3.153        
432.5     656.0     25.612       708.562       4.212        
433.5     675.0     25.981       704.295       1.271        
434.5     676.0     26.000       700.054       0.856        
435.5     647.0     25.436       695.840       3.687        
436.5     645.0     25.397       691.651       3.374        
437.5     631.0     25.120       687.489       5.057        
438.5     630.0     25.100       683.352       4.518        
439.5     644.0     25.377       679.240       1.928        
440.5     632.0     25.140       675.155       2.947        
441.5     644.0     25.377       671.094       1.140        
442.5     607.0     24.637       667.059       5.942        
443.5     587.0     24.228       663.048       9.852        
444.5     583.0     24.145       659.063       9.924        
445.5     606.0     24.617       655.102       3.978        
446.5     549.0     23.431       651.165       19.012       
447.5     654.0     25.573       647.253       0.070        
448.5     591.0     24.310       643.365       4.640        
449.5     576.0     24.000       639.501       7.001        
450.5     568.0     23.833       635.661       8.060        
451.5     589.0     24.269       631.845       3.117        
452.5     594.0     24.372       628.052       1.952        
453.5     542.0     23.281       624.283       12.492       
454.5     550.0     23.452       620.537       9.046        
455.5     582.0     24.125       616.815       2.083        
456.5     538.0     23.195       613.115       10.488       
457.5     509.0     22.561       609.439       19.819       
458.5     542.0     23.281       605.785       7.506        
459.5     509.0     22.561       602.153       17.048       
460.5     541.0     23.259       598.544       6.121        
461.5     493.0     22.204       594.958       21.086       
462.5     528.0     22.978       591.393       7.611        
463.5     501.0     22.383       587.851       15.056       
464.5     505.0     22.472       584.331       12.462       
465.5     496.0     22.271       580.832       14.509       
466.5     512.0     22.627       577.355       8.342        
467.5     504.0     22.450       573.900       9.694        
468.5     503.0     22.428       570.465       9.049        
469.5     453.0     21.284       567.053       28.715       
470.5     493.0     22.204       563.661       10.128       
471.5     461.0     21.471       560.290       21.385       
472.5     500.0     22.361       556.940       6.484        
473.5     491.0     22.159       553.611       7.984        
474.5     486.0     22.045       550.303       8.508        
475.5     497.0     22.293       547.014       5.033        
476.5     459.0     21.424       543.747       15.647       
477.5     492.0     22.181       540.499       4.781        
478.5     424.0     20.591       537.272       30.261       
479.5     464.0     21.541       534.064       10.580       
480.5     444.0     21.071       530.877       16.999       
481.5     458.0     21.401       527.709       10.610       
482.5     455.0     21.331       524.560       10.634       
483.5     421.0     20.518       521.432       23.958       
484.5     462.0     21.494       518.322       6.866        
485.5     444.0     21.071       515.232       11.428       
486.5     476.0     21.817       512.161       2.747        
487.5     450.0     21.213       509.109       7.764        
488.5     476.0     21.817       506.075       1.900        
489.5     434.0     20.833       503.061       10.989       
490.5     456.0     21.354       500.065       4.258        
491.5     481.0     21.932       497.088       0.538        
492.5     447.0     21.142       494.129       4.969        
493.5     456.0     21.354       491.188       2.715        
494.5     479.0     21.886       488.266       0.179        
495.5     462.0     21.494       485.362       1.181        
496.5     457.0     21.378       482.475       1.420        
497.5     465.0     21.564       479.607       0.459        
498.5     426.0     20.640       476.756       6.047        
499.5     464.0     21.541       473.923       0.212        

Gradi di liberta = 217
Chi-quadro = 1298.6331343031268
p-value = 2.079849296040612e-153

