Test Chi Quadro_____________________________________________
x         y         sy           y*            Chi-quadro   
280.5     351.0     18.735       339.338       0.387        
281.5     326.0     18.055       337.256       0.389        
282.5     341.0     18.466       335.187       0.099        
283.5     333.0     18.248       333.131       0.000        
284.5     341.0     18.466       331.087       0.288        
285.5     320.0     17.889       329.057       0.256        
286.5     313.0     17.692       327.038       0.630        
287.5     330.0     18.166       325.033       0.075        
288.5     343.0     18.520       323.039       1.162        
289.5     324.0     18.000       321.059       0.027        
290.5     345.0     18.574       319.090       1.946        
291.5     298.0     17.263       317.133       1.228        
292.5     311.0     17.635       315.189       0.056        
293.5     299.0     17.292       313.257       0.680        
294.5     309.0     17.578       311.337       0.018        
295.5     337.0     18.358       309.428       2.256        
296.5     337.0     18.358       307.532       2.577        
297.5     325.0     18.028       305.647       1.152        
298.5     310.0     17.607       303.774       0.125        
299.5     276.0     16.613       301.912       2.433        
300.5     287.0     16.941       300.062       0.594        
301.5     319.0     17.861       298.224       1.353        
302.5     296.0     17.205       296.396       0.001        
303.5     280.0     16.733       294.581       0.759        
304.5     303.0     17.407       292.776       0.345        
305.5     303.0     17.407       290.983       0.477        
306.5     280.0     16.733       289.200       0.302        
307.5     264.0     16.248       287.429       2.079        
308.5     276.0     16.613       285.669       0.339        
309.5     277.0     16.643       283.919       0.173        
310.5     273.0     16.523       282.181       0.309        
311.5     281.0     16.763       280.453       0.001        
312.5     257.0     16.031       278.736       1.838        
313.5     280.0     16.733       277.029       0.032        
314.5     273.0     16.523       275.334       0.020        
315.5     261.0     16.155       273.648       0.613        
316.5     292.0     17.088       271.973       1.374        
317.5     285.0     16.882       270.309       0.757        
318.5     281.0     16.763       268.654       0.542        
319.5     254.0     15.937       267.010       0.666        
320.5     248.0     15.748       265.377       1.218        
321.5     276.0     16.613       263.753       0.543        
322.5     261.0     16.155       262.139       0.005        
323.5     234.0     15.297       260.536       3.009        
324.5     224.0     14.967       258.942       5.451        
325.5     265.0     16.279       257.358       0.220        
326.5     261.0     16.155       255.784       0.104        
327.5     264.0     16.248       254.220       0.362        
328.5     260.0     16.125       252.665       0.207        
329.5     249.0     15.780       251.120       0.018        
330.5     216.0     14.697       249.585       5.222        
331.5     270.0     16.432       248.059       1.783        
332.5     257.0     16.031       246.543       0.426        
333.5     246.0     15.684       245.036       0.004        
334.5     252.0     15.875       243.538       0.284        
335.5     251.0     15.843       242.050       0.319        
336.5     213.0     14.595       240.570       3.569        
337.5     219.0     14.799       239.100       1.845        
338.5     226.0     15.033       237.640       0.599        
339.5     242.0     15.556       236.188       0.140        
340.5     248.0     15.748       234.745       0.708        
341.5     221.0     14.866       233.311       0.686        
342.5     223.0     14.933       231.886       0.354        
343.5     216.0     14.697       230.470       0.969        
344.5     232.0     15.232       229.062       0.037        
345.5     214.0     14.629       227.663       0.872        
346.5     202.0     14.213       226.273       2.917        
347.5     219.0     14.799       224.892       0.159        
348.5     240.0     15.492       223.519       1.132        
349.5     232.0     15.232       222.155       0.418        
350.5     231.0     15.199       220.799       0.451        
351.5     208.0     14.422       219.451       0.630        
352.5     245.0     15.652       218.112       2.951        
353.5     222.0     14.900       216.781       0.123        
354.5     217.0     14.731       215.458       0.011        
355.5     237.0     15.395       214.144       2.204        
356.5     232.0     15.232       212.838       1.583        
357.5     226.0     15.033       211.540       0.925        
358.5     204.0     14.283       210.249       0.191        
359.5     221.0     14.866       208.967       0.655        
360.5     221.0     14.866       207.693       0.801        
361.5     220.0     14.832       206.427       0.837        
362.5     226.0     15.033       205.168       1.920        
363.5     200.0     14.142       203.917       0.077        
364.5     230.0     15.166       202.674       3.246        
365.5     218.0     14.765       201.439       1.258        
366.5     189.0     13.748       200.212       0.665        
367.5     219.0     14.799       198.992       1.828        
368.5     183.0     13.528       197.779       1.194        
369.5     215.0     14.663       196.574       1.579        
370.5     187.0     13.675       195.377       0.375        
371.5     217.0     14.731       194.187       2.398        
372.5     200.0     14.142       193.004       0.245        
373.5     153.0     12.369       191.829       9.854        
374.5     171.0     13.077       190.661       2.260        
375.5     182.0     13.491       189.500       0.309        
376.5     180.0     13.416       188.346       0.387        
377.5     190.0     13.784       187.200       0.041        
378.5     209.0     14.457       186.060       2.518        
379.5     180.0     13.416       184.928       0.135        
380.5     158.0     12.570       183.803       4.214        
381.5     171.0     13.077       182.684       0.798        
382.5     183.0     13.528       181.573       0.011        
383.5     155.0     12.450       180.468       4.185        
384.5     180.0     13.416       179.371       0.002        
385.5     153.0     12.369       178.280       4.177        
386.5     166.0     12.884       177.195       0.755        
387.5     155.0     12.450       176.118       2.877        
388.5     166.0     12.884       175.047       0.493        
389.5     168.0     12.961       173.983       0.213        
390.5     149.0     12.207       172.926       3.842        
391.5     153.0     12.369       171.875       2.328        
392.5     140.0     11.832       170.830       6.789        
393.5     149.0     12.207       169.792       2.901        
394.5     156.0     12.490       168.761       1.044        
395.5     151.0     12.288       167.736       1.855        
396.5     146.0     12.083       166.717       2.940        
397.5     152.0     12.329       165.704       1.236        
398.5     147.0     12.124       164.698       2.131        
399.5     172.0     13.115       163.698       0.401        
400.5     131.0     11.446       162.704       7.673        
401.5     152.0     12.329       161.717       0.621        
402.5     123.0     11.091       160.735       11.577       
403.5     146.0     12.083       159.760       1.297        
404.5     132.0     11.489       158.790       5.437        
405.5     127.0     11.269       157.827       7.483        
406.5     129.0     11.358       156.869       6.021        
407.5     136.0     11.662       155.918       2.917        
408.5     119.0     10.909       154.972       10.874       
409.5     137.0     11.705       154.032       2.118        
410.5     107.0     10.344       153.099       19.860       
411.5     141.0     11.874       152.170       0.885        
412.5     137.0     11.705       151.248       1.482        
413.5     126.0     11.225       150.331       4.699        
414.5     132.0     11.489       149.420       2.299        
415.5     127.0     11.269       148.515       3.645        
416.5     122.0     11.045       147.615       5.378        
417.5     117.0     10.817       146.721       7.550        
418.5     126.0     11.225       145.832       3.122        
419.5     144.0     12.000       144.949       0.006        
420.5     145.0     12.042       144.072       0.006        
421.5     136.0     11.662       143.199       0.381        
422.5     104.0     10.198       142.333       14.129       
423.5     118.0     10.863       141.471       4.669        
424.5     130.0     11.402       140.615       0.867        
425.5     98.0      9.899        139.764       17.798       
426.5     135.0     11.619       138.919       0.114        
427.5     122.0     11.045       138.078       2.119        
428.5     117.0     10.817       137.243       3.502        
429.5     126.0     11.225       136.413       0.861        
430.5     107.0     10.344       135.589       7.638        
431.5     123.0     11.091       134.769       1.126        
432.5     120.0     10.954       133.954       1.623        
433.5     116.0     10.770       133.145       2.534        
434.5     131.0     11.446       132.340       0.014        
435.5     96.0      9.798        131.541       13.158       
436.5     119.0     10.909       130.746       1.159        
437.5     115.0     10.724       129.956       1.945        
438.5     121.0     11.000       129.172       0.552        
439.5     102.0     10.100       128.392       6.829        
440.5     114.0     10.677       127.617       1.626        
441.5     107.0     10.344       126.846       3.681        
442.5     102.0     10.100       126.081       5.685        
443.5     110.0     10.488       125.320       2.134        
444.5     115.0     10.724       124.564       0.795        
445.5     114.0     10.677       123.813       0.845        
446.5     123.0     11.091       123.066       0.000        
447.5     126.0     11.225       122.324       0.107        
448.5     84.0      9.165        121.586       16.818       
449.5     106.0     10.296       120.853       2.081        
450.5     94.0      9.695        120.125       7.261        
451.5     102.0     10.100       119.401       2.969        
452.5     99.0      9.950        118.682       3.913        
453.5     108.0     10.392       117.967       0.920        
454.5     88.0      9.381        117.256       9.726        
455.5     126.0     11.225       116.550       0.709        
456.5     99.0      9.950        115.848       2.867        
457.5     95.0      9.747        115.151       4.274        
458.5     88.0      9.381        114.458       7.955        
459.5     98.0      9.899        113.769       2.537        
460.5     102.0     10.100       113.085       1.205        
461.5     105.0     10.247       112.404       0.522        
462.5     99.0      9.950        111.728       1.636        
463.5     99.0      9.950        111.056       1.468        
464.5     85.0      9.220        110.389       7.583        
465.5     91.0      9.539        109.725       3.853        
466.5     101.0     10.050       109.066       0.644        
467.5     93.0      9.644        108.410       2.554        
468.5     92.0      9.592        107.759       2.699        
469.5     83.0      9.110        107.112       7.005        
470.5     78.0      8.832        106.468       10.390       
471.5     84.0      9.165        105.829       5.673        
472.5     95.0      9.747        105.194       1.094        
473.5     86.0      9.274        104.562       4.007        
474.5     79.0      8.888        103.935       7.870        
475.5     72.0      8.485        103.311       13.617       
476.5     92.0      9.592        102.692       1.243        
477.5     84.0      9.165        102.076       3.890        
478.5     104.0     10.198       101.464       0.062        
479.5     91.0      9.539        100.855       1.067        
480.5     106.0     10.296       100.251       0.312        
481.5     86.0      9.274        99.650        2.167        
482.5     87.0      9.327        99.053        1.670        
483.5     101.0     10.050       98.460        0.064        
484.5     94.0      9.695        97.870        0.159        
485.5     80.0      8.944        97.284        3.734        
486.5     81.0      9.000        96.702        3.044        
487.5     92.0      9.592        96.123        0.185        
488.5     81.0      9.000        95.548        2.613        
489.5     81.0      9.000        94.976        2.412        
490.5     78.0      8.832        94.408        3.452        
491.5     88.0      9.381        93.843        0.388        
492.5     99.0      9.950        93.282        0.330        
493.5     91.0      9.539        92.725        0.033        
494.5     70.0      8.367        92.171        7.022        
495.5     87.0      9.327        91.620        0.245        
496.5     87.0      9.327        91.073        0.191        
497.5     93.0      9.644        90.529        0.066        
498.5     88.0      9.381        89.988        0.045        
499.5     86.0      9.274        89.451        0.138        

Gradi di liberta = 217
Chi-quadro = 516.0011581501427
p-value = 2.1290332646889548e-26

