Test Chi Quadro_____________________________________________
x         y         sy           y*            Chi-quadro   
280.5     2476.0    31.293       2543.243      4.617        
281.5     2471.0    31.310       2528.121      3.328        
282.5     2542.0    31.055       2513.090      0.867        
283.5     2576.0    30.918       2498.149      6.340        
284.5     2512.0    31.168       2483.298      0.848        
285.5     2500.0    31.211       2468.537      1.016        
286.5     2452.0    31.371       2453.864      0.004        
287.5     2424.0    31.456       2439.279      0.236        
288.5     2398.0    31.529       2424.781      0.722        
289.5     2426.0    31.450       2410.371      0.247        
290.5     2418.0    31.473       2396.048      0.486        
291.5     2333.0    31.689       2381.810      2.373        
292.5     2320.0    31.717       2367.658      2.258        
293.5     2372.0    31.597       2353.591      0.339        
294.5     2336.0    31.682       2339.609      0.013        
295.5     2303.0    31.751       2325.710      0.512        
296.5     2339.0    31.675       2311.895      0.732        
297.5     2244.0    31.853       2298.163      2.891        
298.5     2286.0    31.783       2284.514      0.002        
299.5     2202.0    31.909       2270.946      4.669        
300.5     2282.0    31.790       2257.460      0.596        
301.5     2166.0    31.947       2244.055      5.970        
302.5     2214.0    31.895       2230.731      0.275        
303.5     2173.0    31.940       2217.486      1.940        
304.5     2170.0    31.943       2204.321      1.154        
305.5     2162.0    31.950       2191.236      0.837        
306.5     2152.0    31.959       2178.228      0.674        
307.5     2133.0    31.972       2165.299      1.021        
308.5     2125.0    31.977       2152.448      0.737        
309.5     2120.0    31.980       2139.674      0.378        
310.5     2090.0    31.993       2126.977      1.336        
311.5     2118.0    31.981       2114.356      0.013        
312.5     2112.0    31.984       2101.810      0.101        
313.5     2002.0    31.992       2089.340      7.453        
314.5     2059.0    32.000       2076.945      0.314        
315.5     1939.0    31.955       2064.625      15.455       
316.5     1933.0    31.950       2052.378      13.961       
317.5     1943.0    31.958       2040.205      9.252        
318.5     1970.0    31.977       2028.106      3.302        
319.5     1992.0    31.988       2016.078      0.567        
320.5     2023.0    31.998       2004.124      0.348        
321.5     1983.0    31.984       1992.241      0.083        
322.5     1869.0    31.878       1980.429      12.219       
323.5     1916.0    31.933       1968.688      2.722        
324.5     1894.0    31.909       1957.018      3.900        
325.5     1907.0    31.924       1945.418      1.448        
326.5     1960.0    31.970       1933.888      0.667        
327.5     1873.0    31.883       1922.426      2.403        
328.5     1829.0    31.817       1911.034      6.648        
329.5     1870.0    31.879       1899.710      0.869        
330.5     1798.0    31.761       1888.455      8.111        
331.5     1822.0    31.805       1877.266      3.020        
332.5     1847.0    31.846       1866.145      0.361        
333.5     1770.0    31.704       1855.091      7.204        
334.5     1778.0    31.721       1844.104      4.343        
335.5     1864.0    31.871       1833.182      0.935        
336.5     1755.0    31.671       1822.326      4.519        
337.5     1771.0    31.706       1811.535      1.634        
338.5     1816.0    31.794       1800.809      0.228        
339.5     1662.0    31.426       1790.147      16.627       
340.5     1743.0    31.643       1779.550      1.334        
341.5     1721.0    31.589       1769.016      2.310        
342.5     1725.0    31.600       1758.545      1.127        
343.5     1698.0    31.529       1748.137      2.529        
344.5     1750.0    31.659       1737.792      0.149        
345.5     1689.0    31.505       1727.509      1.494        
346.5     1697.0    31.527       1717.288      0.414        
347.5     1670.0    31.450       1707.128      1.394        
348.5     1655.0    31.405       1697.029      1.791        
349.5     1681.0    31.482       1686.991      0.036        
350.5     1608.0    31.253       1677.013      4.876        <--
351.5     1729.0    31.609       1667.095      3.835        
352.5     1557.0    31.067       1657.237      10.410       
353.5     1719.0    31.584       1647.438      5.134        
354.5     1706.0    31.551       1637.698      4.687        
355.5     1691.0    31.510       1628.016      3.995        
356.5     1645.0    31.374       1618.392      0.719        
357.5     1721.0    31.589       1608.826      12.609       
358.5     1621.0    31.297       1599.318      0.480        
359.5     1691.0    31.510       1589.867      10.301       
360.5     1684.0    31.491       1580.473      10.808       
361.5     1672.0    31.456       1571.135      10.282       
362.5     1613.0    31.270       1561.853      2.675        
363.5     1686.0    31.496       1552.627      17.932       
364.5     1679.0    31.476       1543.456      18.544       
365.5     1645.0    31.374       1534.341      12.440       
366.5     1621.0    31.297       1525.280      9.354        
367.5     1639.0    31.355       1516.273      15.320       
368.5     1638.0    31.352       1507.321      17.373       
369.5     1569.0    31.112       1498.423      5.146        
370.5     1669.0    31.447       1489.578      32.553       <--
371.5     1666.0    31.438       1480.786      34.708       
372.5     1624.0    31.307       1472.047      23.558       
373.5     1585.0    31.172       1463.360      15.228       
374.5     1621.0    31.297       1454.726      28.226       
375.5     1538.0    30.992       1446.143      8.785        
376.5     1562.0    31.086       1437.612      16.011       
377.5     1508.0    30.868       1429.133      6.528        
378.5     1567.0    31.105       1420.704      22.121       
379.5     1583.0    31.164       1412.326      29.993       
380.5     1530.0    30.960       1403.998      16.564       
381.5     1534.0    30.976       1395.720      19.928       
382.5     1486.0    30.772       1387.492      10.248       
383.5     1461.0    30.657       1379.313      7.100        
384.5     1518.0    30.910       1371.184      22.561       
385.5     1426.0    30.488       1363.103      4.256        
386.5     1381.0    30.255       1355.071      0.734        
387.5     1370.0    30.196       1347.087      0.576        
388.5     1353.0    30.101       1339.152      0.212        
389.5     1373.0    30.212       1331.263      1.908        
390.5     1338.0    30.015       1323.423      0.236        
391.5     1337.0    30.010       1315.629      0.507        
392.5     1376.0    30.228       1307.882      5.078        
393.5     1263.0    29.556       1300.182      1.583        
394.5     1292.0    29.740       1292.528      0.000        
395.5     1270.0    29.601       1284.919      0.254        
396.5     1195.0    29.092       1277.357      8.014        
397.5     1194.0    29.085       1269.840      6.799        
398.5     1211.0    29.206       1262.368      3.094        
399.5     1137.0    28.660       1254.941      16.935       
400.5     1134.0    28.636       1247.559      15.726       
401.5     1131.0    28.613       1240.221      14.571       
402.5     1202.0    29.142       1232.927      1.126        
403.5     1064.0    28.064       1225.677      33.188       
404.5     1096.0    28.333       1218.471      18.685       
405.5     1101.0    28.373       1211.308      15.114       
406.5     1119.0    28.518       1204.187      8.923        
407.5     1084.0    28.233       1197.110      16.050       
408.5     1087.0    28.258       1190.075      13.305       
409.5     1053.0    27.970       1183.083      21.631       
410.5     1064.0    28.064       1176.132      15.964       
411.5     1061.0    28.039       1169.223      14.898       
412.5     1055.0    27.987       1162.356      14.714       
413.5     1065.0    28.073       1155.530      10.399       
414.5     1033.0    27.794       1148.745      17.343       
415.5     1017.0    27.649       1142.000      20.439       
416.5     961.0     27.121       1135.297      41.303       
417.5     959.0     27.101       1128.633      39.178       
418.5     955.0     27.062       1122.009      38.086       
419.5     993.0     27.427       1115.426      19.924       
420.5     989.0     27.390       1108.882      19.157       
421.5     970.0     27.208       1102.377      23.671       
422.5     981.0     27.314       1095.911      17.699       
423.5     950.0     27.012       1089.484      26.664       
424.5     908.0     26.584       1083.096      43.382       
425.5     962.0     27.130       1076.746      17.888       
426.5     938.0     26.892       1070.434      24.252       
427.5     931.0     26.821       1064.160      24.648       
428.5     875.0     26.231       1057.924      48.630       
429.5     891.0     26.404       1051.725      37.053       
430.5     885.0     26.340       1045.564      37.160       
431.5     948.0     26.992       1039.440      11.476       
432.5     908.0     26.584       1033.352      22.234       
433.5     912.0     26.626       1027.301      18.752       
434.5     906.0     26.563       1021.286      18.836       
435.5     888.0     26.372       1015.307      23.303       
436.5     960.0     27.111       1009.365      3.315        
437.5     868.0     26.155       1003.458      26.823       
438.5     884.0     26.329       997.586       18.612       
439.5     870.0     26.177       991.750       21.633       
440.5     832.0     25.749       985.949       35.747       
441.5     840.0     25.841       980.183       29.430       
442.5     797.0     25.336       974.451       49.054       
443.5     842.0     25.863       968.754       24.019       
444.5     865.0     26.121       963.091       14.101       
445.5     850.0     25.954       957.462       17.144       
446.5     812.0     25.515       951.867       30.049       
447.5     851.0     25.965       946.305       13.472       
448.5     854.0     25.999       940.777       11.140       
449.5     799.0     25.360       935.282       28.878       
450.5     871.0     26.187       929.820       5.045        
451.5     877.0     26.253       924.391       3.259        
452.5     851.0     25.965       918.994       6.857        
453.5     871.0     26.187       913.630       2.650        
454.5     829.0     25.714       908.298       9.510        
455.5     854.0     25.999       902.999       3.552        
456.5     821.0     25.621       897.731       8.969        
457.5     818.0     25.586       892.494       8.477        
458.5     820.0     25.609       887.289       6.904        
459.5     799.0     25.360       882.116       10.741       
460.5     779.0     25.117       876.973       15.216       
461.5     830.0     25.726       871.862       2.648        
462.5     806.0     25.444       866.781       5.706        
463.5     752.0     24.778       861.730       19.612       
464.5     803.0     25.408       856.710       4.469        
465.5     808.0     25.468       851.720       2.947        
466.5     766.0     24.955       846.760       10.473       
467.5     748.0     24.727       841.830       14.400       
468.5     721.0     24.374       836.930       22.623       
469.5     731.0     24.506       832.059       17.006       
470.5     711.0     24.240       827.217       22.986       
471.5     711.0     24.240       822.404       21.122       
472.5     723.0     24.400       817.620       15.037       
473.5     752.0     24.778       812.865       6.034        
474.5     678.0     23.786       808.139       29.935       
475.5     701.0     24.105       803.441       18.061       
476.5     694.0     24.009       798.771       19.044       
477.5     695.0     24.022       794.129       17.028       
478.5     676.0     23.758       789.515       22.829       
479.5     671.0     23.687       784.929       23.134       
480.5     700.0     24.091       780.370       11.130       
481.5     695.0     24.022       775.839       11.324       
482.5     665.0     23.602       771.335       20.299       
483.5     649.0     23.370       766.858       25.433       
484.5     647.0     23.341       762.408       24.447       
485.5     621.0     22.953       757.984       35.617       
486.5     629.0     23.074       753.588       29.154       
487.5     675.0     23.744       749.217       9.770        
488.5     647.0     23.341       744.873       17.583       
489.5     605.0     22.708       740.555       35.636       
490.5     622.0     22.968       736.263       24.749       
491.5     653.0     23.429       731.997       11.369       
492.5     645.0     23.312       727.756       12.602       
493.5     616.0     22.877       723.541       22.098       
494.5     620.0     22.938       719.351       18.760       
495.5     659.0     23.515       715.186       5.709        
496.5     620.0     22.938       711.047       15.755       
497.5     633.0     23.134       706.932       10.213       
498.5     586.0     22.409       702.842       27.186       
499.5     579.0     22.297       698.776       28.857       

Gradi di liberta = 217
Chi-quadro = 2612.6822240996776
p-value = 0.0

