
AMBRA
Test residui lineare_____________________________________________
Indice       x            y            y*           Residuo      
1            237.30000    406.80000    404.80276    1.99724      
2            230.80000    427.30000    425.23185    2.06815      
3            245.30000    386.80000    383.46895    3.33105      
4            267.30000    342.30000    339.75481    2.54519      
5            249.30000    377.30000    374.08595    3.21405      
6            362.80000    254.30000    254.57767    0.27767      
7            410.30000    236.30000    235.45074    0.84926      
8            381.30000    245.80000    246.19584    0.39584      
9            411.30000    234.80000    235.12270    0.32270      
10           385.30000    244.30000    244.55656    0.25656      
11           349.30000    260.80000    261.67425    0.87425      
12           414.30000    234.30000    234.15343    0.14657      
13           379.30000    246.30000    247.03689    0.73689      
14           352.80000    258.80000    259.74385    0.94385      
Somma residui = 17.959265526272475

Test residui retta_____________________________________________
Indice       x            y            y*           Residuo      
1            237.30000    406.80000    405.67828    1.12172      
2            230.80000    427.30000    426.19808    1.10192      
3            245.30000    386.80000    384.25454    2.54546      
4            267.30000    342.30000    340.37135    1.92865      
5            249.30000    377.30000    374.83352    2.46648      
6            362.80000    254.30000    254.92367    0.62367      
7            410.30000    236.30000    235.74667    0.55333      
8            381.30000    245.80000    246.51942    0.71942      
9            411.30000    234.80000    235.41780    0.61780      
10           385.30000    244.30000    244.87584    0.57584      
11           349.30000    260.80000    262.03982    1.23982      
12           414.30000    234.30000    234.44611    0.14611      
13           379.30000    246.30000    247.36268    1.06268      
14           352.80000    258.80000    260.10404    1.30404      
Somma residui = 16.00693042304843

Test residui minimi_quadrati_____________________________________________
Indice       x            y            y*           Residuo      
1            237.30000    406.80000    406.74366    0.05634      
2            230.80000    427.30000    427.37412    0.07412      
3            245.30000    386.80000    385.21023    1.58977      
4            267.30000    342.30000    341.12100    1.17900      
5            249.30000    377.30000    375.74287    1.55713      
6            362.80000    254.30000    255.34394    1.04394      
7            410.30000    236.30000    236.10605    0.19395      
8            381.30000    245.80000    246.91242    1.11242      
9            411.30000    234.80000    235.77618    0.97618      
10           385.30000    244.30000    245.26361    0.96361      
11           349.30000    260.80000    262.48391    1.68391      
12           414.30000    234.30000    234.80153    0.50153      
13           379.30000    246.30000    247.75838    1.45838      
14           352.80000    258.80000    260.54159    1.74159      
Somma residui = 14.131865767153585

Test residui campione_____________________________________________
Indice       x            y            y*           Residuo      
1            237.30000    406.80000    405.37709    1.42291      
2            230.80000    427.30000    425.86566    1.43434      
3            245.30000    386.80000    383.98430    2.81570      
4            267.30000    342.30000    340.15930    2.14070      
5            249.30000    377.30000    374.57637    2.72363      
6            362.80000    254.30000    254.80470    0.50470      
7            410.30000    236.30000    235.64493    0.65507      
8            381.30000    245.80000    246.40816    0.60816      
9            411.30000    234.80000    235.31634    0.51634      
10           385.30000    244.30000    244.76606    0.46606      
11           349.30000    260.80000    261.91412    1.11412      
12           414.30000    234.30000    234.34548    0.04548      
13           379.30000    246.30000    247.25067    0.95067      
14           352.80000    258.80000    259.98019    1.18019      
Somma residui = 16.578083472273278



BLU
Test residui lineare_____________________________________________
Indice       x            y            y*           Residuo      
1            363.30000    248.80000    250.93438    2.13438      
2            409.30000    231.30000    232.85836    1.55836      
3            371.80000    247.80000    247.03352    0.76648      
4            348.80000    255.80000    258.35259    2.55259      
5            349.30000    254.80000    258.07896    3.27896      
6            371.80000    247.30000    247.03352    0.26648      
7            411.30000    230.80000    232.21595    1.41595      
8            379.80000    242.30000    243.62393    1.32393      
9            318.80000    274.30000    277.70921    3.40921      
10           395.80000    235.30000    237.46634    2.16634      
11           383.30000    240.80000    242.20528    1.40528      
12           362.30000    249.80000    251.41369    1.61369      
13           388.30000    238.80000    240.25043    1.45043      
14           346.30000    256.80000    259.74147    2.94147      
15           376.30000    243.80000    245.08617    1.28617      
Somma residui = 27.56971021638634

Test residui retta_____________________________________________
Indice       x            y            y*           Residuo      
1            363.30000    248.80000    249.23948    0.43948      
2            409.30000    231.30000    231.39815    0.09815      
3            371.80000    247.80000    245.39074    2.40926      
4            348.80000    255.80000    256.55636    0.75636      
5            349.30000    254.80000    256.28652    1.48652      
6            371.80000    247.30000    245.39074    1.90926      
7            411.30000    230.80000    230.76375    0.03625      
8            379.80000    242.30000    242.02604    0.27396      
9            318.80000    274.30000    275.63482    1.33482      
10           395.80000    235.30000    235.94795    0.64795      
11           383.30000    240.80000    240.62588    0.17412      
12           362.30000    249.80000    249.71233    0.08767      
13           388.30000    238.80000    238.69635    0.10365      
14           346.30000    256.80000    257.92594    1.12594      
15           376.30000    243.80000    243.46910    0.33090      
Somma residui = 11.21429006210866

Test residui minimi_quadrati_____________________________________________
Indice       x            y            y*           Residuo      
1            363.30000    248.80000    249.15849    0.35849      
2            409.30000    231.30000    231.32833    0.02833      
3            371.80000    247.80000    245.31223    2.48777      
4            348.80000    255.80000    256.47054    0.67054      
5            349.30000    254.80000    256.20088    1.40088      
6            371.80000    247.30000    245.31223    1.98777      
7            411.30000    230.80000    230.69432    0.10568      
8            379.80000    242.30000    241.94967    0.35033      
9            318.80000    274.30000    275.53577    1.23577      
10           395.80000    235.30000    235.87536    0.57536      
11           383.30000    240.80000    240.55038    0.24962      
12           362.30000    249.80000    249.63103    0.16897      
13           388.30000    238.80000    238.62206    0.17794      
14           346.30000    256.80000    257.83921    1.03921      
15           376.30000    243.80000    243.39182    0.40818      
Somma residui = 11.244848061639914

Test residui campione_____________________________________________
Indice       x            y            y*           Residuo      
1            363.30000    248.80000    249.23661    0.43661      
2            409.30000    231.30000    231.39567    0.09567      
3            371.80000    247.80000    245.38795    2.41205      
4            348.80000    255.80000    256.55332    0.75332      
5            349.30000    254.80000    256.28349    1.48349      
6            371.80000    247.30000    245.38795    1.91205      
7            411.30000    230.80000    230.76129    0.03871      
8            379.80000    242.30000    242.02333    0.27667      
9            318.80000    274.30000    275.63131    1.33131      
10           395.80000    235.30000    235.94537    0.64537      
11           383.30000    240.80000    240.62320    0.17680      
12           362.30000    249.80000    249.70945    0.09055      
13           388.30000    238.80000    238.69371    0.10629      
14           346.30000    256.80000    257.92287    1.12287      
15           376.30000    243.80000    243.46636    0.33364      
Somma residui = 11.215372710912362



ROSSO
Test residui lineare_____________________________________________
Indice       x            y            y*           Residuo      
1            296.30000    306.80000    306.59418    0.20582      
2            369.30000    254.80000    254.53241    0.26759      
3            320.30000    284.80000    284.53345    0.26655      
4            357.30000    261.30000    260.56393    0.73607      
5            378.30000    250.80000    250.42612    0.37388      
6            330.30000    277.30000    277.08141    0.21859      
7            322.80000    282.30000    282.58926    0.28926      
8            360.30000    259.30000    258.99131    0.30869      
9            369.30000    254.80000    254.53241    0.26759      
10           344.30000    268.30000    267.94174    0.35826      
11           291.80000    312.30000    311.56593    0.73407      
12           303.80000    299.30000    298.95732    0.34268      
13           327.30000    279.80000    279.22842    0.57158      
14           302.80000    299.80000    299.93206    0.13206      
15           304.80000    297.80000    297.99523    0.19523      
Somma residui = 5.267918735794467

Test residui retta_____________________________________________
Indice       x            y            y*           Residuo      
1            296.30000    306.80000    306.94266    0.14266      
2            369.30000    254.80000    254.77255    0.02745      
3            320.30000    284.80000    284.83356    0.03356      
4            357.30000    261.30000    260.81558    0.48442      
5            378.30000    250.80000    250.65857    0.14143      
6            330.30000    277.30000    277.36600    0.06600      
7            322.80000    282.30000    282.88528    0.58528      
8            360.30000    259.30000    259.23994    0.06006      
9            369.30000    254.80000    254.77255    0.02745      
10           344.30000    268.30000    268.20786    0.09214      
11           291.80000    312.30000    311.92582    0.37418      
12           303.80000    299.30000    299.28865    0.01135      
13           327.30000    279.80000    279.51744    0.28256      
14           302.80000    299.80000    300.26555    0.46555      
15           304.80000    297.80000    298.32443    0.52443      
Somma residui = 3.3185394928035237

Test residui minimi_quadrati_____________________________________________
Indice       x            y            y*           Residuo      
1            296.30000    306.80000    306.90147    0.10147      
2            369.30000    254.80000    254.74416    0.05584      
3            320.30000    284.80000    284.79809    0.00191      
4            357.30000    261.30000    260.78584    0.51416      
5            378.30000    250.80000    250.63110    0.16890      
6            330.30000    277.30000    277.33236    0.03236      
7            322.80000    282.30000    282.85029    0.55029      
8            360.30000    259.30000    259.21055    0.08945      
9            369.30000    254.80000    254.74416    0.05584      
10           344.30000    268.30000    268.17641    0.12359      
11           291.80000    312.30000    311.88327    0.41673      
12           303.80000    299.30000    299.24948    0.05052      
13           327.30000    279.80000    279.48327    0.31673      
14           302.80000    299.80000    300.22613    0.42613      
15           304.80000    297.80000    298.28551    0.48551      
Somma residui = 3.3894311873670233

Test residui campione_____________________________________________
Indice       x            y            y*           Residuo      
1            296.30000    306.80000    306.93512    0.13512      
2            369.30000    254.80000    254.76735    0.03265      
3            320.30000    284.80000    284.82706    0.02706      
4            357.30000    261.30000    260.81014    0.48986      
5            378.30000    250.80000    250.65354    0.14646      
6            330.30000    277.30000    277.35984    0.05984      
7            322.80000    282.30000    282.87887    0.57887      
8            360.30000    259.30000    259.23455    0.06545      
9            369.30000    254.80000    254.76735    0.03265      
10           344.30000    268.30000    268.20210    0.09790      
11           291.80000    312.30000    311.91802    0.38198      
12           303.80000    299.30000    299.28147    0.01853      
13           327.30000    279.80000    279.51118    0.28882      
14           302.80000    299.80000    300.25833    0.45833      
15           304.80000    297.80000    298.31730    0.51730      
Somma residui = 3.3308236657145187


